JS_ID,Job_ID
36965,84844
36965,40696
36965,1064
36965,2885
36965,39885
36965,12999
36965,69909
36965,84230
36965,99322
36965,53643
36965,37605
36965,96311
36965,37711
36965,29759
36965,2126
36965,14210
36965,98122
36965,59121
36965,20082
36965,87030
36965,79650
36965,81332
36965,43092
36965,95607
36965,7612
36965,64416
36965,10428
36965,64451
36965,51625
36965,70392
36965,82241
36965,46159
36965,53548
36965,39079
36965,78355
36965,10520
36965,10564
36965,64417
36965,49983
36965,10563
36965,5957
36965,38932
36965,1795
36965,35573
36965,6510
36965,58914
36965,88384
36965,62725
36965,87765
36965,82315
36965,24848
36965,9150
36965,65538
36965,39080
36965,62704
36965,58143
36965,44043
36965,89624
36965,94556
36965,97872
36965,83365
36965,50055
36965,44582
36965,97893
36965,82739
36965,13914
36965,62707
36965,63866
36965,27671
36965,13148
36965,90375
36965,67649
36965,16081
36965,29884
36965,89332
36965,97386
36965,34053
36965,63951
36965,80996
36965,68964
36965,20562
36965,66326
36965,74853
36965,13875
36965,41019
36965,46061
36965,65271
36965,6346
36965,27254
36965,30860
36965,86289
36965,19897
36965,96678
36965,27522
36965,74600
36965,78229
36965,13285
36965,91223
36965,22799
36965,23525
36965,62153
36965,82707
36965,21793
36965,54129
36965,7926
36965,18674
36965,21092
36965,80999
36965,53082
36965,65432
36965,51810
36965,5199
36965,24070
36965,94363
36965,113
36965,53881
36965,48391
36965,37195
36965,48898
36965,4177
36965,42635
36965,16425
36965,42723
36965,49424
36965,63042
36965,94691
36965,59114
36965,13122
36965,26261
36965,81927
36965,55814
36965,47292
36965,72364
36965,67349
36965,79834
36965,9031
36965,10042
36965,96149
36965,79870
36965,82639
36965,42819
36965,95408
36965,36851
36965,13968
36965,11733
36965,19028
36965,65295
36965,55639
36965,93735
36965,88953
36965,86161
36965,81743
36965,41473
36965,59817
36965,29682
36965,39888
36965,84280
36965,26618
36965,45841
36965,63297
36965,95853
36965,48302
36965,3588
36965,87505
36965,95995
36965,97247
36965,85542
36965,38211
36965,44348
36965,7339
36965,9239
36965,29040
36965,6815
36965,79589
36965,79067
36965,61025
36965,78665
36965,4027
36965,7025
36965,43746
36965,28799
36965,23664
36965,12407
36965,45770
36965,12333
36965,75529
36965,37787
36965,4232
36965,37106
36965,73386
36965,97900
36965,17736
36965,29704
36965,76145
36965,3913
36965,33196
36965,74499
36965,72270
36965,52708
36965,60549
36965,1829
36965,51097
36965,5059
36965,73855
36965,74176
36965,39310
36965,28282
36965,40557
36965,84098
36965,29290
36965,74594
36965,79138
36965,45696
36965,87993
36965,8697
36965,88486
36965,998
36965,97567
36965,65163
36965,2677
36965,72466
36965,84551
36965,24072
36965,99757
36965,99473
36965,16216
36965,65334
36965,82704
36965,30692
36965,80759
36965,52638
36965,10059
36965,39496
36965,33470
36965,44128
63777,12376
63777,41477
63777,2885
63777,50797
63777,73918
63777,79668
63777,53643
63777,37711
63777,65887
63777,15989
63777,59121
63777,81332
63777,43092
63777,72594
63777,10428
63777,22048
63777,46068
63777,47260
63777,58914
63777,82315
63777,58245
63777,41190
63777,26405
63777,47172
63777,97872
63777,2820
63777,89332
63777,5949
63777,63951
63777,80996
63777,9915
63777,38505
63777,13512
63777,86289
63777,19897
63777,90997
63777,70282
63777,92866
63777,99057
63777,91832
63777,65746
63777,51810
63777,45216
63777,89459
63777,61524
63777,59063
63777,44313
63777,47003
63777,49424
63777,94691
63777,9031
63777,8669
63777,58660
63777,10042
63777,60670
63777,5943
63777,55319
63777,39383
63777,93735
63777,1349
63777,88953
63777,72659
63777,37840
63777,78675
63777,39888
63777,95853
63777,15956
63777,35999
63777,44976
63777,69725
63777,58617
63777,27266
63777,57782
63777,48790
63777,28799
63777,61326
63777,36956
63777,10353
63777,21855
63777,59844
63777,85225
63777,60228
63777,8536
63777,40938
63777,61238
63777,42982
63777,88486
63777,998
63777,84551
63777,4809
63777,99454
63777,16219
63777,17930
63777,697
63777,94637
63777,10958
63777,74888
63777,52110
63777,44128
45689,2885
45689,94791
45689,28620
45689,90965
45689,69909
45689,73918
45689,12361
45689,63867
45689,2126
45689,90113
45689,16021
45689,87030
45689,81332
45689,43092
45689,7612
45689,64416
45689,3805
45689,34874
45689,64451
45689,83129
45689,55515
45689,91713
45689,49372
45689,36458
45689,51625
45689,46159
45689,39983
45689,25310
45689,95594
45689,10520
45689,49983
45689,89592
45689,1795
45689,6510
45689,50015
45689,73798
45689,60211
45689,92155
45689,39080
45689,78428
45689,30083
45689,51055
45689,39491
45689,37570
45689,28105
45689,11125
45689,29923
45689,10079
45689,23385
45689,63014
45689,26030
45689,50055
45689,69711
45689,44582
45689,97893
45689,16897
45689,474
45689,78983
45689,17936
45689,91
45689,97386
45689,47066
45689,28110
45689,12812
45689,80996
45689,68964
45689,30205
45689,66326
45689,74853
45689,66501
45689,63871
45689,45177
45689,98151
45689,50886
45689,48244
45689,85851
45689,97323
45689,82969
45689,1332
45689,96678
45689,81497
45689,17740
45689,74600
45689,24548
45689,64747
45689,88855
45689,48489
45689,16722
45689,74365
45689,80887
45689,51181
45689,36838
45689,46692
45689,92236
45689,62515
45689,19451
45689,91832
45689,43003
45689,4071
45689,18030
45689,19091
45689,87269
45689,95994
45689,48391
45689,48898
45689,75920
45689,96472
45689,40753
45689,37654
45689,63663
45689,49424
45689,68416
45689,13122
45689,98521
45689,96507
45689,39809
45689,74421
45689,59338
45689,69465
45689,37212
45689,61309
45689,6525
45689,82847
45689,34016
45689,11766
45689,21036
45689,95408
45689,36851
45689,76900
45689,13968
45689,11733
45689,9076
45689,55639
45689,21026
45689,59817
45689,78675
45689,84280
45689,99792
45689,36296
45689,90219
45689,47884
45689,99173
45689,87505
45689,12104
45689,70679
45689,36422
45689,56359
45689,19147
45689,28714
45689,7339
45689,48745
45689,7025
45689,48790
45689,94730
45689,90275
45689,28799
45689,60730
45689,77841
45689,21683
45689,36956
45689,45770
45689,6463
45689,2584
45689,4312
45689,78591
45689,3101
45689,62789
45689,97900
45689,17736
45689,74499
45689,16758
45689,77844
45689,7536
45689,1829
45689,11238
45689,73855
45689,55334
45689,58681
45689,57589
45689,32176
45689,39310
45689,28112
45689,84098
45689,9835
45689,8697
45689,21831
45689,998
45689,90034
45689,85617
45689,24072
45689,16291
45689,86447
45689,63531
45689,35240
45689,9169
45689,91043
45689,7137
45689,19794
45689,66677
45689,39496
45689,25838
45689,46196
45689,94637
45689,74088
45689,52110
45689,1711
36607,39243
36607,46602
36607,70994
36607,94791
36607,57372
36607,37605
36607,91845
36607,14613
36607,37624
36607,14340
36607,79650
36607,8980
36607,44305
36607,36458
36607,46461
36607,39983
36607,87781
36607,20460
36607,93944
36607,96937
36607,60979
36607,59292
36607,65681
36607,3193
36607,3003
36607,39301
36607,78983
36607,17936
36607,6262
36607,97386
36607,80996
36607,70954
36607,19897
36607,49679
36607,16722
36607,7926
36607,79278
36607,18030
36607,86538
36607,15889
36607,37195
36607,96472
36607,34808
36607,87941
36607,56254
36607,98521
36607,39809
36607,82814
36607,8669
36607,47881
36607,90219
36607,35999
36607,95995
36607,58617
36607,28714
36607,6927
36607,78665
36607,45185
36607,37787
36607,72568
36607,67921
36607,57589
36607,21831
36607,97754
36607,86447
36607,61976
36607,21236
36607,1711
36607,44128
36607,97957
79145,12376
79145,54084
79145,97522
79145,46602
79145,53926
79145,99710
79145,12361
79145,28680
79145,96311
79145,65887
79145,40029
79145,90113
79145,81332
79145,22517
79145,39983
79145,20460
79145,68556
79145,47260
79145,96937
79145,58914
79145,59292
79145,54857
79145,73798
79145,9150
79145,39080
79145,51846
79145,65681
79145,51055
79145,51451
79145,28105
79145,88776
79145,97872
79145,83365
79145,50055
79145,16897
79145,44672
79145,7685
79145,6262
79145,48721
79145,47066
79145,54361
79145,41019
79145,65271
79145,1332
79145,30860
79145,81497
79145,90997
79145,62153
79145,48489
79145,63112
79145,19487
79145,21092
79145,79278
79145,91832
79145,72188
79145,18030
79145,31024
79145,32541
79145,98615
79145,24070
79145,113
79145,7021
79145,4177
79145,75920
79145,24234
79145,29822
79145,59063
79145,59054
79145,49424
79145,68416
79145,63042
79145,71951
79145,66004
79145,96507
79145,46828
79145,82814
79145,47212
79145,9621
79145,72929
79145,21036
79145,42819
79145,65295
79145,20149
79145,90219
79145,8982
79145,71569
79145,15956
79145,74988
79145,69725
79145,95265
79145,6856
79145,38798
79145,58617
79145,64039
79145,28714
79145,29040
79145,82703
79145,45925
79145,43946
79145,6815
79145,85262
79145,90275
79145,57967
79145,94202
79145,12407
79145,62224
79145,77942
79145,79515
79145,24497
79145,63777
79145,78177
79145,59844
79145,3913
79145,55184
79145,40938
79145,67921
79145,52708
79145,18841
79145,61238
79145,92100
79145,82741
79145,33249
79145,27856
79145,20445
79145,45696
79145,42982
79145,62826
79145,998
79145,97754
79145,2677
79145,16291
79145,52703
79145,86447
79145,30692
79145,93387
79145,9320
79145,17930
79145,47458
79145,89096
79145,46196
79145,33252
79145,21236
79145,33470
79145,80200
37684,41477
37684,50797
37684,94791
37684,90965
37684,84230
37684,94649
37684,695
37684,37711
37684,15989
37684,91845
37684,43735
37684,98122
37684,20082
37684,16021
37684,61726
37684,59135
37684,64451
37684,70434
37684,78355
37684,64417
37684,24302
37684,74059
37684,10563
37684,1795
37684,60979
37684,62725
37684,78428
37684,65681
37684,30083
37684,37570
37684,78824
37684,2418
37684,64607
37684,43461
37684,83365
37684,69711
37684,39301
37684,62707
37684,27671
37684,76214
37684,14531
37684,8862
37684,70954
37684,74853
37684,31336
37684,41019
37684,50886
37684,62905
37684,1836
37684,38505
37684,6
37684,13512
37684,92548
37684,3086
37684,27254
37684,30860
37684,42102
37684,86289
37684,96678
37684,49679
37684,74600
37684,78229
37684,85293
37684,49806
37684,34924
37684,82707
37684,28928
37684,51181
37684,54129
37684,18674
37684,43003
37684,53082
37684,18030
37684,29358
37684,66075
37684,31024
37684,81052
37684,61524
37684,48391
37684,84595
37684,37654
37684,3793
37684,49424
37684,48430
37684,55814
37684,47292
37684,29982
37684,57173
37684,62943
37684,76900
37684,55639
37684,15566
37684,49068
37684,73704
37684,41473
37684,45841
37684,62293
37684,30170
37684,6594
37684,15956
37684,21334
37684,38211
37684,58159
37684,83902
37684,63028
37684,79067
37684,50307
37684,7025
37684,90275
37684,28799
37684,57967
37684,81307
37684,62224
37684,77942
37684,6463
37684,2584
37684,75529
37684,98306
37684,12599
37684,78591
37684,73386
37684,60228
37684,93507
37684,49942
37684,69125
37684,18841
37684,66713
37684,38591
37684,28282
37684,17526
37684,87993
37684,88486
37684,31910
37684,37735
37684,84551
37684,41543
37684,4809
37684,99757
37684,92282
37684,10424
37684,89249
37684,36323
37684,42374
37684,17930
37684,75733
37684,89967
37684,5062
37684,80686
37684,74088
37684,74888
37684,52110
37684,33470
7604,1064
7604,97522
7604,2885
7604,53643
7604,6420
7604,29838
7604,88731
7604,37624
7604,79650
7604,50306
7604,95607
7604,7612
7604,64416
7604,34874
7604,81015
7604,51625
7604,46159
7604,79095
7604,20460
7604,38335
7604,64417
7604,24302
7604,50136
7604,74059
7604,38932
7604,62725
7604,87765
7604,36866
7604,91642
7604,46431
7604,77441
7604,70782
7604,51710
7604,26165
7604,62803
7604,26405
7604,58143
7604,43461
7604,89624
7604,66992
7604,94556
7604,83365
7604,69711
7604,76214
7604,90375
7604,9891
7604,18765
7604,54361
7604,94560
7604,74853
7604,50886
7604,84441
7604,92655
7604,38505
7604,90997
7604,74600
7604,57494
7604,63112
7604,3924
7604,28928
7604,36838
7604,7926
7604,80999
7604,19091
7604,88161
7604,37195
7604,12138
7604,75920
7604,40753
7604,34808
7604,16425
7604,68416
7604,37512
7604,25316
7604,98521
7604,59338
7604,84822
7604,95970
7604,37212
7604,34016
7604,95408
7604,19028
7604,53770
7604,88953
7604,59113
7604,14240
7604,92622
7604,78675
7604,39888
7604,45841
7604,93464
7604,95995
7604,38211
7604,36422
7604,66626
7604,37372
7604,12237
7604,6927
7604,50307
7604,7025
7604,48790
7604,12407
7604,67747
7604,76147
7604,21855
7604,2584
7604,75529
7604,37787
7604,98306
7604,72568
7604,60228
7604,29704
7604,49233
7604,34076
7604,69125
7604,18841
7604,56407
7604,96402
7604,58681
7604,74176
7604,33249
7604,17185
7604,40557
7604,48933
7604,79138
7604,45696
7604,33450
7604,998
7604,65163
7604,97754
7604,2677
7604,35093
7604,30568
7604,96211
7604,16291
7604,10424
7604,63531
7604,42374
7604,61976
7604,52638
7604,91043
7604,90307
7604,66677
7604,46196
7604,5062
7604,697
7604,30776
7604,21236
7604,7197
53694,97522
53694,39885
53694,50797
53694,12999
53694,12361
53694,57372
53694,695
53694,37711
53694,29759
53694,22551
53694,81332
53694,43092
53694,77939
53694,7612
53694,66638
53694,1503
53694,91713
53694,39824
53694,92369
53694,49372
53694,81015
53694,11960
53694,25310
53694,93944
53694,89592
53694,5957
53694,96937
53694,60979
53694,58914
53694,60388
53694,36162
53694,82315
53694,36866
53694,24848
53694,9150
53694,91642
53694,65681
53694,51451
53694,22648
53694,70782
53694,3617
53694,2418
53694,13748
53694,26405
53694,23385
53694,58143
53694,94556
53694,26030
53694,83365
53694,69711
53694,44672
53694,98684
53694,27671
53694,90375
53694,49612
53694,30614
53694,91
53694,47066
53694,5949
53694,28110
53694,68964
53694,9915
53694,41019
53694,50886
53694,84441
53694,92655
53694,6
53694,13512
53694,93016
53694,34524
53694,42102
53694,19897
53694,17740
53694,23594
53694,24548
53694,22799
53694,23525
53694,62153
53694,88855
53694,97475
53694,48489
53694,16722
53694,27199
53694,22528
53694,21793
53694,36838
53694,19487
53694,36854
53694,80999
53694,53082
53694,72188
53694,65746
53694,65664
53694,29358
53694,82093
53694,86538
53694,45216
53694,12906
53694,12242
53694,1198
53694,61524
53694,25706
53694,48391
53694,44313
53694,84024
53694,34808
53694,42723
53694,37512
53694,48430
53694,98521
53694,13705
53694,59338
53694,84822
53694,58951
53694,9031
53694,89757
53694,91314
53694,54466
53694,18276
53694,15096
53694,79870
53694,82639
53694,42819
53694,95408
53694,76900
53694,14765
53694,4272
53694,55319
53694,53770
53694,65295
53694,93735
53694,21026
53694,26761
53694,88953
53694,9588
53694,87379
53694,14240
53694,29682
53694,26618
53694,99792
53694,62293
53694,6594
53694,8982
53694,58578
53694,84622
53694,42987
53694,44348
53694,58617
53694,10513
53694,84083
53694,63028
53694,99290
53694,73973
53694,79589
53694,85262
53694,60730
53694,45770
53694,11038
53694,68857
53694,63777
53694,63620
53694,78177
53694,85225
53694,76145
53694,40938
53694,74499
53694,16758
53694,7536
53694,60549
53694,1829
53694,73855
53694,56407
53694,43081
53694,33249
53694,39310
53694,38591
53694,45696
53694,87993
53694,8697
53694,61825
53694,35093
53694,85038
53694,16216
53694,27660
53694,92282
53694,35240
53694,53352
53694,78277
53694,16219
53694,89642
53694,75733
53694,66677
53694,39496
53694,35079
53694,51334
53694,30776
53694,33470
53694,80200
85355,12376
85355,90965
85355,88731
85355,84178
85355,8980
85355,1272
85355,36458
85355,64417
85355,49983
85355,60979
85355,62803
85355,44582
85355,474
85355,6262
85355,29884
85355,5949
85355,34924
85355,84059
85355,14290
85355,18674
85355,72188
85355,58876
85355,27455
85355,29358
85355,53881
85355,59054
85355,84024
85355,70511
85355,50883
85355,67349
85355,9031
85355,14425
85355,88953
85355,72659
85355,99792
85355,99173
85355,26638
85355,42987
85355,30846
85355,78374
85355,27266
85355,38589
85355,19851
85355,22436
85355,78177
85355,69125
85355,58681
85355,92100
85355,33249
85355,18218
85355,17185
85355,79138
85355,90034
85355,18808
85355,63531
85355,91043
85355,78277
85355,17930
85355,75733
85355,10059
85355,74888
85355,33470
6616,46602
6616,94791
6616,53926
6616,90965
6616,84230
6616,11003
6616,28680
6616,695
6616,37711
6616,65887
6616,15989
6616,91845
6616,63867
6616,59121
6616,14340
6616,16021
6616,3805
6616,92369
6616,46159
6616,87781
6616,24302
6616,8287
6616,35573
6616,58424
6616,7959
6616,24848
6616,73733
6616,9150
6616,70782
6616,3193
6616,51710
6616,44043
6616,50055
6616,69711
6616,44672
6616,3228
6616,90375
6616,80519
6616,39863
6616,42451
6616,31336
6616,92655
6616,13512
6616,30719
6616,25460
6616,24548
6616,64747
6616,85293
6616,43175
6616,97475
6616,99057
6616,46692
6616,53082
6616,31024
6616,12906
6616,61524
6616,53881
6616,24234
6616,97287
6616,87941
6616,55814
6616,19152
6616,9031
6616,8669
6616,6525
6616,10042
6616,82847
6616,47212
6616,42819
6616,26544
6616,11733
6616,4272
6616,59113
6616,70167
6616,6594
6616,38798
6616,70679
6616,27266
6616,79589
6616,50307
6616,48745
6616,85262
6616,61025
6616,57782
6616,7025
6616,77841
6616,12407
6616,77942
6616,61326
6616,10692
6616,12333
6616,63620
6616,37787
6616,4312
6616,78591
6616,3913
6616,16758
6616,72270
6616,56489
6616,61238
6616,84135
6616,61825
6616,998
6616,16216
6616,10424
6616,18064
6616,53352
6616,9169
6616,61976
6616,52638
6616,89642
6616,80572
6616,20515
6616,30776
6616,33252
6616,59530
89723,84844
89723,54084
89723,1064
89723,97522
89723,50797
89723,53926
89723,94649
89723,99710
89723,12361
89723,65887
89723,15989
89723,91845
89723,88731
89723,94916
89723,20082
89723,50306
89723,44305
89723,51625
89723,70392
89723,46159
89723,46461
89723,79095
89723,10520
89723,5957
89723,68556
89723,60979
89723,62725
89723,36162
89723,60211
89723,39491
89723,3617
89723,68169
89723,47172
89723,43461
89723,28429
89723,17936
89723,6262
89723,80996
89723,66501
89723,13875
89723,41019
89723,98151
89723,1332
89723,34524
89723,96678
89723,49679
89723,13285
89723,1608
89723,34924
89723,27199
89723,21793
89723,80887
89723,51181
89723,7926
89723,21092
89723,86538
89723,24070
89723,12242
89723,4177
89723,42635
89723,16425
89723,63042
89723,87941
89723,81927
89723,69465
89723,67349
89723,46428
89723,15096
89723,26544
89723,16012
89723,53770
89723,37840
89723,99792
89723,20149
89723,36296
89723,30170
89723,95853
89723,6594
89723,3588
89723,76793
89723,15956
89723,70254
89723,95265
89723,42923
89723,38798
89723,19147
89723,63028
89723,64039
89723,18165
89723,70600
89723,38589
89723,61025
89723,29811
89723,20130
89723,81307
89723,36956
89723,24497
89723,44244
89723,21855
89723,4232
89723,85225
89723,3101
89723,86833
89723,72598
89723,74499
89723,82993
89723,72270
89723,49942
89723,77844
89723,34076
89723,1829
89723,18841
89723,61238
89723,18445
89723,32176
89723,13278
89723,82741
89723,79102
89723,20445
89723,17526
89723,33450
89723,42982
89723,37735
89723,4809
89723,16291
89723,73409
89723,86447
89723,99454
89723,73873
89723,9169
89723,19794
89723,16219
89723,88311
89723,89096
89723,46196
89723,652
89723,25417
89723,74088
89723,74888
89723,80200
66125,84844
66125,41477
66125,50797
66125,70994
66125,69909
66125,99322
66125,57372
66125,65887
66125,59135
66125,79650
66125,50306
66125,81332
66125,44305
66125,3545
66125,3805
66125,72594
66125,66638
66125,1272
66125,70434
66125,82241
66125,95763
66125,88384
66125,87765
66125,69995
66125,50015
66125,36866
66125,22340
66125,9150
66125,65538
66125,65681
66125,39491
66125,51451
66125,88776
66125,78824
66125,62803
66125,13748
66125,3003
66125,39301
66125,97386
66125,42451
66125,98151
66125,86289
66125,92866
66125,24548
66125,43175
66125,2500
66125,23525
66125,26935
66125,48489
66125,34924
66125,16722
66125,84059
66125,74365
66125,7926
66125,36854
66125,4071
66125,65746
66125,82093
66125,98615
66125,12242
66125,91374
66125,16425
66125,56254
66125,39809
66125,19152
66125,86997
66125,58951
66125,58660
66125,91314
66125,96149
66125,52905
66125,14765
66125,11733
66125,65295
66125,47187
66125,81743
66125,39888
66125,58578
66125,21334
66125,6856
66125,38798
66125,58617
66125,28714
66125,6927
66125,6815
66125,31580
66125,6090
66125,48745
66125,45185
66125,11038
66125,68857
66125,48609
66125,4925
66125,37787
66125,85225
66125,97900
66125,8536
66125,40938
66125,49233
66125,72270
66125,45506
66125,56489
66125,74722
66125,18841
66125,57589
66125,92100
66125,29290
66125,74594
66125,45696
66125,41543
66125,16291
66125,10424
66125,73409
66125,63531
66125,30692
66125,37022
66125,91043
66125,17930
66125,1711
66125,80200
66125,59530
26169,94791
26169,79668
26169,91845
26169,50306
26169,66638
26169,83129
26169,55515
26169,50802
26169,64417
26169,49983
26169,60979
26169,7959
26169,50015
26169,58245
26169,51055
26169,37570
26169,40875
26169,43461
26169,69711
26169,7685
26169,67649
26169,80996
26169,45177
26169,97475
26169,80999
26169,53082
26169,37195
26169,15718
26169,63663
26169,24353
26169,55814
26169,96507
26169,15096
26169,34016
26169,82639
26169,28935
26169,41473
26169,29682
26169,76793
26169,97247
26169,56747
26169,83902
26169,18165
26169,70600
26169,77942
26169,36956
26169,10692
26169,75529
26169,12599
26169,78591
26169,73386
26169,93507
26169,77844
26169,7536
26169,73855
26169,69661
26169,8697
26169,2677
26169,72466
26169,52703
26169,12515
26169,19794
73223,12376
73223,40696
73223,1064
73223,97522
73223,46602
73223,90965
73223,69909
73223,73918
73223,32818
73223,6420
73223,96311
73223,29838
73223,65887
73223,91845
73223,49558
73223,16021
73223,43092
73223,3545
73223,95607
73223,3805
73223,72594
73223,83129
73223,1503
73223,70434
73223,36458
73223,25310
73223,95763
73223,93944
73223,64417
73223,24302
73223,49983
73223,10563
73223,38932
73223,8287
73223,29210
73223,88384
73223,42452
73223,36162
73223,82315
73223,36866
73223,73445
73223,11153
73223,65538
73223,91642
73223,78373
73223,39491
73223,11125
73223,68169
73223,51678
73223,7697
73223,47172
73223,63014
73223,43461
73223,89624
73223,97872
73223,83365
73223,69711
73223,97893
73223,39301
73223,90375
73223,474
73223,72277
73223,14531
73223,9891
73223,18765
73223,91
73223,47722
73223,46099
73223,63951
73223,94560
73223,42451
73223,1862
73223,66501
73223,63871
73223,48244
73223,85851
73223,65271
73223,6346
73223,6
73223,64775
73223,86289
73223,78229
73223,13285
73223,26935
73223,88855
73223,3924
73223,18674
73223,19451
73223,65432
73223,65746
73223,58876
73223,18030
73223,34523
73223,86538
73223,45216
73223,24070
73223,81052
73223,12906
73223,15889
73223,61524
73223,88161
73223,88950
73223,113
73223,37195
73223,75920
73223,84595
73223,59063
73223,91374
73223,42635
73223,68416
73223,94691
73223,48430
73223,62444
73223,50883
73223,66004
73223,85606
73223,74421
73223,19152
73223,29982
73223,82814
73223,6816
73223,58951
73223,79834
73223,9031
73223,89757
73223,64757
73223,96149
73223,9621
73223,72929
73223,82639
73223,21036
73223,76900
73223,16012
73223,19028
73223,14425
73223,65295
73223,47820
73223,9076
73223,1349
73223,88953
73223,47187
73223,73704
73223,59113
73223,99792
73223,47884
73223,8982
73223,71569
73223,15956
73223,74988
73223,35999
73223,30846
73223,78374
73223,8796
73223,38798
73223,56747
73223,62837
73223,38211
73223,58159
73223,63028
73223,18165
73223,7339
73223,70600
73223,45925
73223,57837
73223,50307
73223,85262
73223,7025
73223,43746
73223,94730
73223,90275
73223,61573
73223,77841
73223,62224
73223,36956
73223,24497
73223,11038
73223,10353
73223,48609
73223,4925
73223,1674
73223,76147
73223,8628
73223,21855
73223,78177
73223,37787
73223,18882
73223,78591
73223,37106
73223,62789
73223,8536
73223,17736
73223,40938
73223,49233
73223,74499
73223,49942
73223,34076
73223,69125
73223,5059
73223,73855
73223,56407
73223,61238
73223,6374
73223,96402
73223,18445
73223,92100
73223,79102
73223,17185
73223,69661
73223,88089
73223,29290
73223,79138
73223,33450
73223,68607
73223,21831
73223,61825
73223,62826
73223,35093
73223,24072
73223,85038
73223,99473
73223,30568
73223,95796
73223,18064
73223,86447
73223,53352
73223,30692
73223,37022
73223,64575
73223,90307
73223,80572
73223,95180
73223,75733
73223,47458
73223,39496
73223,90808
73223,46196
73223,68532
73223,94637
73223,74888
73223,52110
73223,44128
73223,59530
73490,1064
73490,41477
73490,70994
73490,73918
73490,28680
73490,29838
73490,37711
73490,50306
73490,7612
73490,38335
73490,10520
73490,50136
73490,74059
73490,10563
73490,35573
73490,60979
73490,29210
73490,60388
73490,50426
73490,92155
73490,40875
73490,26405
73490,64607
73490,16897
73490,13914
73490,80519
73490,14531
73490,29884
73490,9915
73490,38505
73490,78229
73490,63112
73490,3924
73490,28928
73490,36838
73490,43003
73490,51810
73490,36891
73490,45216
73490,71128
73490,113
73490,42635
73490,41743
73490,47292
73490,67349
73490,58660
73490,15096
73490,88953
73490,9588
73490,28935
73490,78675
73490,95853
73490,15956
73490,70679
73490,28799
73490,64966
73490,77841
73490,36956
73490,75529
73490,60228
73490,92100
73490,28112
73490,88089
73490,39993
73490,4809
73490,16291
73490,65334
73490,13373
73490,82704
73490,42374
73490,9169
73490,88311
73490,94637
31995,90482
31995,97522
31995,70994
31995,73918
31995,11003
31995,79668
31995,25155
31995,65887
31995,63867
31995,2126
31995,37624
31995,87030
31995,8980
31995,10428
31995,30965
31995,46461
31995,39983
31995,36875
31995,10520
31995,43652
31995,8287
31995,46068
31995,29210
31995,58914
31995,62725
31995,50426
31995,54857
31995,11153
31995,51846
31995,65681
31995,39491
31995,28105
31995,11125
31995,60090
31995,40875
31995,2418
31995,68169
31995,62704
31995,22620
31995,7697
31995,89624
31995,66992
31995,26030
31995,44582
31995,7685
31995,76214
31995,72277
31995,78983
31995,14531
31995,97386
31995,46099
31995,65304
31995,92882
31995,68964
31995,31336
31995,34274
31995,92655
31995,38505
31995,6
31995,93016
31995,30860
31995,42102
31995,21230
31995,17740
31995,92866
31995,24548
31995,85293
31995,57494
31995,1608
31995,48489
31995,34924
31995,16722
31995,74365
31995,96691
31995,28928
31995,99057
31995,99162
31995,91832
31995,5199
31995,32541
31995,24070
31995,12242
31995,94363
31995,48391
31995,24234
31995,40753
31995,44313
31995,37654
31995,59114
31995,41743
31995,24353
31995,26261
31995,81927
31995,55814
31995,59338
31995,29982
31995,58951
31995,61309
31995,79834
31995,64757
31995,58660
31995,68658
31995,62943
31995,36851
31995,75444
31995,11733
31995,19028
31995,65295
31995,9076
31995,86161
31995,9588
31995,72659
31995,73704
31995,59113
31995,28935
31995,14240
31995,59817
31995,56529
31995,45841
31995,62293
31995,30170
31995,95338
31995,95853
31995,14299
31995,6594
31995,76793
31995,15956
31995,74988
31995,42987
31995,78995
31995,69725
31995,21334
31995,58617
31995,56359
31995,19147
31995,27266
31995,37372
31995,7339
31995,12237
31995,48745
31995,45185
31995,51956
31995,64966
31995,77942
31995,63777
31995,48609
31995,4232
31995,37106
31995,92503
31995,60228
31995,93507
31995,29704
31995,90546
31995,33196
31995,34076
31995,10188
31995,60549
31995,5059
31995,96402
31995,32176
31995,28112
31995,39058
31995,17185
31995,84098
31995,69661
31995,48933
31995,29290
31995,79138
31995,33450
31995,42982
31995,62826
31995,65163
31995,31910
31995,35093
31995,84551
31995,30568
31995,10424
31995,13373
31995,53352
31995,52638
31995,91043
31995,47458
31995,89096
31995,89967
31995,35079
31995,1318
31995,80686
31995,10958
31995,33252
31995,44128
31995,97957
41057,12376
41057,1064
41057,53926
41057,84230
41057,28680
41057,74649
41057,65887
41057,88731
41057,59135
41057,77939
41057,7612
41057,1272
41057,92369
41057,70434
41057,78355
41057,25310
41057,87781
41057,10520
41057,64417
41057,76581
41057,10563
41057,46068
41057,1795
41057,69995
41057,73798
41057,60211
41057,11153
41057,78373
41057,39491
41057,51451
41057,51710
41057,26165
41057,3617
41057,47172
41057,58143
41057,86807
41057,43461
41057,66992
41057,26030
41057,8309
41057,36215
41057,29884
41057,5949
41057,63951
41057,80996
41057,66326
41057,9915
41057,41019
41057,7315
41057,46061
41057,48244
41057,65271
41057,21230
41057,27522
41057,13285
41057,26935
41057,97475
41057,82707
41057,63112
41057,74365
41057,75147
41057,83163
41057,91832
41057,43003
41057,71128
41057,89459
41057,4177
41057,59054
41057,34808
41057,70511
41057,73346
41057,24353
41057,46828
41057,67349
41057,58951
41057,58660
41057,52905
41057,82639
41057,21036
41057,26544
41057,53770
41057,39383
41057,93735
41057,47187
41057,59817
41057,78675
41057,45841
41057,47884
41057,70167
41057,30170
41057,15956
41057,2997
41057,95995
41057,97247
41057,6856
41057,56747
41057,44348
41057,58159
41057,6815
41057,79067
41057,38589
41057,31580
41057,85262
41057,17354
41057,57782
41057,90275
41057,28799
41057,23664
41057,59783
41057,81307
41057,67009
41057,36956
41057,22436
41057,63620
41057,1674
41057,72598
41057,17736
41057,40938
41057,72270
41057,52708
41057,56489
41057,73855
41057,20762
41057,17526
41057,42982
41057,88486
41057,21831
41057,97567
41057,41543
41057,4809
41057,85038
41057,99757
41057,99454
41057,61976
41057,52638
41057,90650
41057,19794
41057,80572
41057,89096
41057,46196
41057,5062
41057,25417
41057,33470
50278,40696
50278,97522
50278,2885
50278,46602
50278,17253
50278,12361
50278,53643
50278,37605
50278,74649
50278,43561
50278,63867
50278,14210
50278,59135
50278,50306
50278,43092
50278,64416
50278,3805
50278,34874
50278,1503
50278,92369
50278,81015
50278,39983
50278,25310
50278,79095
50278,20460
50278,36875
50278,93944
50278,10520
50278,10563
50278,65268
50278,58424
50278,26312
50278,62725
50278,76017
50278,50015
50278,98463
50278,36162
50278,82315
50278,73798
50278,65538
50278,41435
50278,51846
50278,65681
50278,30083
50278,51451
50278,4731
50278,46431
50278,3193
50278,40875
50278,62803
50278,58143
50278,63014
50278,44043
50278,82739
50278,39301
50278,62707
50278,474
50278,49195
50278,36215
50278,47722
50278,68964
50278,70954
50278,74853
50278,9915
50278,98151
50278,48244
50278,65271
50278,13512
50278,97323
50278,3086
50278,42102
50278,81497
50278,27522
50278,92866
50278,22807
50278,22799
50278,1608
50278,49806
50278,97475
50278,48489
50278,74365
50278,19487
50278,18674
50278,36854
50278,79278
50278,91832
50278,65432
50278,58876
50278,27455
50278,34523
50278,66075
50278,80321
50278,45216
50278,32541
50278,48391
50278,37195
50278,12138
50278,59054
50278,84024
50278,16425
50278,3793
50278,68416
50278,73295
50278,63042
50278,87941
50278,50883
50278,85606
50278,19152
50278,72364
50278,53695
50278,58660
50278,91314
50278,82847
50278,72410
50278,42819
50278,5943
50278,36851
50278,76900
50278,11733
50278,16012
50278,4272
50278,65295
50278,55639
50278,86161
50278,34448
50278,87456
50278,47187
50278,59113
50278,78675
50278,26618
50278,20149
50278,26074
50278,93464
50278,30170
50278,6594
50278,8982
50278,71569
50278,76327
50278,99173
50278,70254
50278,95995
50278,42987
50278,42923
50278,56747
50278,30481
50278,58159
50278,79067
50278,57837
50278,13613
50278,85262
50278,94730
50278,60730
50278,64317
50278,77942
50278,36956
50278,45770
50278,67747
50278,1674
50278,6463
50278,78177
50278,2584
50278,78591
50278,8536
50278,29704
50278,33196
50278,82993
50278,49942
50278,45506
50278,7536
50278,56407
50278,13278
50278,43081
50278,65896
50278,88089
50278,49957
50278,79138
50278,8697
50278,62826
50278,85617
50278,35093
50278,85038
50278,99757
50278,30568
50278,16216
50278,92282
50278,73539
50278,64575
50278,91043
50278,90650
50278,78277
50278,19794
50278,90307
50278,80572
50278,10059
50278,39496
50278,51334
50278,90808
50278,94637
50278,33252
50278,21236
50278,33470
50278,1711
50278,59530
5576,50797
5576,65887
5576,59121
5576,37624
5576,3545
5576,49372
5576,11960
5576,59176
5576,10564
5576,50015
5576,24848
5576,13748
5576,62704
5576,83365
5576,13148
5576,3228
5576,90375
5576,30614
5576,54361
5576,43875
5576,66501
5576,98151
5576,48244
5576,86289
5576,70282
5576,13285
5576,2500
5576,26935
5576,14421
5576,21793
5576,54974
5576,31024
5576,98615
5576,48898
5576,40753
5576,3793
5576,87941
5576,24353
5576,86997
5576,9031
5576,55319
5576,73704
5576,37840
5576,78675
5576,36296
5576,47884
5576,14299
5576,8982
5576,58578
5576,27266
5576,68857
5576,22436
5576,4925
5576,1674
5576,37106
5576,34076
5576,1829
5576,56407
5576,35093
5576,85038
5576,73409
5576,63531
5576,37022
5576,33470
5576,7197
87647,12376
87647,40696
87647,1064
87647,41477
87647,97522
87647,39885
87647,70994
87647,94791
87647,53926
87647,32818
87647,57372
87647,695
87647,37605
87647,37711
87647,65887
87647,63867
87647,36078
87647,14210
87647,84178
87647,50306
87647,81332
87647,43092
87647,41448
87647,83129
87647,1272
87647,30965
87647,39824
87647,70434
87647,11960
87647,78355
87647,79095
87647,20460
87647,93944
87647,8013
87647,24302
87647,50136
87647,8287
87647,6510
87647,7959
87647,59292
87647,76017
87647,36866
87647,22340
87647,92155
87647,41435
87647,78373
87647,51055
87647,28105
87647,11125
87647,88776
87647,77441
87647,78824
87647,62803
87647,10079
87647,87239
87647,22620
87647,7697
87647,63014
87647,43461
87647,94556
87647,97872
87647,83365
87647,16897
87647,63866
87647,76214
87647,90375
87647,474
87647,80519
87647,6262
87647,91
87647,71870
87647,28110
87647,65304
87647,80996
87647,20562
87647,42451
87647,9915
87647,13875
87647,63871
87647,19581
87647,48244
87647,65271
87647,84441
87647,92655
87647,30860
87647,25460
87647,49679
87647,27522
87647,70282
87647,92866
87647,85293
87647,2500
87647,62153
87647,48489
87647,34924
87647,16722
87647,14421
87647,14290
87647,80887
87647,36838
87647,54129
87647,19487
87647,92236
87647,21092
87647,53082
87647,65746
87647,54974
87647,27455
87647,11158
87647,19091
87647,87269
87647,15889
87647,113
87647,53881
87647,37195
87647,59054
87647,97287
87647,63663
87647,47003
87647,70511
87647,71951
87647,25316
87647,41743
87647,56254
87647,74421
87647,84822
87647,48612
87647,29982
87647,67349
87647,6816
87647,58951
87647,37212
87647,61309
87647,89757
87647,64757
87647,96149
87647,18276
87647,82847
87647,47881
87647,9621
87647,72929
87647,15096
87647,21036
87647,42819
87647,5943
87647,36851
87647,13968
87647,75444
87647,65295
87647,39351
87647,21026
87647,34448
87647,73704
87647,59817
87647,29682
87647,39888
87647,84280
87647,45841
87647,36296
87647,90219
87647,63297
87647,6594
87647,75375
87647,18845
87647,35999
87647,99173
87647,87505
87647,42987
87647,69725
87647,62837
87647,58159
87647,36422
87647,84083
87647,10343
87647,27266
87647,82703
87647,6927
87647,78665
87647,7025
87647,90275
87647,61573
87647,29811
87647,20130
87647,81307
87647,62224
87647,77942
87647,36956
87647,24497
87647,68857
87647,44244
87647,63620
87647,4925
87647,2584
87647,75529
87647,98306
87647,18882
87647,59844
87647,4232
87647,85225
87647,3101
87647,37106
87647,60228
87647,49942
87647,45506
87647,77844
87647,55334
87647,84135
87647,18445
87647,17185
87647,84098
87647,88089
87647,87993
87647,33450
87647,88486
87647,61825
87647,998
87647,65163
87647,97754
87647,90034
87647,35093
87647,99473
87647,96211
87647,92966
87647,16216
87647,86447
87647,99454
87647,35240
87647,53352
87647,73873
87647,42374
87647,64575
87647,7137
87647,13395
87647,90307
87647,16219
87647,95180
87647,47458
87647,89096
87647,89967
87647,35079
87647,20515
87647,68532
87647,652
87647,52110
87647,80200
52795,84844
52795,94791
52795,99322
52795,99710
52795,57372
52795,695
52795,96311
52795,14210
52795,59121
52795,81332
52795,34874
52795,66638
52795,83129
52795,55515
52795,10520
52795,8013
52795,5957
52795,8287
52795,36162
52795,82315
52795,24848
52795,39491
52795,4731
52795,3617
52795,58143
52795,80519
52795,17936
52795,49612
52795,91
52795,97386
52795,47066
52795,43875
52795,46061
52795,97323
52795,96678
52795,64747
52795,1608
52795,33181
52795,66075
52795,80321
52795,82093
52795,45216
52795,48898
52795,4177
52795,59054
52795,40753
52795,84024
52795,3793
52795,81927
52795,47292
52795,19152
52795,84822
52795,82814
52795,89757
52795,58660
52795,54466
52795,21036
52795,42819
52795,95408
52795,26761
52795,78675
52795,99792
52795,36296
52795,63297
52795,62293
52795,8982
52795,76327
52795,35999
52795,84622
52795,95995
52795,56747
52795,58159
52795,58617
52795,66626
52795,10513
52795,70600
52795,6090
52795,78665
52795,43746
52795,57967
52795,24497
52795,45770
52795,11038
52795,48609
52795,76147
52795,37106
52795,16758
52795,45506
52795,52708
52795,43081
52795,39310
52795,69661
52795,45696
52795,65163
52795,90034
52795,99454
52795,35240
52795,9169
52795,91043
52795,51334
52795,90808
52795,1318
52795,697
52795,33470
52795,59530
52795,7197
84744,2885
84744,73918
84744,94649
84744,25155
84744,37605
84744,65887
84744,15989
84744,91845
84744,14613
84744,36078
84744,43735
84744,59121
84744,94916
84744,59135
84744,87030
84744,8980
84744,50306
84744,43092
84744,95607
84744,64416
84744,3805
84744,41448
84744,10428
84744,87810
84744,64451
84744,66638
84744,1272
84744,30965
84744,49372
84744,46159
84744,79095
84744,24302
84744,76581
84744,29210
84744,88384
84744,87765
84744,76017
84744,50015
84744,36162
84744,22340
84744,73733
84744,92155
84744,39080
84744,91642
84744,41435
84744,77441
84744,39274
84744,40875
84744,29923
84744,68169
84744,13748
84744,62704
84744,51678
84744,7697
84744,43461
84744,89624
84744,26030
84744,8309
84744,3003
84744,51855
84744,44672
84744,98684
84744,27671
84744,29628
84744,28429
84744,90375
84744,14531
84744,6262
84744,16081
84744,48721
84744,92882
84744,70954
84744,30205
84744,66326
84744,43875
84744,7315
84744,34274
84744,65271
84744,84441
84744,92655
84744,13512
84744,92548
84744,82969
84744,3086
84744,1332
84744,30860
84744,64775
84744,70282
84744,92866
84744,22807
84744,62153
84744,3924
84744,21793
84744,83163
84744,62515
84744,80999
84744,43003
84744,34523
84744,29358
84744,80321
84744,32541
84744,71128
84744,1198
84744,15889
84744,25706
84744,94363
84744,37195
84744,84595
84744,24234
84744,91374
84744,34808
84744,16425
84744,37654
84744,49424
84744,71951
84744,19152
84744,84822
84744,86997
84744,48612
84744,82814
84744,79834
84744,9031
84744,96149
84744,11766
84744,95408
84744,36851
84744,13968
84744,75444
84744,55319
84744,14425
84744,47820
84744,55639
84744,88953
84744,86161
84744,55587
84744,87456
84744,73704
84744,59113
84744,81743
84744,78675
84744,56529
84744,99792
84744,20149
84744,47884
84744,75375
84744,76793
84744,15956
84744,2997
84744,74988
84744,99173
84744,44976
84744,26638
84744,95265
84744,21334
84744,8796
84744,38798
84744,62837
84744,76511
84744,56359
84744,63028
84744,18165
84744,7339
84744,29040
84744,82703
84744,6927
84744,57837
84744,48745
84744,85262
84744,45185
84744,60730
84744,94202
84744,24497
84744,10353
84744,63777
84744,21855
84744,75529
84744,12599
84744,92503
84744,8536
84744,93507
84744,72598
84744,17736
84744,76145
84744,49233
84744,10188
84744,69125
84744,61238
84744,6374
84744,55334
84744,18445
84744,57589
84744,79102
84744,33249
84744,27856
84744,18218
84744,84098
84744,17526
84744,29290
84744,33450
84744,8697
84744,21831
84744,65163
84744,84551
84744,24072
84744,30568
84744,96211
84744,18064
84744,63531
84744,35240
84744,53352
84744,52638
84744,89642
84744,95180
84744,89096
84744,46196
84744,5062
84744,10958
84744,74888
84744,52110
84744,1711
52201,1064
52201,39243
52201,39885
52201,70994
52201,28620
52201,12999
52201,53926
52201,69909
52201,73918
52201,94649
52201,79668
52201,32818
52201,25155
52201,96311
52201,29838
52201,37711
52201,65887
52201,43735
52201,73945
52201,84178
52201,59121
52201,37624
52201,61726
52201,59135
52201,79650
52201,8980
52201,3805
52201,72594
52201,10428
52201,64451
52201,66638
52201,83129
52201,55515
52201,49372
52201,11960
52201,25310
52201,79095
52201,95763
52201,10520
52201,10564
52201,8013
52201,49983
52201,5957
52201,58424
52201,6510
52201,29210
52201,58914
52201,88384
52201,54857
52201,36162
52201,9150
52201,51055
52201,37570
52201,11125
52201,78824
52201,2418
52201,68169
52201,64607
52201,86807
52201,83365
52201,97893
52201,7685
52201,2820
52201,29628
52201,72277
52201,17936
52201,30614
52201,91
52201,47722
52201,46099
52201,94560
52201,20562
52201,70954
52201,39863
52201,42451
52201,43875
52201,13875
52201,98151
52201,84441
52201,38505
52201,96678
52201,81497
52201,23594
52201,27522
52201,92866
52201,24548
52201,78229
52201,22799
52201,43175
52201,49806
52201,48489
52201,82707
52201,63112
52201,21793
52201,36838
52201,54129
52201,18674
52201,80999
52201,58876
52201,5199
52201,66075
52201,87269
52201,95994
52201,88950
52201,48391
52201,84595
52201,59054
52201,40753
52201,42635
52201,16425
52201,94691
52201,25316
52201,41743
52201,50883
52201,55814
52201,39809
52201,47292
52201,37212
52201,46428
52201,89757
52201,64757
52201,47881
52201,57173
52201,60670
52201,42819
52201,26544
52201,62943
52201,13968
52201,21947
52201,55319
52201,9588
52201,55587
52201,47187
52201,73704
52201,59113
52201,28935
52201,92622
52201,29682
52201,78675
52201,39888
52201,80842
52201,30170
52201,3588
52201,74988
52201,99173
52201,85542
52201,38211
52201,70679
52201,63028
52201,99290
52201,18165
52201,82703
52201,45925
52201,57837
52201,17354
52201,77964
52201,77841
52201,81307
52201,77942
52201,24497
52201,4925
52201,76147
52201,4312
52201,85225
52201,86833
52201,72568
52201,17736
52201,29704
52201,33196
52201,77844
52201,34076
52201,1829
52201,58681
52201,57589
52201,82741
52201,28112
52201,17185
52201,28282
52201,74594
52201,33450
52201,42982
52201,88486
52201,62826
52201,65163
52201,99757
52201,99473
52201,16216
52201,27660
52201,92282
52201,13373
52201,89249
52201,37022
52201,93387
52201,36323
52201,91043
52201,90650
52201,90307
52201,75733
52201,66677
52201,10059
52201,39496
52201,51334
52201,68532
52201,30776
52201,74888
52201,80200
70411,2885
70411,94791
70411,94649
70411,99710
70411,96311
70411,29759
70411,59121
70411,16021
70411,79650
70411,43092
70411,3805
70411,72594
70411,92369
70411,49372
70411,81015
70411,78355
70411,36875
70411,43652
70411,1795
70411,58424
70411,76017
70411,50015
70411,36866
70411,11153
70411,41435
70411,4731
70411,11125
70411,77441
70411,39274
70411,62803
70411,64607
70411,39301
70411,63866
70411,90375
70411,49612
70411,5949
70411,30205
70411,1862
70411,41019
70411,84441
70411,13512
70411,97475
70411,19487
70411,80999
70411,19091
70411,66075
70411,25706
70411,24234
70411,59054
70411,63663
70411,50883
70411,19152
70411,86997
70411,20079
70411,58951
70411,6525
70411,11766
70411,42819
70411,26544
70411,21947
70411,39383
70411,9588
70411,15566
70411,87456
70411,59113
70411,59817
70411,99792
70411,26074
70411,62293
70411,14299
70411,76793
70411,26638
70411,42987
70411,69725
70411,30846
70411,78374
70411,38211
70411,22436
70411,67747
70411,48609
70411,78177
70411,37787
70411,4232
70411,3101
70411,62789
70411,8536
70411,76145
70411,45506
70411,34076
70411,69125
70411,60549
70411,58681
70411,92100
70411,39310
70411,18218
70411,9835
70411,21831
70411,61825
70411,16291
70411,91319
70411,89249
70411,64575
70411,52638
70411,13395
70411,19794
70411,66677
70411,90808
70411,49307
70411,33252
72158,40696
72158,2885
72158,70994
72158,53926
72158,73918
72158,53643
72158,695
72158,40029
72158,2126
72158,43735
72158,14210
72158,59121
72158,37624
72158,43092
72158,66638
72158,1272
72158,91713
72158,46461
72158,79095
72158,87781
72158,64417
72158,74059
72158,68556
72158,46068
72158,35573
72158,58424
72158,96937
72158,60979
72158,72149
72158,87765
72158,69995
72158,50015
72158,36162
72158,41435
72158,30083
72158,51055
72158,37570
72158,11125
72158,88776
72158,70782
72158,29923
72158,26405
72158,87239
72158,62704
72158,23385
72158,58143
72158,63014
72158,44043
72158,26030
72158,3003
72158,50055
72158,39301
72158,13914
72158,98684
72158,29628
72158,90375
72158,17936
72158,14531
72158,9891
72158,36215
72158,47066
72158,80996
72158,20562
72158,66326
72158,66501
72158,41019
72158,63871
72158,34274
72158,46061
72158,85851
72158,6
72158,92548
72158,34524
72158,30719
72158,27522
72158,92866
72158,78229
72158,13285
72158,64747
72158,23525
72158,26935
72158,16722
72158,14421
72158,74365
72158,3924
72158,80887
72158,51181
72158,7926
72158,99162
72158,19451
72158,80999
72158,91832
72158,65432
72158,65664
72158,51810
72158,66075
72158,12906
72158,12242
72158,61524
72158,95994
72158,113
72158,37195
72158,84595
72158,96472
72158,40753
72158,91374
72158,42635
72158,3793
72158,49424
72158,70511
72158,71951
72158,48756
72158,81927
72158,96507
72158,19152
72158,84822
72158,20079
72158,69465
72158,67349
72158,53695
72158,82814
72158,46428
72158,6525
72158,68658
72158,10042
72158,18276
72158,47881
72158,9621
72158,15096
72158,76900
72158,21947
72158,14765
72158,11733
72158,16012
72158,4272
72158,14425
72158,53770
72158,39351
72158,9076
72158,86161
72158,15566
72158,49068
72158,72659
72158,87456
72158,47187
72158,59113
72158,28935
72158,41473
72158,59817
72158,92622
72158,29682
72158,20149
72158,90219
72158,95338
72158,6594
72158,48302
72158,8982
72158,76793
72158,2997
72158,44976
72158,95995
72158,69725
72158,95265
72158,30846
72158,85542
72158,8796
72158,56747
72158,62837
72158,30481
72158,70679
72158,66626
72158,76511
72158,84083
72158,19147
72158,63028
72158,64039
72158,18165
72158,37372
72158,6927
72158,43946
72158,6815
72158,79589
72158,85262
72158,44949
72158,4027
72158,45185
72158,7025
72158,90275
72158,61573
72158,29811
72158,77841
72158,64317
72158,77942
72158,67009
72158,36956
72158,10353
72158,63777
72158,37787
72158,4232
72158,57242
72158,62789
72158,8536
72158,29704
72158,76145
72158,33196
72158,49233
72158,16758
72158,72270
72158,45506
72158,10188
72158,56489
72158,55334
72158,84135
72158,57589
72158,74176
72158,39310
72158,28112
72158,17185
72158,28282
72158,69661
72158,88089
72158,74594
72158,8697
72158,65163
72158,31910
72158,35093
72158,16291
72158,16216
72158,10424
72158,91319
72158,63531
72158,37022
72158,64575
72158,61976
72158,89096
72158,20515
72158,51334
72158,68532
72158,64597
72158,49307
72158,30776
72158,33252
72158,33470
51644,2885
51644,94791
51644,17253
51644,32818
51644,29759
51644,14613
51644,36078
51644,2126
51644,37624
51644,81332
51644,43092
51644,7612
51644,34874
51644,10428
51644,91713
51644,81015
51644,70392
51644,53548
51644,24302
51644,49983
51644,47260
51644,6510
51644,36162
51644,73798
51644,9150
51644,39491
51644,4731
51644,11125
51644,88776
51644,40875
51644,62803
51644,2418
51644,47172
51644,58143
51644,66992
51644,8309
51644,62707
51644,63866
51644,98684
51644,2820
51644,17936
51644,14531
51644,49195
51644,97386
51644,5949
51644,12812
51644,68964
51644,9915
51644,34274
51644,48244
51644,62905
51644,6
51644,3086
51644,30719
51644,92866
51644,1608
51644,84059
51644,74365
51644,21793
51644,96691
51644,36838
51644,18674
51644,80999
51644,43003
51644,65664
51644,66075
51644,80321
51644,81052
51644,89459
51644,94363
51644,113
51644,53881
51644,48391
51644,48898
51644,7021
51644,15718
51644,4177
51644,59063
51644,59054
51644,40753
51644,84024
51644,63663
51644,73295
51644,50883
51644,81927
51644,85606
51644,19152
51644,86997
51644,89757
51644,47881
51644,57173
51644,11766
51644,76900
51644,11775
51644,88953
51644,86161
51644,34448
51644,73704
51644,59817
51644,92622
51644,29682
51644,76793
51644,15956
51644,2997
51644,99173
51644,44976
51644,84622
51644,95265
51644,30846
51644,42923
51644,8796
51644,58159
51644,66626
51644,63028
51644,64039
51644,18165
51644,73973
51644,7339
51644,29040
51644,70600
51644,57837
51644,6090
51644,85262
51644,28799
51644,57967
51644,79515
51644,24497
51644,45770
51644,44244
51644,63777
51644,1674
51644,21855
51644,18882
51644,57242
51644,33196
51644,49942
51644,34076
51644,56489
51644,73855
51644,61238
51644,58681
51644,92100
51644,82741
51644,20762
51644,65896
51644,9835
51644,74594
51644,33450
51644,88486
51644,85617
51644,41543
51644,99473
51644,52703
51644,10424
51644,91319
51644,13373
51644,99454
51644,82704
51644,52638
51644,32666
51644,20515
51644,90808
51644,1318
51644,33252
51644,7197
34226,90965
34226,74649
34226,15989
34226,2126
34226,81332
34226,43092
34226,24302
34226,8287
34226,48196
34226,47260
34226,59292
34226,63014
34226,16897
34226,30614
34226,16081
34226,84441
34226,38505
34226,92866
34226,43175
34226,63112
34226,82093
34226,7021
34226,84595
34226,29822
34226,59063
34226,70511
34226,55814
34226,29982
34226,46828
34226,93735
34226,1349
34226,86161
34226,70167
34226,76511
34226,50519
34226,43946
34226,85262
34226,45185
34226,22436
34226,63620
34226,21855
34226,4312
34226,18882
34226,59844
34226,93507
34226,55334
34226,28112
34226,42982
34226,88486
34226,13373
34226,65114
34226,697
65162,54084
65162,53926
65162,57372
65162,36078
65162,73945
65162,90113
65162,55515
65162,70392
65162,1795
65162,58424
65162,87765
65162,92155
65162,39080
65162,10079
65162,50055
65162,13875
65162,65271
65162,82969
65162,27522
65162,80887
65162,7926
65162,21092
65162,24070
65162,87269
65162,4177
65162,91374
65162,34808
65162,69465
65162,58951
65162,46428
65162,58660
65162,9076
65162,14240
65162,92622
65162,95338
65162,76327
65162,42923
65162,30481
65162,28714
65162,29811
65162,20130
65162,68857
65162,44244
65162,75529
65162,12599
65162,86833
65162,6374
65162,92100
65162,74594
65162,87993
65162,65163
65162,37735
65162,86447
65162,99454
65162,82704
65162,64575
65162,19794
65162,16219
75028,54084
75028,53926
75028,84230
75028,25155
75028,37711
75028,16021
75028,79650
75028,55515
75028,81015
75028,46159
75028,39983
75028,95763
75028,8013
75028,35573
75028,58914
75028,82315
75028,22340
75028,39080
75028,51846
75028,51451
75028,39274
75028,68169
75028,62704
75028,7697
75028,63014
75028,43461
75028,26030
75028,28429
75028,89332
75028,12812
75028,92882
75028,51431
75028,39863
75028,62905
75028,92655
75028,92548
75028,81497
75028,17740
75028,49679
75028,85293
75028,26935
75028,14421
75028,54129
75028,99057
75028,92236
75028,19451
75028,43003
75028,65432
75028,87269
75028,88950
75028,24234
75028,42635
75028,63663
75028,68416
75028,66004
75028,26261
75028,81927
75028,55814
75028,39809
75028,19152
75028,53695
75028,6525
75028,58660
75028,91314
75028,68658
75028,9621
75028,72929
75028,60670
75028,52905
75028,14765
75028,21026
75028,9053
75028,81743
75028,29682
75028,56529
75028,36296
75028,62293
75028,44976
75028,78374
75028,38798
75028,38211
75028,30481
75028,56359
75028,63028
75028,64039
75028,29040
75028,45185
75028,90275
75028,57967
75028,20130
75028,77942
75028,12599
75028,3101
75028,93507
75028,76145
75028,49942
75028,45506
75028,6374
75028,66713
75028,84135
75028,58681
75028,32176
75028,39310
75028,74594
75028,87993
75028,65163
75028,31910
75028,85617
75028,84551
75028,99757
75028,92282
75028,65334
75028,99454
75028,93387
75028,73539
75028,42374
75028,64575
75028,47458
75028,80686
75028,74888
75028,80200
75028,59530
75028,97957
61384,40696
61384,1064
61384,97522
61384,39885
61384,94791
61384,69909
61384,73918
61384,17253
61384,96311
61384,14613
61384,88731
61384,73945
61384,37624
61384,94916
61384,14340
61384,20082
61384,90113
61384,8980
61384,50306
61384,77939
61384,22517
61384,3805
61384,10428
61384,87810
61384,38335
61384,93944
61384,64417
61384,74059
61384,38932
61384,8287
61384,35573
61384,58424
61384,6510
61384,7959
61384,69995
61384,60388
61384,42452
61384,36162
61384,22340
61384,92155
61384,65538
61384,51055
61384,22648
61384,4731
61384,11125
61384,39274
61384,22620
61384,58143
61384,89624
61384,44582
61384,63866
61384,3228
61384,49195
61384,36215
61384,29884
61384,47722
61384,47066
61384,5949
61384,66501
61384,13875
61384,85851
61384,84441
61384,92548
61384,34524
61384,25460
61384,19897
61384,17740
61384,74600
61384,70282
61384,24548
61384,13285
61384,64747
61384,22799
61384,43175
61384,2500
61384,65472
61384,74365
61384,21793
61384,96691
61384,99057
61384,7926
61384,33181
61384,65746
61384,27455
61384,51810
61384,29358
61384,66075
61384,80321
61384,36891
61384,82093
61384,45216
61384,98615
61384,87269
61384,89459
61384,88161
61384,88950
61384,113
61384,37195
61384,15718
61384,75920
61384,24234
61384,29822
61384,40753
61384,91374
61384,84024
61384,97287
61384,42723
61384,3793
61384,73295
61384,87941
61384,13122
61384,66004
61384,48756
61384,55814
61384,96507
61384,20079
61384,82814
61384,37212
61384,61309
61384,9031
61384,64757
61384,91314
61384,54466
61384,57173
61384,72929
61384,52905
61384,79870
61384,95408
61384,26544
61384,4272
61384,55319
61384,26761
61384,87379
61384,41473
61384,92622
61384,30170
61384,99173
61384,26638
61384,95995
61384,69725
61384,6856
61384,42923
61384,8796
61384,44348
61384,28714
61384,10343
61384,27266
61384,29040
61384,31580
61384,6090
61384,50307
61384,57782
61384,43746
61384,57967
61384,77942
61384,45770
61384,68857
61384,76147
61384,8628
61384,37787
61384,18882
61384,4232
61384,12599
61384,37106
61384,17736
61384,55184
61384,10188
61384,66713
61384,55334
61384,18445
61384,38591
61384,40557
61384,88089
61384,79138
61384,45696
61384,62826
61384,84551
61384,4809
61384,85038
61384,92282
61384,18064
61384,63531
61384,9320
61384,42374
61384,64575
61384,61976
61384,13395
61384,78277
61384,95180
61384,75733
61384,66677
61384,89096
61384,32666
61384,10059
61384,25838
61384,5062
61384,68532
61384,80686
61384,652
61384,74888
61384,33470
61384,80200
61384,59530
61384,7197
36979,65887
36979,15989
36979,49558
36979,81332
36979,22517
36979,34874
36979,70434
36979,10563
36979,58424
36979,50015
36979,39491
36979,78824
36979,66992
36979,26030
36979,50055
36979,49612
36979,34053
36979,42451
36979,66326
36979,74853
36979,66501
36979,97475
36979,83163
36979,4071
36979,31024
36979,87269
36979,28495
36979,59054
36979,3793
36979,59114
36979,87941
36979,24353
36979,96507
36979,47292
36979,59338
36979,82814
36979,46428
36979,21036
36979,42819
36979,78675
36979,84280
36979,47884
36979,14299
36979,44976
36979,58578
36979,21334
36979,10513
36979,27266
36979,31580
36979,48745
36979,78665
36979,57782
36979,67009
36979,24497
36979,68857
36979,4925
36979,1674
36979,45506
36979,1829
36979,55334
36979,43081
36979,28282
36979,29290
36979,35093
36979,41543
36979,92282
36979,90650
36979,33470
26162,1064
26162,39243
26162,50797
26162,84230
26162,99710
26162,57372
26162,695
26162,37605
26162,65887
26162,15989
26162,91845
26162,14613
26162,88731
26162,40029
26162,43735
26162,84178
26162,59121
26162,14340
26162,20082
26162,90113
26162,61726
26162,79650
26162,8980
26162,3805
26162,34874
26162,66638
26162,49372
26162,36458
26162,70392
26162,82241
26162,46159
26162,53548
26162,11960
26162,25310
26162,87781
26162,95594
26162,59176
26162,93944
26162,8013
26162,65268
26162,96937
26162,6510
26162,60979
26162,60388
26162,36162
26162,58245
26162,22340
26162,9150
26162,65538
26162,91642
26162,37570
26162,77441
26162,40875
26162,26165
26162,10079
26162,26405
26162,62704
26162,23385
26162,26030
26162,3003
26162,50055
26162,44582
26162,27671
26162,13148
26162,78983
26162,18765
26162,97386
26162,47066
26162,54361
26162,66326
26162,1862
26162,74853
26162,19581
26162,82969
26162,42102
26162,30719
26162,86289
26162,23594
26162,92866
26162,78229
26162,13285
26162,26935
26162,62153
26162,1608
26162,49806
26162,74365
26162,96691
26162,14290
26162,51181
26162,36838
26162,19487
26162,7926
26162,36854
26162,43003
26162,65746
26162,5199
26162,80321
26162,98615
26162,40584
26162,88161
26162,48391
26162,7021
26162,29822
26162,40753
26162,91374
26162,97287
26162,63042
26162,70511
26162,87941
26162,62444
26162,13122
26162,56254
26162,48756
26162,81927
26162,55814
26162,96507
26162,85606
26162,20079
26162,18276
26162,57173
26162,52905
26162,82639
26162,21036
26162,26544
26162,5943
26162,62943
26162,13968
26162,4272
26162,39383
26162,34448
26162,49068
26162,87379
26162,73704
26162,45841
26162,36296
26162,47884
26162,63297
26162,30170
26162,95853
26162,71569
26162,76793
26162,15956
26162,2997
26162,44976
26162,58578
26162,95265
26162,6856
26162,85542
26162,8796
26162,70679
26162,19147
26162,63028
26162,99290
26162,18165
26162,7339
26162,70600
26162,43946
26162,13613
26162,57782
26162,77964
26162,64317
26162,45770
26162,68857
26162,76147
26162,21855
26162,78177
26162,4232
26162,85225
26162,57242
26162,3101
26162,37106
26162,8536
26162,29704
26162,3913
26162,45506
26162,34076
26162,1829
26162,18841
26162,51097
26162,73855
26162,56407
26162,61238
26162,66713
26162,18445
26162,58681
26162,39310
26162,38591
26162,20445
26162,65896
26162,9835
26162,87993
26162,8697
26162,88486
26162,21831
26162,97567
26162,97754
26162,85617
26162,35093
26162,99757
26162,30568
26162,16291
26162,27660
26162,92282
26162,52703
26162,95796
26162,65334
26162,18064
26162,13373
26162,63531
26162,53352
26162,30692
26162,73873
26162,9169
26162,90650
26162,78277
26162,19794
26162,80572
26162,75733
26162,66677
26162,47458
26162,32666
26162,10059
26162,89967
26162,20515
26162,51334
26162,25417
26162,10958
26162,21236
26162,1711
34356,12376
34356,41477
34356,2885
34356,94791
34356,53926
34356,69909
34356,99322
34356,94649
34356,99710
34356,79668
34356,28680
34356,695
34356,96311
34356,14613
34356,40029
34356,43735
34356,73945
34356,94916
34356,61726
34356,87030
34356,95607
34356,77939
34356,91713
34356,70434
34356,81015
34356,36458
34356,51625
34356,82241
34356,46159
34356,78355
34356,25310
34356,87781
34356,93944
34356,50802
34356,49983
34356,58914
34356,72149
34356,88384
34356,59292
34356,60388
34356,50015
34356,54857
34356,24848
34356,60211
34356,9150
34356,92155
34356,91642
34356,51451
34356,28105
34356,62803
34356,68169
34356,87239
34356,62704
34356,51678
34356,94556
34356,83365
34356,50055
34356,82739
34356,13914
34356,62707
34356,13148
34356,90375
34356,474
34356,72277
34356,16081
34356,97386
34356,28110
34356,92882
34356,68964
34356,70954
34356,13875
34356,41019
34356,7315
34356,34274
34356,98151
34356,19581
34356,6
34356,92548
34356,93016
34356,3086
34356,30860
34356,19897
34356,90997
34356,74600
34356,22807
34356,23525
34356,26935
34356,1608
34356,48489
34356,34924
34356,22528
34356,74365
34356,36838
34356,62515
34356,7926
34356,99162
34356,79278
34356,43003
34356,58876
34356,18030
34356,29358
34356,82093
34356,45216
34356,22110
34356,81052
34356,89459
34356,1198
34356,25706
34356,28495
34356,53881
34356,44313
34356,84024
34356,42635
34356,63663
34356,49424
34356,68416
34356,37512
34356,70511
34356,48430
34356,71951
34356,56254
34356,50883
34356,66004
34356,26261
34356,13705
34356,85606
34356,59338
34356,19152
34356,84822
34356,29982
34356,67349
34356,58660
34356,57173
34356,72929
34356,21036
34356,42819
34356,76900
34356,14425
34356,11775
34356,39351
34356,21026
34356,49068
34356,72659
34356,81743
34356,59817
34356,29682
34356,39888
34356,45841
34356,80842
34356,93464
34356,71569
34356,76793
34356,99173
34356,70254
34356,78995
34356,95265
34356,8796
34356,56747
34356,84083
34356,3
34356,83902
34356,64039
34356,18165
34356,27266
34356,37372
34356,7339
34356,70600
34356,61025
34356,17354
34356,78665
34356,4027
34356,94730
34356,60730
34356,64317
34356,94202
34356,61326
34356,24497
34356,45770
34356,19851
34356,67747
34356,96932
34356,21855
34356,85225
34356,78591
34356,57242
34356,37106
34356,92503
34356,60228
34356,8536
34356,17736
34356,29704
34356,76145
34356,3913
34356,90546
34356,52708
34356,10188
34356,56489
34356,69125
34356,62851
34356,18445
34356,32176
34356,92100
34356,13278
34356,28112
34356,39058
34356,38591
34356,20445
34356,48933
34356,88089
34356,49957
34356,74594
34356,39993
34356,87993
34356,998
34356,85617
34356,2677
34356,85038
34356,10424
34356,82704
34356,63531
34356,37022
34356,73539
34356,90650
34356,16219
34356,80572
34356,20515
34356,90808
34356,68532
34356,80686
34356,94637
34356,10958
34356,30776
34356,59530
34356,97957
3344,90965
3344,12361
3344,28680
3344,57372
3344,25155
3344,91845
3344,63867
3344,88731
3344,40029
3344,84178
3344,37624
3344,20082
3344,16021
3344,59135
3344,79650
3344,43092
3344,72594
3344,70434
3344,36875
3344,48196
3344,73445
3344,11153
3344,65538
3344,30083
3344,51055
3344,51451
3344,4731
3344,29923
3344,2418
3344,68169
3344,26405
3344,7697
3344,43461
3344,26030
3344,13914
3344,474
3344,80519
3344,49195
3344,16081
3344,51431
3344,68964
3344,84786
3344,30205
3344,66326
3344,31336
3344,13875
3344,41019
3344,7315
3344,65271
3344,82969
3344,1332
3344,27254
3344,42102
3344,19897
3344,27522
3344,24548
3344,26935
3344,88855
3344,1608
3344,97475
3344,28928
3344,80887
3344,92236
3344,7926
3344,99162
3344,80999
3344,91832
3344,43003
3344,27455
3344,66075
3344,82093
3344,24070
3344,1198
3344,15889
3344,113
3344,7021
3344,24234
3344,68416
3344,62444
3344,98521
3344,26261
3344,19152
3344,29982
3344,69465
3344,46828
3344,67349
3344,58951
3344,9031
3344,58660
3344,68658
3344,96149
3344,16012
3344,14425
3344,11775
3344,39351
3344,9076
3344,9588
3344,34448
3344,49068
3344,9053
3344,39501
3344,56529
3344,99792
3344,20149
3344,36296
3344,90219
3344,80842
3344,62293
3344,95853
3344,48302
3344,76793
3344,44976
3344,8796
3344,38798
3344,70679
3344,58617
3344,84083
3344,63028
3344,64039
3344,29040
3344,45925
3344,38589
3344,13613
3344,17354
3344,28799
3344,71663
3344,81307
3344,61326
3344,19851
3344,67747
3344,63777
3344,48609
3344,78177
3344,4312
3344,18882
3344,12599
3344,62789
3344,8536
3344,72270
3344,34076
3344,52708
3344,55334
3344,18218
3344,42982
3344,61825
3344,31910
3344,90034
3344,99757
3344,16291
3344,92282
3344,73409
3344,18064
3344,86447
3344,99454
3344,89249
3344,30692
3344,42374
3344,32666
3344,20515
3344,1318
3344,5062
3344,80686
3344,94637
3344,74888
58356,84844
58356,90482
58356,40696
58356,41477
58356,97522
58356,94791
58356,99322
58356,53643
58356,37605
58356,29759
58356,14613
58356,88731
58356,40029
58356,2126
58356,14210
58356,37624
58356,20082
58356,8980
58356,77939
58356,7612
58356,22517
58356,64451
58356,83129
58356,1272
58356,81015
58356,82241
58356,46461
58356,39983
58356,79095
58356,36875
58356,95594
58356,24302
58356,74059
58356,49983
58356,89592
58356,22048
58356,1795
58356,58424
58356,26312
58356,60979
58356,7959
58356,88384
58356,62725
58356,59292
58356,69995
58356,98463
58356,36866
58356,60211
58356,65538
58356,57289
58356,78428
58356,41435
58356,51846
58356,51055
58356,39491
58356,46431
58356,77441
58356,70782
58356,60090
58356,78824
58356,29923
58356,13748
58356,51678
58356,64607
58356,86807
58356,44043
58356,83365
58356,3003
58356,69711
58356,13914
58356,2820
58356,474
58356,80519
58356,16081
58356,46099
58356,94560
58356,9915
58356,63871
58356,7315
58356,98151
58356,50886
58356,46061
58356,62905
58356,65271
58356,6346
58356,1836
58356,21230
58356,74600
58356,92866
58356,24548
58356,64747
58356,91223
58356,43175
58356,2500
58356,62153
58356,97475
58356,27199
58356,3924
58356,19487
58356,75147
58356,46692
58356,7926
58356,36854
58356,91832
58356,53082
58356,5199
58356,18030
58356,19091
58356,82093
58356,31024
58356,32541
58356,98615
58356,40584
58356,71128
58356,12242
58356,1198
58356,28495
58356,95994
58356,48391
58356,37195
58356,12138
58356,75920
58356,84595
58356,59054
58356,91374
58356,97287
58356,42635
58356,63663
58356,73295
58356,73346
58356,56254
58356,59338
58356,48612
58356,29982
58356,20079
58356,53695
58356,91314
58356,47212
58356,47881
58356,9621
58356,72929
58356,15096
58356,21036
58356,72410
58356,42819
58356,21947
58356,4272
58356,14425
58356,9076
58356,1349
58356,34448
58356,55587
58356,49068
58356,9053
58356,47187
58356,59113
58356,59817
58356,39501
58356,29682
58356,84280
58356,20149
58356,90219
58356,30170
58356,14299
58356,70254
58356,42987
58356,95265
58356,21334
58356,42923
58356,12104
58356,38798
58356,58159
58356,63028
58356,64039
58356,28714
58356,37372
58356,12237
58356,45925
58356,43946
58356,6815
58356,79589
58356,79067
58356,13613
58356,85262
58356,44949
58356,57782
58356,51956
58356,48790
58356,29811
58356,77841
58356,59783
58356,81307
58356,62224
58356,45770
58356,22436
58356,1674
58356,21855
58356,37787
58356,4312
58356,59844
58356,57242
58356,92503
58356,62789
58356,93507
58356,3913
58356,49233
58356,72270
58356,49942
58356,10188
58356,55334
58356,58681
58356,57589
58356,13278
58356,43081
58356,65896
58356,88089
58356,29290
58356,45696
58356,97754
58356,90034
58356,18808
58356,41543
58356,96211
58356,91319
58356,13373
58356,30692
58356,61976
58356,52638
58356,90650
58356,19794
58356,90307
58356,89642
58356,80572
58356,89967
58356,33252
58356,1711
58356,80200
12704,54084
12704,53926
12704,53643
12704,28680
12704,37711
12704,65887
12704,40029
12704,87030
12704,7612
12704,55515
12704,39824
12704,49372
12704,46159
12704,39080
12704,51846
12704,51055
12704,39491
12704,28105
12704,26405
12704,43461
12704,97872
12704,50055
12704,16081
12704,71346
12704,84786
12704,66326
12704,63871
12704,34274
12704,98151
12704,92548
12704,82969
12704,1332
12704,81497
12704,80887
12704,21092
12704,19451
12704,34808
12704,63663
12704,49424
12704,71951
12704,66004
12704,6525
12704,68658
12704,52905
12704,21036
12704,95408
12704,14765
12704,75444
12704,14425
12704,9076
12704,93735
12704,56529
12704,36296
12704,95338
12704,28136
12704,99173
12704,6856
12704,42923
12704,90275
12704,71663
12704,19851
12704,44244
12704,86833
12704,97900
12704,93507
12704,49942
12704,34076
12704,10188
12704,61238
12704,55334
12704,57589
12704,82741
12704,87993
12704,42982
12704,16291
12704,82704
12704,89642
12704,47458
12704,89096
12704,5062
12704,97957
67648,90482
67648,2885
67648,94791
67648,53926
67648,90965
67648,53643
67648,37711
67648,91845
67648,43092
67648,7612
67648,66638
67648,49372
67648,36458
67648,39983
67648,53548
67648,78355
67648,8287
67648,58914
67648,88384
67648,59292
67648,58245
67648,41190
67648,3193
67648,60090
67648,26165
67648,64607
67648,47172
67648,50055
67648,49612
67648,36215
67648,16081
67648,63951
67648,54361
67648,70954
67648,9915
67648,84441
67648,30719
67648,49679
67648,27522
67648,16722
67648,27199
67648,80887
67648,99057
67648,80999
67648,43003
67648,72188
67648,19091
67648,80321
67648,36891
67648,45216
67648,88950
67648,53881
67648,24234
67648,29822
67648,97287
67648,42635
67648,47003
67648,67349
67648,61309
67648,58660
67648,57173
67648,34016
67648,65295
67648,93735
67648,26761
67648,9588
67648,15566
67648,37840
67648,28935
67648,92622
67648,78675
67648,39888
67648,70167
67648,6594
67648,15956
67648,35999
67648,42987
67648,78995
67648,8796
67648,70679
67648,76511
67648,50519
67648,12237
67648,45925
67648,43946
67648,13613
67648,28799
67648,24497
67648,10692
67648,68857
67648,48609
67648,2584
67648,37787
67648,84135
67648,18445
67648,28112
67648,29290
67648,79138
67648,39993
67648,99473
67648,16291
67648,12515
67648,36323
67648,73539
67648,42374
67648,9169
67648,80572
67648,17930
67648,65114
67648,33470
48119,99710
48119,53643
48119,91845
48119,36078
48119,22551
48119,14340
48119,81332
48119,44305
48119,3805
48119,72594
48119,34874
48119,87810
48119,83129
48119,91713
48119,81015
48119,39983
48119,87781
48119,95763
48119,38335
48119,64417
48119,8013
48119,50136
48119,49983
48119,65268
48119,1795
48119,47260
48119,6510
48119,62725
48119,58245
48119,22340
48119,65538
48119,78428
48119,51055
48119,70782
48119,78824
48119,3617
48119,13748
48119,51678
48119,64607
48119,83365
48119,50055
48119,98684
48119,78983
48119,17936
48119,49195
48119,18765
48119,97386
48119,65304
48119,54361
48119,84786
48119,39863
48119,30205
48119,43875
48119,63871
48119,34274
48119,84441
48119,82969
48119,1332
48119,27254
48119,64775
48119,21230
48119,23594
48119,27522
48119,24548
48119,13285
48119,85293
48119,48489
48119,16722
48119,14290
48119,80887
48119,51181
48119,99057
48119,18674
48119,19451
48119,27455
48119,5199
48119,11158
48119,29358
48119,40584
48119,61524
48119,88161
48119,94363
48119,95994
48119,53881
48119,48898
48119,15718
48119,75920
48119,24234
48119,59063
48119,16425
48119,63663
48119,49424
48119,73295
48119,13705
48119,39809
48119,59338
48119,29982
48119,79834
48119,8669
48119,68658
48119,54466
48119,96149
48119,60670
48119,82639
48119,72410
48119,76900
48119,21947
48119,14765
48119,55319
48119,21026
48119,9053
48119,47187
48119,28935
48119,39888
48119,84280
48119,26618
48119,14299
48119,18845
48119,74988
48119,99173
48119,78995
48119,21334
48119,42923
48119,12104
48119,62837
48119,38211
48119,70679
48119,63028
48119,7339
48119,29040
48119,82703
48119,6815
48119,79067
48119,57837
48119,31580
48119,13613
48119,44949
48119,43746
48119,48790
48119,90275
48119,28799
48119,61573
48119,61326
48119,11038
48119,68857
48119,10353
48119,48609
48119,4925
48119,37787
48119,12599
48119,85225
48119,57242
48119,62789
48119,8536
48119,76145
48119,33196
48119,72270
48119,77844
48119,7536
48119,5059
48119,61238
48119,43081
48119,27856
48119,39310
48119,18218
48119,39058
48119,88089
48119,49957
48119,29290
48119,74594
48119,87993
48119,42982
48119,88486
48119,85617
48119,37735
48119,99757
48119,96211
48119,92966
48119,16291
48119,92282
48119,65334
48119,13373
48119,63531
48119,9169
48119,13395
48119,89642
48119,88311
48119,66677
48119,32666
48119,89967
48119,51334
48119,94637
48119,652
48119,30776
48119,33252
48119,59530
50658,1064
50658,90965
50658,84230
50658,28680
50658,36078
50658,43735
50658,84178
50658,94916
50658,3545
50658,77939
50658,22517
50658,34874
50658,64451
50658,1272
50658,30965
50658,82241
50658,46461
50658,38578
50658,25310
50658,10520
50658,10563
50658,38932
50658,22048
50658,58914
50658,62725
50658,60388
50658,42452
50658,73445
50658,60211
50658,92155
50658,78373
50658,41190
50658,37570
50658,51451
50658,11125
50658,88776
50658,77441
50658,62803
50658,62704
50658,7697
50658,66992
50658,27671
50658,90375
50658,80519
50658,67649
50658,9891
50658,16081
50658,29884
50658,89332
50658,47066
50658,34053
50658,80996
50658,41019
50658,98151
50658,48244
50658,65271
50658,23594
50658,16722
50658,14421
50658,74365
50658,3924
50658,80999
50658,65432
50658,4071
50658,18030
50658,1198
50658,61524
50658,94363
50658,15718
50658,29822
50658,47003
50658,94691
50658,87941
50658,96507
50658,39809
50658,19152
50658,82814
50658,46428
50658,57173
50658,60670
50658,82639
50658,65295
50658,88953
50658,9053
50658,41473
50658,92622
50658,29682
50658,78675
50658,39888
50658,84280
50658,80842
50658,63297
50658,99173
50658,21334
50658,42923
50658,38798
50658,58617
50658,66626
50658,10513
50658,83902
50658,63028
50658,18165
50658,27266
50658,45925
50658,43946
50658,48745
50658,78665
50658,57782
50658,43746
50658,48790
50658,94730
50658,28799
50658,67009
50658,10353
50658,63620
50658,2584
50658,12599
50658,37106
50658,97900
50658,72598
50658,3913
50658,77844
50658,56489
50658,69125
50658,74722
50658,1829
50658,5059
50658,56407
50658,28112
50658,69661
50658,88089
50658,87993
50658,33450
50658,42982
50658,2677
50658,72466
50658,41543
50658,92282
50658,10424
50658,73409
50658,65334
50658,82704
50658,90650
50658,66677
50658,10059
50658,51334
50658,46196
50658,5062
50658,33470
50658,80200
50658,59530
83477,1064
83477,53926
83477,90965
83477,17253
83477,79668
83477,25155
83477,43561
83477,65887
83477,14613
83477,36078
83477,2126
83477,84178
83477,37624
83477,90113
83477,61726
83477,59135
83477,79650
83477,8980
83477,50306
83477,43092
83477,7612
83477,72594
83477,41448
83477,55515
83477,1503
83477,91713
83477,30965
83477,49372
83477,51625
83477,11960
83477,64417
83477,8013
83477,74059
83477,49983
83477,10563
83477,5957
83477,65268
83477,8287
83477,62725
83477,87765
83477,69995
83477,42452
83477,58245
83477,73798
83477,51055
83477,11125
83477,46431
83477,78824
83477,3617
83477,87239
83477,63014
83477,66992
83477,44582
83477,16897
83477,39301
83477,98684
83477,27671
83477,49195
83477,18765
83477,6262
83477,91
83477,16081
83477,47722
83477,89332
83477,46099
83477,12812
83477,92882
83477,54361
83477,80996
83477,70954
83477,66326
83477,41019
83477,38505
83477,92548
83477,97323
83477,82969
83477,93016
83477,34524
83477,81497
83477,92866
83477,2500
83477,88855
83477,49806
83477,97475
83477,34924
83477,16722
83477,28928
83477,36838
83477,54129
83477,99057
83477,46692
83477,80999
83477,27455
83477,65664
83477,51810
83477,29358
83477,45216
83477,87269
83477,12242
83477,61524
83477,94363
83477,88950
83477,113
83477,37195
83477,12138
83477,4177
83477,29822
83477,59063
83477,40753
83477,44313
83477,34808
83477,16425
83477,68416
83477,37512
83477,73295
83477,70511
83477,50883
83477,98521
83477,26261
83477,55814
83477,19152
83477,84822
83477,86997
83477,69465
83477,53695
83477,79834
83477,89757
83477,8669
83477,91314
83477,54466
83477,82847
83477,57173
83477,60670
83477,34016
83477,72410
83477,14765
83477,75444
83477,11775
83477,39383
83477,21026
83477,86161
83477,87456
83477,81743
83477,56529
83477,45841
83477,90219
83477,26074
83477,95853
83477,3588
83477,18845
83477,44976
83477,26638
83477,95995
83477,95265
83477,97247
83477,6856
83477,42923
83477,56747
83477,62837
83477,36422
83477,76511
83477,56359
83477,19147
83477,63028
83477,18165
83477,9239
83477,45925
83477,6815
83477,6090
83477,50307
83477,61025
83477,44949
83477,4027
83477,48790
83477,61573
83477,77841
83477,20130
83477,24497
83477,10692
83477,12333
83477,44244
83477,78177
83477,37787
83477,4232
83477,12599
83477,85225
83477,37106
83477,93507
83477,17736
83477,3913
83477,33196
83477,16758
83477,72270
83477,49942
83477,56489
83477,6374
83477,57589
83477,92100
83477,13278
83477,82741
83477,43081
83477,38591
83477,84098
83477,65896
83477,49957
83477,74594
83477,42982
83477,68607
83477,62826
83477,31910
83477,90034
83477,2677
83477,72466
83477,24072
83477,92966
83477,16216
83477,92282
83477,86447
83477,63531
83477,53352
83477,93387
83477,90307
83477,80572
83477,66677
83477,89967
83477,20515
83477,5062
83477,697
83477,25417
83477,74888
83477,97957
31181,84844
31181,12376
31181,90482
31181,1064
31181,41477
31181,70994
31181,94791
31181,69909
31181,99710
31181,79668
31181,57372
31181,29838
31181,43561
31181,14613
31181,59135
31181,79650
31181,8980
31181,22517
31181,3805
31181,72594
31181,41448
31181,1272
31181,91713
31181,39824
31181,46159
31181,11960
31181,50136
31181,76581
31181,48196
31181,1795
31181,58424
31181,26312
31181,60979
31181,7959
31181,72149
31181,50015
31181,42452
31181,54857
31181,24848
31181,73798
31181,57289
31181,65681
31181,30083
31181,39491
31181,11125
31181,88776
31181,77441
31181,39274
31181,40875
31181,3617
31181,68169
31181,62704
31181,22620
31181,7697
31181,63014
31181,44043
31181,97872
31181,83365
31181,82739
31181,98684
31181,2820
31181,29884
31181,92882
31181,63951
31181,71346
31181,80996
31181,20562
31181,70954
31181,74853
31181,41019
31181,84441
31181,27254
31181,42102
31181,81497
31181,90997
31181,74600
31181,24548
31181,23525
31181,26935
31181,27199
31181,63112
31181,7926
31181,43003
31181,65432
31181,4071
31181,29358
31181,36891
31181,31024
31181,32541
31181,40584
31181,87269
31181,25706
31181,53881
31181,59054
31181,84024
31181,37654
31181,49424
31181,37512
31181,73295
31181,87941
31181,25316
31181,73346
31181,74421
31181,47292
31181,19152
31181,72364
31181,48612
31181,82814
31181,95970
31181,37212
31181,64757
31181,54466
31181,10042
31181,47212
31181,9621
31181,57173
31181,36851
31181,14765
31181,47820
31181,9076
31181,1349
31181,88953
31181,72659
31181,87379
31181,59113
31181,81743
31181,41473
31181,78675
31181,56529
31181,36296
31181,95853
31181,6594
31181,71569
31181,28136
31181,70254
31181,69725
31181,6856
31181,85542
31181,62837
31181,30481
31181,44348
31181,58159
31181,58617
31181,19147
31181,27266
31181,70600
31181,6090
31181,48745
31181,85262
31181,44949
31181,94730
31181,29811
31181,77841
31181,59783
31181,20130
31181,62224
31181,61326
31181,24497
31181,10692
31181,19851
31181,68857
31181,63620
31181,21855
31181,37787
31181,18882
31181,4232
31181,92503
31181,72568
31181,93507
31181,17736
31181,29704
31181,74499
31181,56489
31181,74176
31181,27856
31181,69661
31181,48933
31181,39993
31181,87993
31181,998
31181,97754
31181,31910
31181,90034
31181,2677
31181,37735
31181,84551
31181,4809
31181,99473
31181,96211
31181,16291
31181,27660
31181,52703
31181,95796
31181,65334
31181,53352
31181,30692
31181,37022
31181,93387
31181,9320
31181,53056
31181,75733
31181,89967
31181,49307
31181,30776
31181,97957
68447,41477
68447,50797
68447,99322
68447,74649
68447,96311
68447,29838
68447,14210
68447,84178
68447,37624
68447,87030
68447,79650
68447,81332
68447,43092
68447,22517
68447,3805
68447,87810
68447,66638
68447,55515
68447,1503
68447,1272
68447,91713
68447,81015
68447,36458
68447,39079
68447,79095
68447,87781
68447,36875
68447,95763
68447,5957
68447,38932
68447,48196
68447,7959
68447,72149
68447,88384
68447,50015
68447,82315
68447,24848
68447,60211
68447,39080
68447,51055
68447,11125
68447,77441
68447,62803
68447,50055
68447,69711
68447,97893
68447,63866
68447,98684
68447,3228
68447,90375
68447,72277
68447,49612
68447,18765
68447,30614
68447,34053
68447,63951
68447,54361
68447,80996
68447,74853
68447,9915
68447,41019
68447,48244
68447,92655
68447,13512
68447,3086
68447,30719
68447,86289
68447,92866
68447,22807
68447,2500
68447,62153
68447,49806
68447,97475
68447,84059
68447,96691
68447,7926
68447,91832
68447,53082
68447,54974
68447,18030
68447,32541
68447,71128
68447,15889
68447,113
68447,40753
68447,91374
68447,37654
68447,42723
68447,49424
68447,73295
68447,87941
68447,98521
68447,81927
68447,82814
68447,61309
68447,79834
68447,89757
68447,6525
68447,91314
68447,57173
68447,52905
68447,34016
68447,36851
68447,13968
68447,16012
68447,26761
68447,28935
68447,53495
68447,14240
68447,59817
68447,45841
68447,80842
68447,6594
68447,48302
68447,71569
68447,15956
68447,35999
68447,99173
68447,26638
68447,95265
68447,21334
68447,10513
68447,19147
68447,28714
68447,70600
68447,31580
68447,50307
68447,13613
68447,48790
68447,64317
68447,2584
68447,4312
68447,57242
68447,72598
68447,17736
68447,40938
68447,74499
68447,16758
68447,72270
68447,45506
68447,34076
68447,1829
68447,61238
68447,55334
68447,84135
68447,18445
68447,13278
68447,82741
68447,43081
68447,33249
68447,18218
68447,17185
68447,88089
68447,29290
68447,45696
68447,2677
68447,84551
68447,41543
68447,96211
68447,92966
68447,95796
68447,35240
68447,89249
68447,53352
68447,37022
68447,93387
68447,9169
68447,61976
68447,89096
68447,10059
68447,39496
68447,33252
68447,44128
8709,84844
8709,1064
8709,41477
8709,97522
8709,46602
8709,50797
8709,53926
8709,84230
8709,99710
8709,53643
8709,14210
8709,37624
8709,79650
8709,50306
8709,66638
8709,83129
8709,1272
8709,39824
8709,53548
8709,69427
8709,25310
8709,50802
8709,8013
8709,96937
8709,60979
8709,72149
8709,88384
8709,36162
8709,92155
8709,91642
8709,65681
8709,78373
8709,51451
8709,11125
8709,77441
8709,3193
8709,3617
8709,62803
8709,2418
8709,63014
8709,43461
8709,89624
8709,94556
8709,3003
8709,97893
8709,7685
8709,78983
8709,16081
8709,97386
8709,47066
8709,94560
8709,7315
8709,45177
8709,82969
8709,42102
8709,78765
8709,13285
8709,64747
8709,43175
8709,23525
8709,26935
8709,97475
8709,82707
8709,3924
8709,62515
8709,65432
8709,34523
8709,80321
8709,24070
8709,4177
8709,59054
8709,37654
8709,63663
8709,3793
8709,24353
8709,48756
8709,98521
8709,55814
8709,96507
8709,67349
8709,53695
8709,95970
8709,61309
8709,6525
8709,91314
8709,95408
8709,36851
8709,11733
8709,55639
8709,59113
8709,53495
8709,41473
8709,29682
8709,99792
8709,80842
8709,26074
8709,95853
8709,6594
8709,8982
8709,71569
8709,76793
8709,35999
8709,99173
8709,26638
8709,56747
8709,76511
8709,83902
8709,56359
8709,19147
8709,63028
8709,18165
8709,28714
8709,37372
8709,79067
8709,61025
8709,45185
8709,90275
8709,23664
8709,64317
8709,57967
8709,68857
8709,63620
8709,37787
8709,78591
8709,8536
8709,29704
8709,40938
8709,49233
8709,45506
8709,7536
8709,51097
8709,73855
8709,84135
8709,13278
8709,33249
8709,17185
8709,28282
8709,48933
8709,9835
8709,45696
8709,33450
8709,42982
8709,21831
8709,96211
8709,52703
8709,12515
8709,65334
8709,53352
8709,42374
8709,80759
8709,91043
8709,66677
8709,46196
8709,85528
8709,697
8709,652
8709,30776
8709,1711
8709,80200
8709,97957
88725,90482
88725,54084
88725,70994
88725,94791
88725,53926
88725,90965
88725,99322
88725,73918
88725,53643
88725,28680
88725,6420
88725,37711
88725,88731
88725,40029
88725,3545
88725,77939
88725,64451
88725,1272
88725,69427
88725,11960
88725,64417
88725,8013
88725,24302
88725,50136
88725,58914
88725,88384
88725,69995
88725,42452
88725,73445
88725,73798
88725,88776
88725,13748
88725,89624
88725,66992
88725,83365
88725,69711
88725,2820
88725,13148
88725,90375
88725,17936
88725,89332
88725,47066
88725,8862
88725,34053
88725,63951
88725,39863
88725,42451
88725,9915
88725,66501
88725,41019
88725,98151
88725,48244
88725,38505
88725,3086
88725,19897
88725,21230
88725,90997
88725,49679
88725,70282
88725,78229
88725,22799
88725,43175
88725,2500
88725,26935
88725,97475
88725,34924
88725,63112
88725,74365
88725,83163
88725,18674
88725,80321
88725,36891
88725,32541
88725,24070
88725,71128
88725,87269
88725,88161
88725,88950
88725,48391
88725,91374
88725,34808
88725,49424
88725,68416
88725,48430
88725,13705
88725,19152
88725,84822
88725,58951
88725,46428
88725,89757
88725,47881
88725,57173
88725,21036
88725,26544
88725,21947
88725,14765
88725,65295
88725,47187
88725,73704
88725,37840
88725,59113
88725,39501
88725,63297
88725,48302
88725,2997
88725,42987
88725,69725
88725,6856
88725,8796
88725,38798
88725,56747
88725,58159
88725,66626
88725,19147
88725,73973
88725,82703
88725,7025
88725,64966
88725,77841
88725,62224
88725,21683
88725,48609
88725,75529
88725,60228
88725,29704
88725,76145
88725,74499
88725,72270
88725,56489
88725,18841
88725,61238
88725,55334
88725,39310
88725,17185
88725,20445
88725,49957
88725,68607
88725,97754
88725,84551
88725,41543
88725,92966
88725,10424
88725,63531
88725,89249
88725,42374
88725,9169
88725,7137
88725,90650
88725,19794
88725,16219
88725,89096
88725,10059
88725,51334
88725,46196
88725,5062
88725,697
88725,68532
88725,94637
88725,10958
88725,33252
88725,1711
22734,99710
22734,28680
22734,91845
22734,43735
22734,94916
22734,3545
22734,66638
22734,83129
22734,69427
22734,79095
22734,64417
22734,8287
22734,7959
22734,88384
22734,59292
22734,78373
22734,40875
22734,2418
22734,7697
22734,47172
22734,86807
22734,94556
22734,67649
22734,16081
22734,80996
22734,3086
22734,78765
22734,27199
22734,62515
22734,18674
22734,18030
22734,81052
22734,15889
22734,84595
22734,29822
22734,63663
22734,42723
22734,3793
22734,24353
22734,55814
22734,13705
22734,15096
22734,28935
22734,92622
22734,80842
22734,26074
22734,30170
22734,6594
22734,71569
22734,76793
22734,26638
22734,21334
22734,85542
22734,38798
22734,63028
22734,18165
22734,43946
22734,7025
22734,90275
22734,77942
22734,18882
22734,5059
22734,79102
22734,33450
22734,41543
22734,12515
22734,652
22734,25417
22734,10958
22734,44128
40283,40696
40283,41477
40283,46602
40283,50797
40283,90965
40283,79668
40283,53643
40283,15989
40283,91845
40283,49558
40283,14340
40283,20082
40283,90113
40283,79650
40283,81332
40283,72594
40283,10428
40283,87810
40283,82241
40283,46159
40283,69427
40283,11960
40283,36875
40283,95763
40283,59176
40283,10564
40283,50136
40283,76581
40283,65268
40283,35573
40283,58424
40283,29210
40283,58914
40283,62725
40283,59292
40283,69995
40283,73445
40283,24848
40283,73798
40283,51451
40283,28105
40283,11125
40283,77441
40283,78824
40283,51710
40283,3617
40283,26405
40283,51678
40283,94556
40283,26030
40283,97872
40283,44582
40283,13914
40283,27671
40283,2820
40283,30883
40283,72277
40283,6262
40283,36215
40283,71346
40283,80996
40283,66326
40283,74853
40283,41019
40283,45177
40283,48244
40283,84441
40283,92655
40283,82969
40283,1332
40283,42102
40283,64775
40283,78765
40283,74600
40283,92866
40283,78229
40283,64747
40283,85293
40283,57494
40283,48489
40283,14421
40283,28928
40283,80887
40283,36838
40283,18674
40283,43003
40283,72188
40283,58876
40283,82093
40283,45216
40283,12242
40283,61524
40283,88161
40283,94363
40283,88950
40283,113
40283,37195
40283,48898
40283,75920
40283,29822
40283,59063
40283,97287
40283,49424
40283,37512
40283,73295
40283,50883
40283,48756
40283,55814
40283,96507
40283,59338
40283,84822
40283,29982
40283,58951
40283,91314
40283,68658
40283,18276
40283,72929
40283,60670
40283,34016
40283,82639
40283,26544
40283,5943
40283,62943
40283,36851
40283,76900
40283,55319
40283,47820
40283,9076
40283,55639
40283,73704
40283,37840
40283,26618
40283,95338
40283,18845
40283,76327
40283,74988
40283,35999
40283,99173
40283,44976
40283,85542
40283,56747
40283,58159
40283,58617
40283,66626
40283,83902
40283,10343
40283,27266
40283,50519
40283,82703
40283,4027
40283,57782
40283,43746
40283,57967
40283,12407
40283,67009
40283,24497
40283,12333
40283,19851
40283,68857
40283,44244
40283,63777
40283,63620
40283,1674
40283,6463
40283,4312
40283,86833
40283,37106
40283,17736
40283,3913
40283,55184
40283,72270
40283,52708
40283,56489
40283,69125
40283,51097
40283,84135
40283,28112
40283,17185
40283,38591
40283,17526
40283,29290
40283,9835
40283,97754
40283,31910
40283,24072
40283,4809
40283,99757
40283,16216
40283,73409
40283,82704
40283,89249
40283,30692
40283,52638
40283,90650
40283,80572
40283,17930
40283,10059
40283,35079
40283,46196
40283,5062
40283,80686
40283,74088
40283,1711
42031,84844
42031,97522
42031,94791
42031,53926
42031,69909
42031,17253
42031,53643
42031,63867
42031,40029
42031,36078
42031,59121
42031,22551
42031,16021
42031,59135
42031,7612
42031,72594
42031,83129
42031,1503
42031,70434
42031,81015
42031,36458
42031,38335
42031,64417
42031,49983
42031,10563
42031,60388
42031,42452
42031,98463
42031,82315
42031,36866
42031,73445
42031,58245
42031,65681
42031,4731
42031,63014
42031,43461
42031,16897
42031,39301
42031,13914
42031,98684
42031,6262
42031,16081
42031,48721
42031,47066
42031,8862
42031,70954
42031,1862
42031,9915
42031,41019
42031,98151
42031,62905
42031,6346
42031,92655
42031,13512
42031,93016
42031,25460
42031,64775
42031,90997
42031,70282
42031,24548
42031,84059
42031,14421
42031,28928
42031,54129
42031,19487
42031,99057
42031,99162
42031,18674
42031,72188
42031,4071
42031,58876
42031,66075
42031,36891
42031,32541
42031,87269
42031,61524
42031,25706
42031,88950
42031,48391
42031,24234
42031,59054
42031,91374
42031,34808
42031,63663
42031,42723
42031,70511
42031,94691
42031,25316
42031,26261
42031,55814
42031,47292
42031,67349
42031,61309
42031,58660
42031,47881
42031,57173
42031,11766
42031,72410
42031,21947
42031,55319
42031,39383
42031,86161
42031,9588
42031,47187
42031,90219
42031,62293
42031,76793
42031,15956
42031,99173
42031,95995
42031,78374
42031,8796
42031,58617
42031,12237
42031,6815
42031,79589
42031,6090
42031,50307
42031,94730
42031,77841
42031,12407
42031,62224
42031,61326
42031,67009
42031,24497
42031,19851
42031,22436
42031,48609
42031,78177
42031,2584
42031,75529
42031,4312
42031,37106
42031,17736
42031,3913
42031,90546
42031,40938
42031,72270
42031,45506
42031,11238
42031,18841
42031,51097
42031,18445
42031,13278
42031,69661
42031,79138
42031,39993
42031,21831
42031,31910
42031,85617
42031,18808
42031,92282
42031,12515
42031,91319
42031,9169
42031,53056
42031,89642
42031,32666
42031,10059
42031,20515
42031,652
42031,33252
42031,74888
42031,33470
42031,80200
42031,59530
74147,14210
74147,61726
74147,59135
74147,8980
74147,30965
74147,70434
74147,46159
74147,11960
74147,79095
74147,36875
74147,10520
74147,64417
74147,6510
74147,69995
74147,60211
74147,57289
74147,30083
74147,39491
74147,4731
74147,40875
74147,3617
74147,62704
74147,66992
74147,39301
74147,98684
74147,18765
74147,91
74147,47722
74147,94560
74147,74853
74147,66501
74147,46061
74147,62905
74147,6
74147,3086
74147,96678
74147,27522
74147,13285
74147,22799
74147,57494
74147,43175
74147,21793
74147,80999
74147,91832
74147,54974
74147,51810
74147,19091
74147,86538
74147,12138
74147,59054
74147,40753
74147,84024
74147,37512
74147,87941
74147,84822
74147,86997
74147,47881
74147,57173
74147,15096
74147,36851
74147,65295
74147,47820
74147,1349
74147,26761
74147,87379
74147,73704
74147,59113
74147,84280
74147,80842
74147,93464
74147,99173
74147,21334
74147,42923
74147,56747
74147,36422
74147,76511
74147,99290
74147,18165
74147,29040
74147,82703
74147,6090
74147,50307
74147,13613
74147,45770
74147,63620
74147,76147
74147,2584
74147,75529
74147,4312
74147,78591
74147,97900
74147,76145
74147,33196
74147,1829
74147,51097
74147,61238
74147,57589
74147,82741
74147,74176
74147,43081
74147,18218
74147,9835
74147,87993
74147,41543
74147,4809
74147,92282
74147,91319
74147,86447
74147,35240
74147,93387
74147,91043
74147,7137
74147,90650
74147,89096
74147,46196
74147,94637
74147,49307
74147,30776
74147,74088
74147,1711
76723,84844
76723,40696
76723,1064
76723,41477
76723,97522
76723,50797
76723,70994
76723,12999
76723,94649
76723,99710
76723,12361
76723,28680
76723,695
76723,37605
76723,96311
76723,15989
76723,14613
76723,36078
76723,14210
76723,73945
76723,84178
76723,98122
76723,14340
76723,87030
76723,44305
76723,7612
76723,64451
76723,30965
76723,36458
76723,69427
76723,39079
76723,11960
76723,93944
76723,49983
76723,5957
76723,1795
76723,47260
76723,96937
76723,60979
76723,7959
76723,88384
76723,60388
76723,50015
76723,54857
76723,24848
76723,73798
76723,65538
76723,51846
76723,65681
76723,39491
76723,37570
76723,3193
76723,13748
76723,47172
76723,58143
76723,43461
76723,66992
76723,97872
76723,3003
76723,50055
76723,39301
76723,7685
76723,90375
76723,17936
76723,18765
76723,36215
76723,47066
76723,12812
76723,51431
76723,80996
76723,70954
76723,42451
76723,66501
76723,7315
76723,65271
76723,38505
76723,13512
76723,3086
76723,1332
76723,30719
76723,81497
76723,17740
76723,27522
76723,43175
76723,48489
76723,82707
76723,80887
76723,51181
76723,83163
76723,62515
76723,80999
76723,65432
76723,65746
76723,54974
76723,65664
76723,28495
76723,84595
76723,29822
76723,96472
76723,59063
76723,59054
76723,42635
76723,16425
76723,63663
76723,68416
76723,55814
76723,39809
76723,59338
76723,19152
76723,84822
76723,86997
76723,82814
76723,61309
76723,46428
76723,6525
76723,91314
76723,11766
76723,62943
76723,75444
76723,65295
76723,39351
76723,55639
76723,93735
76723,55587
76723,37840
76723,56529
76723,84280
76723,90219
76723,80842
76723,26074
76723,62293
76723,93464
76723,30170
76723,8982
76723,2997
76723,44976
76723,70254
76723,26638
76723,97247
76723,6856
76723,78374
76723,42923
76723,8796
76723,58159
76723,99290
76723,64039
76723,7339
76723,29040
76723,82703
76723,38589
76723,7025
76723,43746
76723,60730
76723,57967
76723,20130
76723,81307
76723,94202
76723,62224
76723,19851
76723,1674
76723,98306
76723,40938
76723,49233
76723,49942
76723,10188
76723,56489
76723,7536
76723,74722
76723,5059
76723,73855
76723,56407
76723,61238
76723,6374
76723,84135
76723,57589
76723,13278
76723,27856
76723,28112
76723,28282
76723,69661
76723,74594
76723,79138
76723,45696
76723,87993
76723,8697
76723,42982
76723,21831
76723,61825
76723,97567
76723,65163
76723,85617
76723,4809
76723,99757
76723,10424
76723,63531
76723,53352
76723,73873
76723,13395
76723,19794
76723,16219
76723,17930
76723,10059
76723,697
76723,94637
76723,74088
76723,52110
76723,97957
35455,50797
35455,12999
35455,69909
35455,37711
35455,15989
35455,49558
35455,40029
35455,98122
35455,37624
35455,59135
35455,72594
35455,55515
35455,1272
35455,51625
35455,82241
35455,46159
35455,46461
35455,11960
35455,25310
35455,68556
35455,73798
35455,9150
35455,39080
35455,51055
35455,51451
35455,77441
35455,29923
35455,62803
35455,51678
35455,7697
35455,64607
35455,43461
35455,7685
35455,90375
35455,30614
35455,92882
35455,51431
35455,54361
35455,84786
35455,43875
35455,41019
35455,63871
35455,7315
35455,34274
35455,98151
35455,38505
35455,82969
35455,1332
35455,90997
35455,27522
35455,48489
35455,74365
35455,80887
35455,91832
35455,4071
35455,54974
35455,51810
35455,19091
35455,45216
35455,24070
35455,87269
35455,1198
35455,15889
35455,48898
35455,4177
35455,59054
35455,49424
35455,68416
35455,71951
35455,66004
35455,24353
35455,81927
35455,47292
35455,59338
35455,84822
35455,69465
35455,53695
35455,46428
35455,6525
35455,58660
35455,68658
35455,72929
35455,42819
35455,75444
35455,4272
35455,55319
35455,39351
35455,47820
35455,9076
35455,9053
35455,47187
35455,73704
35455,14240
35455,20149
35455,36296
35455,95265
35455,21334
35455,78374
35455,12104
35455,30481
35455,9239
35455,79067
35455,48745
35455,57782
35455,45185
35455,90275
35455,12407
35455,77942
35455,63777
35455,48609
35455,92503
35455,74722
35455,18841
35455,56407
35455,55334
35455,92100
35455,82741
35455,28112
35455,42982
35455,35093
35455,10424
35455,86447
35455,13373
35455,82704
35455,37022
35455,52638
35455,19794
35455,88311
35455,74088
35455,59530
35455,7197
78805,84844
78805,2885
78805,46602
78805,90965
78805,69909
78805,99322
78805,94649
78805,99710
78805,29759
78805,14210
78805,59121
78805,14340
78805,87030
78805,77939
78805,55515
78805,30965
78805,70392
78805,82241
78805,87781
78805,24302
78805,76581
78805,10563
78805,58424
78805,60979
78805,59292
78805,76017
78805,69995
78805,98463
78805,36866
78805,24848
78805,73733
78805,11153
78805,41435
78805,3193
78805,40875
78805,7697
78805,66992
78805,26030
78805,39301
78805,63866
78805,2820
78805,13148
78805,29628
78805,72277
78805,49612
78805,48721
78805,97386
78805,71870
78805,51431
78805,98151
78805,38505
78805,42102
78805,86289
78805,21230
78805,81497
78805,49679
78805,13285
78805,91223
78805,48489
78805,34924
78805,14421
78805,63112
78805,19487
78805,75147
78805,80999
78805,91832
78805,33181
78805,29358
78805,40584
78805,81052
78805,87269
78805,12242
78805,53881
78805,97287
78805,42635
78805,48430
78805,50883
78805,66004
78805,81927
78805,47292
78805,59338
78805,82814
78805,61309
78805,58660
78805,18276
78805,82847
78805,60670
78805,11766
78805,26544
78805,14765
78805,87456
78805,39501
78805,99792
78805,36296
78805,70167
78805,14299
78805,8982
78805,28136
78805,26638
78805,42987
78805,69725
78805,21334
78805,30846
78805,42923
78805,30481
78805,70679
78805,58617
78805,10513
78805,99290
78805,7339
78805,50519
78805,6090
78805,61025
78805,7025
78805,77841
78805,12407
78805,67009
78805,11038
78805,44244
78805,78177
78805,4312
78805,18882
78805,59844
78805,85225
78805,76145
78805,3913
78805,55184
78805,34076
78805,74722
78805,1829
78805,55334
78805,84135
78805,18218
78805,20762
78805,79138
78805,85038
78805,99473
78805,16216
78805,27660
78805,92282
78805,73409
78805,91319
78805,99454
78805,73539
78805,90650
78805,89642
78805,65114
78805,10059
78805,90808
78805,1318
78805,46196
78805,94637
78805,652
78805,30776
78805,33470
38556,54084
38556,97522
38556,2885
38556,94791
38556,84230
38556,99710
38556,53643
38556,28680
38556,25155
38556,37711
38556,63867
38556,14613
38556,73945
38556,84178
38556,83129
38556,70434
38556,36458
38556,46159
38556,53548
38556,87781
38556,36875
38556,64417
38556,8013
38556,74059
38556,68556
38556,1795
38556,76017
38556,50015
38556,42452
38556,98463
38556,54857
38556,82315
38556,36866
38556,22340
38556,11153
38556,78428
38556,11125
38556,23385
38556,63866
38556,29628
38556,90375
38556,80519
38556,16081
38556,47066
38556,71346
38556,39863
38556,34274
38556,84441
38556,13512
38556,92548
38556,30860
38556,64775
38556,49679
38556,57494
38556,88855
38556,14290
38556,46692
38556,7926
38556,80999
38556,91832
38556,43003
38556,53082
38556,27455
38556,29358
38556,81052
38556,87269
38556,1198
38556,25706
38556,12138
38556,7021
38556,96472
38556,63663
38556,49424
38556,87941
38556,48430
38556,71951
38556,55814
38556,39809
38556,19152
38556,58660
38556,10042
38556,72929
38556,60670
38556,52905
38556,79870
38556,26544
38556,36851
38556,13968
38556,72659
38556,59113
38556,80842
38556,95853
38556,76793
38556,76327
38556,26638
38556,69725
38556,30846
38556,97247
38556,6856
38556,12104
38556,38211
38556,56359
38556,63028
38556,27266
38556,79067
38556,6090
38556,85262
38556,17354
38556,71663
38556,77942
38556,67009
38556,19851
38556,22436
38556,67747
38556,63777
38556,1674
38556,75529
38556,86833
38556,8536
38556,93507
38556,49942
38556,11238
38556,51097
38556,55334
38556,58681
38556,32176
38556,27856
38556,39310
38556,18218
38556,8697
38556,88486
38556,21831
38556,62826
38556,41543
38556,91319
38556,18064
38556,86447
38556,99454
38556,61976
38556,75733
38556,10059
38556,10958
38556,33470
38556,59530
76185,90482
76185,2885
76185,46602
76185,94791
76185,28620
76185,17253
76185,37605
76185,96311
76185,29838
76185,43561
76185,40029
76185,43735
76185,14340
76185,20082
76185,55515
76185,1503
76185,70434
76185,49372
76185,70392
76185,46461
76185,39983
76185,53548
76185,78355
76185,8013
76185,10563
76185,38932
76185,46068
76185,47260
76185,76017
76185,69995
76185,50426
76185,54857
76185,36162
76185,36866
76185,73445
76185,65538
76185,39080
76185,91642
76185,30083
76185,78373
76185,41190
76185,51451
76185,22648
76185,88776
76185,77441
76185,70782
76185,78824
76185,29923
76185,62803
76185,87239
76185,23385
76185,22620
76185,64607
76185,86807
76185,43461
76185,94556
76185,82739
76185,39301
76185,44672
76185,2820
76185,30883
76185,3228
76185,29628
76185,18765
76185,30614
76185,6262
76185,36215
76185,16081
76185,97386
76185,8862
76185,71870
76185,12812
76185,71346
76185,70954
76185,39863
76185,30205
76185,1862
76185,9915
76185,66501
76185,48244
76185,85851
76185,6
76185,97323
76185,1332
76185,30719
76185,64775
76185,96678
76185,81497
76185,27522
76185,78229
76185,22807
76185,65472
76185,34924
76185,82707
76185,14290
76185,19487
76185,7926
76185,21092
76185,19451
76185,65746
76185,58876
76185,51810
76185,45216
76185,98615
76185,89459
76185,61524
76185,88161
76185,88950
76185,48391
76185,59054
76185,63663
76185,3793
76185,41743
76185,66004
76185,96507
76185,13705
76185,20079
76185,53695
76185,82814
76185,79834
76185,9031
76185,89757
76185,58660
76185,54466
76185,96149
76185,15096
76185,26544
76185,5943
76185,36851
76185,21947
76185,14765
76185,53770
76185,11775
76185,39383
76185,39351
76185,21026
76185,34448
76185,55587
76185,49068
76185,72659
76185,87379
76185,87456
76185,47187
76185,14240
76185,92622
76185,26618
76185,26074
76185,93464
76185,6594
76185,8982
76185,28136
76185,18845
76185,76327
76185,44976
76185,87505
76185,78995
76185,95265
76185,42923
76185,12104
76185,8796
76185,58617
76185,66626
76185,76511
76185,18165
76185,37372
76185,50519
76185,9239
76185,17354
76185,77964
76185,28799
76185,20130
76185,12407
76185,61326
76185,21683
76185,36956
76185,10692
76185,45770
76185,19851
76185,22436
76185,44244
76185,67747
76185,96932
76185,4925
76185,8628
76185,75529
76185,57242
76185,37106
76185,73386
76185,97900
76185,8536
76185,72598
76185,17736
76185,33196
76185,74499
76185,82993
76185,72270
76185,49942
76185,45506
76185,52708
76185,73855
76185,66713
76185,84135
76185,96402
76185,58681
76185,57589
76185,32176
76185,39310
76185,18218
76185,17185
76185,20445
76185,40557
76185,48933
76185,88089
76185,17526
76185,49957
76185,45696
76185,33450
76185,8697
76185,42982
76185,62826
76185,31910
76185,37735
76185,41543
76185,85038
76185,99473
76185,82704
76185,64575
76185,91043
76185,13395
76185,90307
76185,89642
76185,80572
76185,90085
76185,88311
76185,75733
76185,89967
76185,20515
76185,90808
76185,46196
76185,652
76185,10958
76185,80200
76185,44128
33073,2885
33073,37711
33073,63867
33073,14613
33073,40029
33073,37624
33073,59135
33073,79650
33073,43092
33073,34874
33073,70434
33073,36458
33073,51625
33073,46159
33073,5957
33073,48196
33073,47260
33073,60979
33073,87765
33073,42452
33073,60211
33073,65538
33073,4731
33073,51678
33073,43461
33073,39301
33073,7685
33073,29628
33073,28429
33073,36215
33073,89332
33073,97386
33073,92882
33073,6
33073,92548
33073,3086
33073,1332
33073,81497
33073,90997
33073,49679
33073,27522
33073,2500
33073,26935
33073,28928
33073,19487
33073,46692
33073,92236
33073,7926
33073,65664
33073,82093
33073,24070
33073,1198
33073,88161
33073,59063
33073,84024
33073,3793
33073,13122
33073,81927
33073,67349
33073,58951
33073,61309
33073,46428
33073,54466
33073,10042
33073,9621
33073,72929
33073,52905
33073,72410
33073,95408
33073,93735
33073,34448
33073,14240
33073,78675
33073,26618
33073,20149
33073,36296
33073,26074
33073,95853
33073,30846
33073,6856
33073,42923
33073,28714
33073,29040
33073,45925
33073,6815
33073,6090
33073,13613
33073,17354
33073,43746
33073,90275
33073,77841
33073,77942
33073,22436
33073,75529
33073,18882
33073,3101
33073,97900
33073,76145
33073,3913
33073,18841
33073,61238
33073,6374
33073,66713
33073,13278
33073,17185
33073,29290
33073,79138
33073,87993
33073,42982
33073,35093
33073,37735
33073,92282
33073,99454
33073,63531
33073,73539
33073,64575
33073,80572
33073,90085
33073,88311
33073,89967
33073,33470
33073,97957
88192,53926
88192,63867
88192,79650
88192,95607
88192,64416
88192,22517
88192,41448
88192,11960
88192,62725
88192,36162
88192,7697
88192,89624
88192,82739
88192,98684
88192,14531
88192,66501
88192,74600
88192,43175
88192,54129
88192,15889
88192,95994
88192,48391
88192,70511
88192,87941
88192,50883
88192,98521
88192,48612
88192,91314
88192,13968
88192,86161
88192,59817
88192,90219
88192,99173
88192,50307
88192,13613
88192,48745
88192,78665
88192,7025
88192,81307
88192,68857
88192,67747
88192,98306
88192,72270
88192,74722
88192,13278
88192,28112
88192,20445
88192,42982
88192,92282
88192,95796
88192,53056
88192,68532
88192,97957
58132,40696
58132,46602
58132,90965
58132,28680
58132,57372
58132,15989
58132,91845
58132,14613
58132,40029
58132,81332
58132,72594
58132,64451
58132,95763
58132,38335
58132,24302
58132,74059
58132,76581
58132,22048
58132,8287
58132,46068
58132,35573
58132,60388
58132,82315
58132,36866
58132,24848
58132,73798
58132,60211
58132,41190
58132,4731
58132,3193
58132,78824
58132,23385
58132,47172
58132,86807
58132,43461
58132,83365
58132,69711
58132,16897
58132,76214
58132,90375
58132,78983
58132,97386
58132,71870
58132,39863
58132,50886
58132,46061
58132,6346
58132,84441
58132,3086
58132,64775
58132,19897
58132,74600
58132,70282
58132,92866
58132,24548
58132,13285
58132,64747
58132,14421
58132,74365
58132,28928
58132,19487
58132,75147
58132,99057
58132,46692
58132,83163
58132,80999
58132,65746
58132,80321
58132,24070
58132,89459
58132,61524
58132,15718
58132,59063
58132,42635
58132,34808
58132,42723
58132,49424
58132,37512
58132,70511
58132,73346
58132,41743
58132,81927
58132,67349
58132,61309
58132,9031
58132,89757
58132,58660
58132,60670
58132,82639
58132,76900
58132,21947
58132,53770
58132,93735
58132,21026
58132,81743
58132,41473
58132,39888
58132,20149
58132,62293
58132,95853
58132,6594
58132,15956
58132,35999
58132,26638
58132,84622
58132,95265
58132,97247
58132,38211
58132,58617
58132,83902
58132,63028
58132,50519
58132,9239
58132,70600
58132,6090
58132,7025
58132,12407
58132,62224
58132,61326
58132,21683
58132,24497
58132,68857
58132,44244
58132,63620
58132,96932
58132,1674
58132,18882
58132,59844
58132,57242
58132,72568
58132,93507
58132,72598
58132,76145
58132,18841
58132,61238
58132,18445
58132,20762
58132,20445
58132,40557
58132,69661
58132,74594
58132,39993
58132,97567
58132,65163
58132,2677
58132,35093
58132,24072
58132,92966
58132,16291
58132,27660
58132,52703
58132,65334
58132,86447
58132,9320
58132,13395
58132,47458
58132,20515
58132,25838
58132,94637
58132,652
58132,74088
58132,52110
58132,44128
21156,84844
21156,40696
21156,1064
21156,2885
21156,46602
21156,53926
21156,53643
21156,57372
21156,6420
21156,74649
21156,37711
21156,91845
21156,88731
21156,40029
21156,2126
21156,73945
21156,59121
21156,79650
21156,8980
21156,50306
21156,44305
21156,22517
21156,83129
21156,49372
21156,81015
21156,70392
21156,39983
21156,11960
21156,25310
21156,20460
21156,36875
21156,10520
21156,76581
21156,5957
21156,38932
21156,8287
21156,46068
21156,60979
21156,7959
21156,88384
21156,62725
21156,50426
21156,60211
21156,57289
21156,30083
21156,78373
21156,51451
21156,4731
21156,77441
21156,60090
21156,26165
21156,3617
21156,26405
21156,63014
21156,43461
21156,66992
21156,97872
21156,8309
21156,69711
21156,82739
21156,13914
21156,76214
21156,17936
21156,9891
21156,30614
21156,36215
21156,89332
21156,46099
21156,65304
21156,80996
21156,39863
21156,42451
21156,74853
21156,50886
21156,48244
21156,6346
21156,84441
21156,13512
21156,64775
21156,96678
21156,49679
21156,70282
21156,78229
21156,64747
21156,22799
21156,43175
21156,23525
21156,49806
21156,97475
21156,74365
21156,21793
21156,36838
21156,43003
21156,72188
21156,18030
21156,34523
21156,98615
21156,48391
21156,24234
21156,59063
21156,37654
21156,42723
21156,48430
21156,25316
21156,73346
21156,41743
21156,13705
21156,39809
21156,47292
21156,59338
21156,84822
21156,46828
21156,53695
21156,82847
21156,95408
21156,36851
21156,76900
21156,19028
21156,55319
21156,53770
21156,65295
21156,21026
21156,37840
21156,59113
21156,14240
21156,92622
21156,26618
21156,45841
21156,20149
21156,62293
21156,15956
21156,76327
21156,42987
21156,21334
21156,38211
21156,36422
21156,10513
21156,3
21156,18165
21156,28714
21156,73973
21156,9239
21156,82703
21156,43946
21156,6090
21156,45185
21156,7025
21156,28799
21156,64966
21156,61573
21156,81307
21156,62224
21156,61326
21156,36956
21156,10692
21156,68857
21156,10353
21156,63620
21156,1674
21156,21855
21156,78177
21156,75529
21156,37787
21156,98306
21156,8536
21156,72598
21156,90546
21156,33196
21156,40938
21156,49233
21156,49942
21156,45506
21156,10188
21156,56489
21156,74722
21156,18841
21156,62851
21156,92100
21156,39310
21156,28112
21156,39058
21156,17185
21156,40557
21156,69661
21156,88089
21156,79138
21156,42982
21156,90034
21156,2677
21156,16216
21156,27660
21156,10424
21156,65334
21156,18064
21156,86447
21156,99454
21156,90307
21156,80572
21156,1318
21156,85528
21156,5062
21156,68532
21156,49307
21156,74088
21156,21236
21156,52110
21156,33470
21156,80200
21156,44128
89993,40696
89993,53643
89993,20082
89993,11960
89993,10520
89993,89592
89993,38932
89993,48196
89993,78824
89993,47172
89993,94556
89993,39301
89993,62707
89993,17936
89993,14531
89993,91
89993,47722
89993,47066
89993,28110
89993,66326
89993,50886
89993,27522
89993,18674
89993,19091
89993,80321
89993,82093
89993,42635
89993,68416
89993,37512
89993,81927
89993,13705
89993,47292
89993,86997
89993,60670
89993,34016
89993,26544
89993,76900
89993,65295
89993,88953
89993,84280
89993,6594
89993,87505
89993,26638
89993,84622
89993,42923
89993,56747
89993,18165
89993,73973
89993,70600
89993,82703
89993,6090
89993,78665
89993,94730
89993,61573
89993,76147
89993,8628
89993,75529
89993,78591
89993,57242
89993,37106
89993,34076
89993,61238
89993,82741
89993,92966
89993,16216
89993,95796
89993,86447
89993,35240
89993,7137
89993,94637
89993,33252
87424,54084
87424,46602
87424,94791
87424,12361
87424,74649
87424,14340
87424,50306
87424,43092
87424,44305
87424,93944
87424,88384
87424,62725
87424,82315
87424,73798
87424,65681
87424,7697
87424,66992
87424,6262
87424,63951
87424,80996
87424,70954
87424,66501
87424,13512
87424,49679
87424,23594
87424,24548
87424,7926
87424,79278
87424,4071
87424,82093
87424,75920
87424,84024
87424,97287
87424,39809
87424,82814
87424,11766
87424,4272
87424,65295
87424,81743
87424,63297
87424,8982
87424,71569
87424,35999
87424,70254
87424,44348
87424,56359
87424,48745
87424,36956
87424,76147
87424,21855
87424,8536
87424,40938
87424,49233
87424,34076
87424,79138
87424,21831
87424,53352
87424,61976
87424,10059
87424,21236
87424,1711
87424,80200
87424,97957
8691,39885
8691,17253
8691,53643
8691,32818
8691,695
8691,29838
8691,65887
8691,14613
8691,88731
8691,40029
8691,84178
8691,59121
8691,37624
8691,20082
8691,95607
8691,34874
8691,87810
8691,83129
8691,30965
8691,70434
8691,49372
8691,82241
8691,93944
8691,64417
8691,10563
8691,5957
8691,8287
8691,58424
8691,96937
8691,87765
8691,69995
8691,50015
8691,42452
8691,73798
8691,91642
8691,51055
8691,41190
8691,70782
8691,40875
8691,51710
8691,7697
8691,58143
8691,66992
8691,26030
8691,69711
8691,16897
8691,63866
8691,98684
8691,27671
8691,13148
8691,9891
8691,30614
8691,29884
8691,34053
8691,65304
8691,94560
8691,1862
8691,43875
8691,13875
8691,7315
8691,45177
8691,13512
8691,27254
8691,86289
8691,78765
8691,74600
8691,62153
8691,97475
8691,16722
8691,27199
8691,22528
8691,14290
8691,36854
8691,65432
8691,4071
8691,65746
8691,54974
8691,51810
8691,82093
8691,32541
8691,61524
8691,48391
8691,84595
8691,29822
8691,84024
8691,34808
8691,47003
8691,73295
8691,70511
8691,48756
8691,81927
8691,96507
8691,13705
8691,84822
8691,72364
8691,53695
8691,61309
8691,46428
8691,9031
8691,6525
8691,52905
8691,42819
8691,5943
8691,11733
8691,53770
8691,39383
8691,47820
8691,1349
8691,88953
8691,49068
8691,47187
8691,28935
8691,41473
8691,59817
8691,92622
8691,39501
8691,78675
8691,26618
8691,90219
8691,63297
8691,62293
8691,14299
8691,8982
8691,99173
8691,21334
8691,42923
8691,38798
8691,56747
8691,62837
8691,76511
8691,10513
8691,3
8691,83902
8691,19147
8691,63028
8691,18165
8691,73973
8691,7339
8691,29040
8691,6815
8691,48745
8691,17354
8691,43746
8691,48790
8691,94730
8691,28799
8691,23664
8691,81307
8691,12407
8691,10692
8691,22436
8691,63620
8691,8628
8691,21855
8691,37787
8691,4312
8691,4232
8691,12599
8691,73386
8691,72568
8691,97900
8691,93507
8691,29704
8691,76145
8691,82993
8691,49942
8691,10188
8691,56489
8691,7536
8691,18841
8691,62851
8691,84135
8691,74176
8691,79102
8691,43081
8691,18218
8691,17185
8691,49957
8691,9835
8691,79138
8691,87993
8691,88486
8691,62826
8691,97754
8691,37735
8691,72466
8691,4809
8691,16216
8691,10424
8691,65334
8691,99454
8691,93387
8691,73873
8691,90307
8691,75733
8691,89967
8691,85528
8691,64597
8691,49307
8691,74088
8691,44128
8691,97957
22622,54084
22622,69909
22622,73918
22622,79668
22622,57372
22622,37605
22622,29838
22622,2126
22622,98122
22622,59135
22622,79650
22622,72594
22622,66638
22622,70434
22622,81015
22622,69427
22622,25310
22622,87781
22622,95594
22622,64417
22622,38932
22622,65268
22622,8287
22622,35573
22622,26312
22622,76017
22622,50426
22622,60211
22622,92155
22622,65538
22622,78428
22622,51846
22622,78373
22622,11125
22622,88776
22622,77441
22622,70782
22622,3193
22622,60090
22622,51710
22622,2418
22622,10079
22622,23385
22622,22620
22622,7697
22622,63014
22622,43461
22622,94556
22622,3003
22622,62707
22622,63866
22622,98684
22622,474
22622,72277
22622,6262
22622,48721
22622,97386
22622,47066
22622,8862
22622,54361
22622,80996
22622,39863
22622,42451
22622,1862
22622,9915
22622,41019
22622,62905
22622,85851
22622,6346
22622,84441
22622,1836
22622,13512
22622,92548
22622,93016
22622,30860
22622,27522
22622,74600
22622,88855
22622,1608
22622,97475
22622,34924
22622,84059
22622,18674
22622,79278
22622,65432
22622,65746
22622,51810
22622,18030
22622,19091
22622,29358
22622,80321
22622,36891
22622,45216
22622,81052
22622,61524
22622,88161
22622,88950
22622,53881
22622,37195
22622,48898
22622,12138
22622,24234
22622,84024
22622,16425
22622,37654
22622,63663
22622,37512
22622,94691
22622,25316
22622,13122
22622,81927
22622,47292
22622,86997
22622,58951
22622,9031
22622,64757
22622,8669
22622,6525
22622,18276
22622,47881
22622,60670
22622,72410
22622,5943
22622,36851
22622,14425
22622,53770
22622,11775
22622,86161
22622,34448
22622,81743
22622,45841
22622,26074
22622,95853
22622,14299
22622,35999
22622,44976
22622,78995
22622,42923
22622,30481
22622,44348
22622,58159
22622,70679
22622,58617
22622,84083
22622,19147
22622,10343
22622,27266
22622,6090
22622,50307
22622,4027
22622,94202
22622,24497
22622,10692
22622,12333
22622,11038
22622,19851
22622,10353
22622,22436
22622,76147
22622,78177
22622,4312
22622,3101
22622,37106
22622,72568
22622,60228
22622,8536
22622,49233
22622,72270
22622,45506
22622,52708
22622,7536
22622,74722
22622,18841
22622,56407
22622,58681
22622,13278
22622,33249
22622,39310
22622,28112
22622,40557
22622,65896
22622,88089
22622,87993
22622,33450
22622,8697
22622,42982
22622,90034
22622,85617
22622,18808
22622,16216
22622,12515
22622,73409
22622,86447
22622,13373
22622,73539
22622,42374
22622,91043
22622,53056
22622,89642
22622,80572
22622,95180
22622,88311
22622,10958
22622,49307
22622,74088
22622,52110
22622,1711
22622,80200
22622,97957
90659,8980
90659,1503
90659,81015
90659,39079
90659,87781
90659,69995
90659,36162
90659,57289
90659,30083
90659,4731
90659,40875
90659,68169
90659,58143
90659,89624
90659,98684
90659,78983
90659,48721
90659,65304
90659,42451
90659,6
90659,92866
90659,43175
90659,5199
90659,29358
90659,15889
90659,25706
90659,95994
90659,40753
90659,50883
90659,98521
90659,95970
90659,6525
90659,13968
90659,65295
90659,87379
90659,45841
90659,78995
90659,79067
90659,57837
90659,13613
90659,48745
90659,78665
90659,68857
90659,12599
90659,29704
90659,33196
90659,45506
90659,74722
90659,74176
90659,20445
90659,48933
90659,9835
90659,21831
90659,998
90659,2677
90659,4809
90659,30568
90659,91319
90659,63531
90659,53056
90659,39496
90659,51334
90659,10958
90659,97957
24617,54084
24617,70994
24617,94791
24617,43561
24617,14210
24617,81332
24617,22517
24617,41448
24617,34874
24617,64451
24617,70392
24617,46159
24617,79095
24617,8013
24617,5957
24617,7959
24617,50015
24617,42452
24617,36162
24617,57289
24617,30083
24617,88776
24617,39274
24617,62704
24617,23385
24617,58143
24617,89624
24617,474
24617,14531
24617,91
24617,47722
24617,39863
24617,46061
24617,42102
24617,96678
24617,27522
24617,74600
24617,22799
24617,62153
24617,28928
24617,83163
24617,4071
24617,87269
24617,25706
24617,113
24617,37195
24617,42635
24617,37512
24617,73295
24617,50883
24617,81927
24617,85606
24617,59338
24617,84822
24617,95970
24617,37212
24617,91314
24617,34016
24617,95408
24617,4272
24617,21026
24617,47187
24617,81743
24617,39501
24617,78675
24617,45841
24617,20149
24617,90219
24617,93464
24617,84622
24617,78995
24617,56747
24617,62837
24617,38211
24617,36422
24617,66626
24617,76511
24617,19147
24617,38589
24617,44949
24617,28799
24617,81307
24617,77942
24617,21683
24617,11038
24617,6463
24617,8628
24617,2584
24617,75529
24617,76145
24617,45506
24617,56407
24617,96402
24617,18218
24617,28112
24617,39058
24617,29290
24617,45696
24617,87993
24617,33450
24617,42982
24617,68607
24617,2677
24617,84551
24617,99757
24617,99473
24617,96211
24617,92282
24617,12515
24617,86447
24617,89249
24617,53056
24617,90307
24617,39496
24617,25838
24617,697
24617,10958
24617,49307
24617,7197
32204,12376
32204,2885
32204,69909
32204,17253
32204,53643
32204,57372
32204,74649
32204,96311
32204,43561
32204,14613
32204,40029
32204,79650
32204,8980
32204,50306
32204,95607
32204,7612
32204,22517
32204,3805
32204,10428
32204,92369
32204,49372
32204,46159
32204,39983
32204,25310
32204,79095
32204,38335
32204,74059
32204,10563
32204,87765
32204,36866
32204,39080
32204,41435
32204,28105
32204,11125
32204,88776
32204,77441
32204,40875
32204,2418
32204,68169
32204,87239
32204,62704
32204,51678
32204,89624
32204,97893
32204,28429
32204,474
32204,78983
32204,29884
32204,65304
32204,51431
32204,39863
32204,30205
32204,42451
32204,63871
32204,92655
32204,13512
32204,42102
32204,30719
32204,81497
32204,92866
32204,57494
32204,43175
32204,2500
32204,1608
32204,34924
32204,74365
32204,21793
32204,96691
32204,19487
32204,92236
32204,18674
32204,51810
32204,19091
32204,24070
32204,25706
32204,88161
32204,95994
32204,12138
32204,59063
32204,91374
32204,49424
32204,50883
32204,81927
32204,59338
32204,48612
32204,69465
32204,53695
32204,95970
32204,6525
32204,91314
32204,54466
32204,10042
32204,82847
32204,9621
32204,15096
32204,21036
32204,95408
32204,11733
32204,4272
32204,53770
32204,11775
32204,39383
32204,39351
32204,34448
32204,9053
32204,47187
32204,14240
32204,78675
32204,56529
32204,90219
32204,93464
32204,95853
32204,76327
32204,99173
32204,69725
32204,30846
32204,12104
32204,38211
32204,58617
32204,56359
32204,37372
32204,45925
32204,6815
32204,38589
32204,6090
32204,13613
32204,48745
32204,78665
32204,45185
32204,29811
32204,77942
32204,19851
32204,10353
32204,1674
32204,6463
32204,4312
32204,12599
32204,85225
32204,78591
32204,57242
32204,3101
32204,93507
32204,76145
32204,3913
32204,49942
32204,77844
32204,34076
32204,74722
32204,1829
32204,51097
32204,58681
32204,92100
32204,79102
32204,27856
32204,28112
32204,17185
32204,20445
32204,48933
32204,79138
32204,65163
32204,85617
32204,37735
32204,30568
32204,95796
32204,91319
32204,86447
32204,82704
32204,42374
32204,90307
32204,16219
32204,80572
32204,75733
32204,32666
32204,89967
32204,90808
32204,46196
32204,85528
32204,68532
32204,10958
32204,59530
91543,2885
91543,28680
91543,37711
91543,20082
91543,3805
91543,66638
91543,39824
91543,81015
91543,51625
91543,70392
91543,74059
91543,60211
91543,51846
91543,43461
91543,50055
91543,51855
91543,28429
91543,89332
91543,97386
91543,65271
91543,27522
91543,19451
91543,65664
91543,11158
91543,1198
91543,7021
91543,91374
91543,16425
91543,49424
91543,39809
91543,58951
91543,54466
91543,14425
91543,93735
91543,26761
91543,9053
91543,47187
91543,92622
91543,76327
91543,99173
91543,38589
91543,29811
91543,63777
91543,18882
91543,86833
91543,93507
91543,49942
91543,34076
91543,74722
91543,18841
91543,6374
91543,27856
91543,28112
91543,87993
91543,65163
91543,31910
91543,37735
91543,82704
91543,42374
91543,89096
91543,52110
82447,84844
82447,41477
82447,97522
82447,46602
82447,50797
82447,28620
82447,25155
82447,29838
82447,37711
82447,88731
82447,98122
82447,7612
82447,55515
82447,92369
82447,46159
82447,39983
82447,53548
82447,69427
82447,20460
82447,36875
82447,95763
82447,24302
82447,50136
82447,49983
82447,89592
82447,10563
82447,35573
82447,6510
82447,58914
82447,59292
82447,50015
82447,82315
82447,73445
82447,60211
82447,65538
82447,51055
82447,41190
82447,37570
82447,3193
82447,60090
82447,23385
82447,7697
82447,64607
82447,47172
82447,97872
82447,39301
82447,13914
82447,63866
82447,7685
82447,29628
82447,90375
82447,80519
82447,67649
82447,14531
82447,18765
82447,36215
82447,65304
82447,63951
82447,54361
82447,66326
82447,74853
82447,41019
82447,50886
82447,85851
82447,38505
82447,13512
82447,30719
82447,86289
82447,23594
82447,70282
82447,13285
82447,1608
82447,49806
82447,82707
82447,14421
82447,27199
82447,63112
82447,22528
82447,74365
82447,62515
82447,36854
82447,79278
82447,58876
82447,65664
82447,51810
82447,19091
82447,36891
82447,88161
82447,94363
82447,88950
82447,113
82447,48391
82447,4177
82447,29822
82447,96472
82447,44313
82447,97287
82447,34808
82447,16425
82447,37654
82447,63663
82447,42723
82447,47003
82447,3793
82447,49424
82447,68416
82447,73295
82447,24353
82447,81927
82447,13705
82447,86997
82447,29982
82447,46828
82447,67349
82447,58951
82447,61309
82447,8669
82447,91314
82447,9588
82447,78675
82447,39888
82447,71569
82447,15956
82447,76327
82447,70254
82447,42987
82447,12104
82447,44348
82447,3
82447,99290
82447,18165
82447,73973
82447,7339
82447,9239
82447,48790
82447,77964
82447,23664
82447,60730
82447,77841
82447,94202
82447,21683
82447,67747
82447,63777
82447,48609
82447,76147
82447,2584
82447,37787
82447,12599
82447,85225
82447,78591
82447,86833
82447,93507
82447,76145
82447,3913
82447,74499
82447,10188
82447,18841
82447,5059
82447,13278
82447,43081
82447,39310
82447,69661
82447,29290
82447,33450
82447,88486
82447,68607
82447,85617
82447,2677
82447,37735
82447,84551
82447,4809
82447,30568
82447,52703
82447,12515
82447,10424
82447,65334
82447,86447
82447,82704
82447,89249
82447,30692
82447,36323
82447,80759
82447,64575
82447,53056
82447,95180
82447,88311
82447,66677
82447,89967
82447,39496
82447,85528
82447,49307
82447,74888
82447,80200
82447,44128
79238,12376
79238,97522
79238,2885
79238,84230
79238,57372
79238,40029
79238,36078
79238,37624
79238,1272
79238,64417
79238,65268
79238,8287
79238,76017
79238,11125
79238,77441
79238,7697
79238,64607
79238,63014
79238,36215
79238,41019
79238,57494
79238,2500
79238,74365
79238,96691
79238,65664
79238,12242
79238,12138
79238,7021
79238,70511
79238,46828
79238,79834
79238,8669
79238,72410
79238,36851
79238,16012
79238,49068
79238,87456
79238,78675
79238,99792
79238,18845
79238,30846
79238,78374
79238,8796
79238,58159
79238,58617
79238,7339
79238,6815
79238,38589
79238,28799
79238,67009
79238,22436
79238,78177
79238,57242
79238,76145
79238,77844
79238,33450
79238,85617
79238,41543
79238,16216
79238,27660
79238,73409
79238,91319
79238,35240
79238,89642
79238,90085
79238,17930
86893,84844
86893,2885
86893,84230
86893,99322
86893,73918
86893,6420
86893,74649
86893,96311
86893,65887
86893,15989
86893,29759
86893,14613
86893,49558
86893,87030
86893,43092
86893,77939
86893,10428
86893,87810
86893,92369
86893,36458
86893,70392
86893,46159
86893,25310
86893,79095
86893,59176
86893,10520
86893,76581
86893,38932
86893,1795
86893,29210
86893,88384
86893,59292
86893,76017
86893,98463
86893,36162
86893,58245
86893,65681
86893,30083
86893,51055
86893,51451
86893,11125
86893,77441
86893,78824
86893,3617
86893,62803
86893,87239
86893,62704
86893,89624
86893,83365
86893,63866
86893,30883
86893,76214
86893,49195
86893,71870
86893,54361
86893,68964
86893,9915
86893,43875
86893,46061
86893,48244
86893,85851
86893,65271
86893,3086
86893,70282
86893,13285
86893,64747
86893,57494
86893,2500
86893,1608
86893,97475
86893,48489
86893,34924
86893,82707
86893,3924
86893,96691
86893,36838
86893,19487
86893,99057
86893,46692
86893,53082
86893,4071
86893,65664
86893,18030
86893,36891
86893,31024
86893,32541
86893,40584
86893,71128
86893,89459
86893,88161
86893,48391
86893,37195
86893,75920
86893,84024
86893,97287
86893,42635
86893,47003
86893,3793
86893,68416
86893,73295
86893,94691
86893,62444
86893,41743
86893,81927
86893,55814
86893,67349
86893,9031
86893,6525
86893,58660
86893,54466
86893,18276
86893,72929
86893,52905
86893,72410
86893,95408
86893,5943
86893,13968
86893,11733
86893,39383
86893,1349
86893,34448
86893,59817
86893,84280
86893,26618
86893,99792
86893,45841
86893,80842
86893,93464
86893,30170
86893,95853
86893,14299
86893,71569
86893,76793
86893,28136
86893,15956
86893,74988
86893,35999
86893,42923
86893,8796
86893,38798
86893,36422
86893,58617
86893,83902
86893,99290
86893,27266
86893,37372
86893,7339
86893,12237
86893,43946
86893,31580
86893,50307
86893,13613
86893,48745
86893,85262
86893,17354
86893,7025
86893,81307
86893,94202
86893,79515
86893,24497
86893,68857
86893,22436
86893,96932
86893,4925
86893,2584
86893,78591
86893,37106
86893,93507
86893,17736
86893,29704
86893,90546
86893,40938
86893,16758
86893,69125
86893,1829
86893,18841
86893,73855
86893,56407
86893,62851
86893,55334
86893,84135
86893,57589
86893,32176
86893,13278
86893,43081
86893,39310
86893,28112
86893,20762
86893,17185
86893,17526
86893,74594
86893,45696
86893,87993
86893,97567
86893,65163
86893,90034
86893,18808
86893,37735
86893,84551
86893,24072
86893,99757
86893,16291
86893,18064
86893,86447
86893,63531
86893,89249
86893,42374
86893,80572
86893,88311
86893,32666
86893,89967
86893,20515
86893,90808
86893,1318
86893,46196
86893,68532
86893,652
86893,30776
86893,74088
86893,33252
86893,1711
90732,40696
90732,54084
90732,41477
90732,97522
90732,70994
90732,94791
90732,99710
90732,65887
90732,15989
90732,36078
90732,43735
90732,84178
90732,14340
90732,79650
90732,44305
90732,83129
90732,91713
90732,39824
90732,39079
90732,20460
90732,36875
90732,93944
90732,10564
90732,64417
90732,76581
90732,62725
90732,50015
90732,42452
90732,36866
90732,73733
90732,60211
90732,65538
90732,51055
90732,77441
90732,60090
90732,40875
90732,78824
90732,3617
90732,68169
90732,86807
90732,63014
90732,43461
90732,94556
90732,97872
90732,69711
90732,44582
90732,39301
90732,63866
90732,474
90732,78983
90732,36215
90732,71870
90732,54361
90732,39863
90732,1862
90732,85851
90732,65271
90732,42102
90732,64775
90732,23594
90732,74600
90732,78229
90732,64747
90732,2500
90732,97475
90732,16722
90732,63112
90732,22528
90732,21793
90732,96691
90732,46692
90732,92236
90732,62515
90732,36854
90732,43003
90732,4071
90732,58876
90732,51810
90732,29358
90732,82093
90732,31024
90732,98615
90732,24070
90732,71128
90732,87269
90732,15889
90732,53881
90732,12138
90732,7021
90732,75920
90732,96472
90732,59063
90732,59054
90732,34808
90732,37654
90732,47003
90732,3793
90732,49424
90732,68416
90732,48430
90732,81927
90732,20079
90732,69465
90732,79834
90732,9031
90732,58660
90732,18276
90732,9621
90732,11766
90732,95408
90732,36851
90732,11733
90732,14425
90732,53770
90732,39383
90732,39351
90732,1349
90732,34448
90732,55587
90732,28935
90732,78675
90732,26618
90732,36296
90732,6594
90732,71569
90732,76327
90732,74988
90732,70254
90732,26638
90732,12104
90732,38798
90732,56747
90732,58159
90732,70679
90732,58617
90732,64039
90732,18165
90732,27266
90732,43946
90732,79067
90732,17354
90732,78665
90732,28799
90732,77841
90732,20130
90732,62224
90732,79515
90732,68857
90732,22436
90732,63777
90732,96932
90732,78177
90732,4312
90732,78591
90732,86833
90732,72568
90732,97900
90732,17736
90732,72270
90732,10188
90732,56489
90732,13278
90732,82741
90732,79102
90732,65896
90732,87993
90732,21831
90732,998
90732,65163
90732,85617
90732,72466
90732,84551
90732,41543
90732,52703
90732,12515
90732,18064
90732,53352
90732,9320
90732,73873
90732,80759
90732,61976
90732,90650
90732,53056
90732,89642
90732,95180
90732,66677
90732,65114
90732,89096
90732,32666
90732,20515
90732,90808
90732,33252
90732,52110
90732,33470
90732,1711
90732,7197
70606,54084
70606,41477
70606,70994
70606,12999
70606,99322
70606,73918
70606,17253
70606,99710
70606,11003
70606,25155
70606,37605
70606,91845
70606,14613
70606,40029
70606,37624
70606,94916
70606,14340
70606,43092
70606,41448
70606,34874
70606,64451
70606,46461
70606,53548
70606,79095
70606,10520
70606,50136
70606,74059
70606,89592
70606,35573
70606,58424
70606,96937
70606,29210
70606,62725
70606,87765
70606,50015
70606,82315
70606,73445
70606,58245
70606,24848
70606,73733
70606,3617
70606,62803
70606,68169
70606,13748
70606,62704
70606,94556
70606,97872
70606,69711
70606,97893
70606,51855
70606,2820
70606,30883
70606,28429
70606,72277
70606,80519
70606,49612
70606,9891
70606,91
70606,89332
70606,47066
70606,65304
70606,63951
70606,71346
70606,31336
70606,63871
70606,7315
70606,45177
70606,48244
70606,62905
70606,65271
70606,6346
70606,64775
70606,86289
70606,74600
70606,78229
70606,13285
70606,22807
70606,91223
70606,43175
70606,88855
70606,49806
70606,14421
70606,28928
70606,21092
70606,80999
70606,4071
70606,27455
70606,65664
70606,19091
70606,36891
70606,32541
70606,98615
70606,22110
70606,12906
70606,89459
70606,1198
70606,25706
70606,94363
70606,28495
70606,88950
70606,37195
70606,24234
70606,29822
70606,97287
70606,42635
70606,3793
70606,49424
70606,70511
70606,94691
70606,56254
70606,50883
70606,96507
70606,74421
70606,86997
70606,69465
70606,46828
70606,67349
70606,53695
70606,82814
70606,37212
70606,8669
70606,6525
70606,47881
70606,9621
70606,34016
70606,82639
70606,21036
70606,76900
70606,13968
70606,1349
70606,86161
70606,15566
70606,72659
70606,9053
70606,73704
70606,59113
70606,14240
70606,92622
70606,39501
70606,78675
70606,56529
70606,99792
70606,45841
70606,90219
70606,47884
70606,26074
70606,62293
70606,70167
70606,95853
70606,3588
70606,76793
70606,2997
70606,87505
70606,42987
70606,8796
70606,38211
70606,58159
70606,70679
70606,58617
70606,63028
70606,99290
70606,64039
70606,9239
70606,12237
70606,82703
70606,31580
70606,7025
70606,28799
70606,60730
70606,57967
70606,20130
70606,10692
70606,67747
70606,48609
70606,76147
70606,37787
70606,98306
70606,4232
70606,86833
70606,73386
70606,92503
70606,97900
70606,17736
70606,16758
70606,49942
70606,77844
70606,56489
70606,7536
70606,1829
70606,61238
70606,55334
70606,82741
70606,20762
70606,38591
70606,69661
70606,88089
70606,17526
70606,49957
70606,74594
70606,45696
70606,8697
70606,21831
70606,62826
70606,97754
70606,85617
70606,37735
70606,99473
70606,92966
70606,27660
70606,92282
70606,91319
70606,65334
70606,18064
70606,63531
70606,37022
70606,42374
70606,9169
70606,61976
70606,7137
70606,16219
70606,95180
70606,90808
70606,5062
70606,697
70606,25417
70606,64597
70606,30776
70606,52110
70606,33470
13012,99710
13012,14613
13012,40029
13012,43092
13012,1272
13012,92369
13012,87781
13012,38335
13012,65268
13012,46068
13012,76017
13012,39491
13012,77441
13012,62803
13012,87239
13012,44582
13012,39301
13012,72277
13012,5949
13012,51431
13012,39863
13012,30205
13012,42102
13012,19487
13012,72188
13012,58876
13012,29358
13012,12242
13012,12138
13012,59054
13012,63663
13012,50883
13012,61309
13012,8669
13012,18276
13012,42819
13012,36851
13012,53770
13012,34448
13012,59817
13012,29682
13012,95853
13012,26638
13012,30846
13012,6856
13012,7339
13012,45185
13012,1674
13012,78177
13012,85225
13012,74722
13012,66713
13012,13278
13012,17185
13012,88089
13012,8697
13012,90034
13012,53056
13012,17930
13012,75733
13012,47458
13012,32666
13012,20515
13012,90808
13012,1318
65017,84844
65017,39243
65017,94791
65017,53926
65017,69909
65017,84230
65017,99710
65017,79668
65017,53643
65017,28680
65017,57372
65017,695
65017,6420
65017,37711
65017,65887
65017,40029
65017,36078
65017,84178
65017,61726
65017,43092
65017,44305
65017,95607
65017,10428
65017,92369
65017,79095
65017,87781
65017,38335
65017,50136
65017,10563
65017,22048
65017,58424
65017,47260
65017,29210
65017,88384
65017,62725
65017,42452
65017,73733
65017,60211
65017,9150
65017,30083
65017,41190
65017,39491
65017,4731
65017,77441
65017,70782
65017,40875
65017,51710
65017,62803
65017,62704
65017,64607
65017,58143
65017,94556
65017,44672
65017,7685
65017,30883
65017,72277
65017,67649
65017,49612
65017,18765
65017,16081
65017,89332
65017,48721
65017,46099
65017,71870
65017,54361
65017,94560
65017,1862
65017,13875
65017,45177
65017,50886
65017,46061
65017,3086
65017,42102
65017,30719
65017,86289
65017,19897
65017,96678
65017,78765
65017,81497
65017,70282
65017,22807
65017,97475
65017,74365
65017,28928
65017,19487
65017,43003
65017,65746
65017,82093
65017,24070
65017,48391
65017,37195
65017,7021
65017,75920
65017,29822
65017,96472
65017,59063
65017,40753
65017,16425
65017,49424
65017,94691
65017,13122
65017,50883
65017,72364
65017,48612
65017,29982
65017,6525
65017,68658
65017,82847
65017,72929
65017,34016
65017,65295
65017,21026
65017,49068
65017,87379
65017,9053
65017,41473
65017,59817
65017,39501
65017,29682
65017,78675
65017,39888
65017,26074
65017,6594
65017,3588
65017,28136
65017,69725
65017,85542
65017,56747
65017,62837
65017,58617
65017,66626
65017,83902
65017,19147
65017,63028
65017,70600
65017,45925
65017,79067
65017,50307
65017,61025
65017,44949
65017,78665
65017,77964
65017,59783
65017,57967
65017,81307
65017,61326
65017,36956
65017,11038
65017,22436
65017,48609
65017,63620
65017,96932
65017,4925
65017,6463
65017,78177
65017,85225
65017,72270
65017,77844
65017,7536
65017,11238
65017,18841
65017,66713
65017,18445
65017,74176
65017,79102
65017,43081
65017,39310
65017,29290
65017,9835
65017,33450
65017,21831
65017,2677
65017,24072
65017,41543
65017,99473
65017,16216
65017,92282
65017,82704
65017,36323
65017,73539
65017,53056
65017,19794
65017,90307
65017,75733
65017,89096
65017,39496
65017,1318
65017,68532
65017,33252
65017,74888
65017,52110
65017,80200
15091,40696
15091,39885
15091,28620
15091,84230
15091,94649
15091,12361
15091,32818
15091,57372
15091,25155
15091,43561
15091,63867
15091,88731
15091,43735
15091,14340
15091,16021
15091,43092
15091,41448
15091,87810
15091,1503
15091,91713
15091,81015
15091,36458
15091,70392
15091,82241
15091,38578
15091,78355
15091,87781
15091,38335
15091,8013
15091,38932
15091,22048
15091,88384
15091,62725
15091,76017
15091,36162
15091,58245
15091,73798
15091,11153
15091,92155
15091,51846
15091,65681
15091,78373
15091,28105
15091,88776
15091,77441
15091,3617
15091,2418
15091,51678
15091,7697
15091,66992
15091,94556
15091,97893
15091,13914
15091,98684
15091,27671
15091,30883
15091,13148
15091,90375
15091,17936
15091,14531
15091,9891
15091,30614
15091,6262
15091,46099
15091,8862
15091,65304
15091,20562
15091,39863
15091,30205
15091,9915
15091,31336
15091,45177
15091,34274
15091,50886
15091,46061
15091,62905
15091,85851
15091,84441
15091,13512
15091,97323
15091,93016
15091,3086
15091,1332
15091,30719
15091,70282
15091,22807
15091,91223
15091,57494
15091,43175
15091,23525
15091,49806
15091,97475
15091,14421
15091,63112
15091,74365
15091,99057
15091,92236
15091,62515
15091,7926
15091,19451
15091,80999
15091,53082
15091,65432
15091,4071
15091,65746
15091,58876
15091,54974
15091,11158
15091,19091
15091,29358
15091,86538
15091,32541
15091,12242
15091,25706
15091,88950
15091,113
15091,4177
15091,84595
15091,29822
15091,40753
15091,44313
15091,16425
15091,63663
15091,47003
15091,41743
15091,98521
15091,55814
15091,13705
15091,86997
15091,37212
15091,61309
15091,9031
15091,64757
15091,8669
15091,91314
15091,21036
15091,26544
15091,62943
15091,75444
15091,19028
15091,65295
15091,11775
15091,55639
15091,26761
15091,87456
15091,28935
15091,53495
15091,59817
15091,78675
15091,84280
15091,26618
15091,36296
15091,26074
15091,62293
15091,93464
15091,18845
15091,35999
15091,97247
15091,6856
15091,78374
15091,85542
15091,76511
15091,99290
15091,64039
15091,18165
15091,10343
15091,7339
15091,50519
15091,82703
15091,6927
15091,43946
15091,79067
15091,13613
15091,85262
15091,44949
15091,78665
15091,57782
15091,7025
15091,51956
15091,48790
15091,90275
15091,23664
15091,29811
15091,60730
15091,81307
15091,12407
15091,77942
15091,67009
15091,79515
15091,36956
15091,24497
15091,45770
15091,11038
15091,19851
15091,22436
15091,44244
15091,67747
15091,21855
15091,78177
15091,4232
15091,3101
15091,73386
15091,76145
15091,74499
15091,56489
15091,69125
15091,7536
15091,1829
15091,18841
15091,73855
15091,58681
15091,74176
15091,33249
15091,27856
15091,40557
15091,69661
15091,29290
15091,9835
15091,79138
15091,8697
15091,21831
15091,62826
15091,18808
15091,99473
15091,96211
15091,92282
15091,18064
15091,35240
15091,37022
15091,9320
15091,80759
15091,53056
15091,19794
15091,66677
15091,65114
15091,89096
15091,10059
15091,90808
15091,697
15091,68532
15091,33252
15091,74888
15091,52110
15091,80200
15091,44128
15091,7197
32800,84844
32800,12376
32800,97522
32800,70994
32800,94791
32800,69909
32800,12361
32800,53643
32800,28680
32800,25155
32800,96311
32800,73945
32800,84178
32800,59121
32800,90113
32800,87030
32800,55515
32800,81015
32800,46159
32800,69427
32800,36875
32800,49983
32800,65268
32800,68556
32800,35573
32800,51846
32800,41190
32800,4731
32800,88776
32800,70782
32800,60090
32800,62803
32800,51678
32800,47172
32800,63014
32800,51855
32800,39301
32800,90375
32800,474
32800,14531
32800,49612
32800,29884
32800,48721
32800,5949
32800,68964
32800,42451
32800,9915
32800,41019
32800,50886
32800,38505
32800,6
32800,82969
32800,3086
32800,34524
32800,96678
32800,27522
32800,96691
32800,80887
32800,19091
32800,31024
32800,32541
32800,71128
32800,81052
32800,61524
32800,25706
32800,88161
32800,113
32800,48391
32800,7021
32800,84024
32800,42723
32800,47003
32800,3793
32800,49424
32800,70511
32800,71951
32800,50883
32800,20079
32800,46828
32800,58951
32800,68658
32800,42819
32800,95408
32800,75444
32800,53770
32800,9076
32800,15566
32800,9053
32800,73704
32800,28935
32800,39501
32800,78675
32800,56529
32800,26618
32800,26074
32800,99173
32800,69725
32800,95265
32800,30846
32800,58159
32800,7339
32800,70600
32800,12237
32800,6090
32800,85262
32800,43746
32800,94730
32800,64966
32800,77841
32800,71663
32800,67009
32800,22436
32800,63620
32800,78177
32800,12599
32800,86833
32800,37106
32800,60228
32800,97900
32800,77844
32800,34076
32800,74722
32800,84135
32800,58681
32800,57589
32800,82741
32800,79102
32800,27856
32800,39310
32800,18218
32800,17185
32800,88089
32800,35093
32800,41543
32800,27660
32800,18064
32800,82704
32800,30692
32800,36323
32800,42374
32800,19794
32800,10059
32800,20515
32800,5062
32800,74088
32800,1711
32800,44128
82785,73918
82785,94649
82785,11003
82785,28680
82785,695
82785,91845
82785,40029
82785,3545
82785,35573
82785,7959
82785,50015
82785,82315
82785,30083
82785,11125
82785,44672
82785,6262
82785,65304
82785,42451
82785,1836
82785,17740
82785,24548
82785,85293
82785,88855
82785,54129
82785,99162
82785,80999
82785,31024
82785,88950
82785,24234
82785,13122
82785,86997
82785,46828
82785,58951
82785,21947
82785,88953
82785,14299
82785,30846
82785,70679
82785,28714
82785,13613
82785,77841
82785,57967
82785,6463
82785,8536
82785,17736
82785,40938
82785,16758
82785,45506
82785,1829
82785,11238
82785,99757
82785,16291
82785,13373
82785,30692
82785,52638
82785,33252
55267,1064
55267,53643
55267,29759
55267,14613
55267,73945
55267,59121
55267,16021
55267,61726
55267,59135
55267,87030
55267,79650
55267,43092
55267,44305
55267,7612
55267,72594
55267,34874
55267,1272
55267,70434
55267,70392
55267,39983
55267,78355
55267,50802
55267,5957
55267,1795
55267,47260
55267,7959
55267,62725
55267,36866
55267,73445
55267,58245
55267,39080
55267,88776
55267,70782
55267,39274
55267,3617
55267,62704
55267,23385
55267,51678
55267,7697
55267,43461
55267,97872
55267,8309
55267,44672
55267,7685
55267,30614
55267,16081
55267,89332
55267,48721
55267,5949
55267,12812
55267,65304
55267,71346
55267,94560
55267,39863
55267,30205
55267,42451
55267,74853
55267,13875
55267,63871
55267,46061
55267,1836
55267,6
55267,42102
55267,25460
55267,49679
55267,24548
55267,88855
55267,97475
55267,16722
55267,7926
55267,99162
55267,19451
55267,72188
55267,54974
55267,82093
55267,40584
55267,22110
55267,87269
55267,89459
55267,12242
55267,37195
55267,12138
55267,7021
55267,15718
55267,40753
55267,42635
55267,34808
55267,63663
55267,49424
55267,70511
55267,71951
55267,73346
55267,96507
55267,29982
55267,69465
55267,79834
55267,46428
55267,91314
55267,47212
55267,34016
55267,13968
55267,75444
55267,19028
55267,65295
55267,39351
55267,1349
55267,47187
55267,81743
55267,14240
55267,56529
55267,20149
55267,36296
55267,90219
55267,30170
55267,76327
55267,95265
55267,30846
55267,6856
55267,30481
55267,58159
55267,70679
55267,76511
55267,83902
55267,19147
55267,64039
55267,82703
55267,57837
55267,61025
55267,57782
55267,7025
55267,43746
55267,51956
55267,28799
55267,71663
55267,81307
55267,77942
55267,61326
55267,19851
55267,68857
55267,22436
55267,6463
55267,21855
55267,75529
55267,59844
55267,3101
55267,72568
55267,62789
55267,97900
55267,3913
55267,74499
55267,16758
55267,49942
55267,45506
55267,7536
55267,62851
55267,84135
55267,96402
55267,58681
55267,92100
55267,39058
55267,9835
55267,74594
55267,33450
55267,21831
55267,998
55267,97567
55267,65163
55267,90034
55267,84551
55267,16216
55267,18064
55267,63531
55267,89249
55267,30692
55267,37022
55267,9320
55267,42374
55267,9169
55267,90307
55267,47458
55267,80686
55267,30776
55267,74088
55267,80200
30818,39885
30818,50797
30818,94791
30818,99710
30818,53643
30818,57372
30818,29838
30818,15989
30818,83129
30818,36458
30818,25310
30818,10520
30818,73798
30818,60211
30818,92155
30818,4731
30818,40875
30818,26405
30818,58143
30818,43461
30818,94556
30818,72277
30818,14531
30818,9891
30818,12812
30818,45177
30818,62905
30818,97323
30818,82969
30818,30719
30818,86289
30818,78765
30818,22799
30818,62153
30818,1608
30818,34924
30818,14421
30818,83163
30818,7926
30818,53082
30818,65664
30818,51810
30818,18030
30818,45216
30818,71128
30818,12242
30818,15889
30818,37195
30818,4177
30818,16425
30818,68416
30818,73295
30818,81927
30818,74421
30818,47292
30818,86997
30818,61309
30818,79834
30818,8669
30818,91314
30818,15096
30818,95408
30818,1349
30818,29682
30818,30170
30818,3588
30818,76793
30818,2997
30818,38798
30818,70679
30818,19147
30818,38589
30818,17354
30818,23664
30818,81307
30818,21683
30818,98306
30818,18882
30818,73386
30818,76145
30818,74499
30818,82741
30818,18218
30818,38591
30818,79138
30818,33450
30818,68607
30818,85038
30818,12515
30818,35240
30818,64575
30818,61976
30818,89967
30818,25838
30818,1318
30818,5062
30818,652
30818,49307
30818,74888
20868,84844
20868,46602
20868,90965
20868,17253
20868,6420
20868,29838
20868,73945
20868,61726
20868,50306
20868,7612
20868,38335
20868,10520
20868,50136
20868,38932
20868,22048
20868,29210
20868,58914
20868,60388
20868,50426
20868,73445
20868,65681
20868,78373
20868,11125
20868,60090
20868,22620
20868,97872
20868,69711
20868,16897
20868,49612
20868,54361
20868,9915
20868,92548
20868,3086
20868,86289
20868,96678
20868,92866
20868,3924
20868,28928
20868,80999
20868,43003
20868,84595
20868,34808
20868,42723
20868,47003
20868,6816
20868,37212
20868,34016
20868,15566
20868,78675
20868,78995
20868,42923
20868,38211
20868,70679
20868,28799
20868,12407
20868,36956
20868,10353
20868,4232
20868,37106
20868,3913
20868,60549
20868,92100
20868,69661
20868,79138
20868,42982
20868,31910
20868,4809
20868,10424
20868,73539
20868,66677
20868,5062
20868,68532
20868,74088
37222,57372
37222,74649
37222,14613
37222,36078
37222,87030
37222,8980
37222,36458
37222,60979
37222,76017
37222,41435
37222,11125
37222,70782
37222,39301
37222,63866
37222,6262
37222,29884
37222,51431
37222,1862
37222,34274
37222,42102
37222,19487
37222,18674
37222,58876
37222,27455
37222,82093
37222,48391
37222,24234
37222,13122
37222,66004
37222,79834
37222,53770
37222,39383
37222,26618
37222,99173
37222,42987
37222,58159
37222,99290
37222,45185
37222,28799
37222,19851
37222,22436
37222,59844
37222,57242
37222,8536
37222,76145
37222,74722
37222,92100
37222,13278
37222,39310
37222,18218
37222,17185
37222,65896
37222,16216
37222,73409
37222,65334
37222,35240
37222,91043
37222,78277
37222,17930
37222,90808
37222,1318
57931,57372
57931,695
57931,2126
57931,22551
57931,20082
57931,16021
57931,8980
57931,50306
57931,95607
57931,72594
57931,10428
57931,92369
57931,47260
57931,58245
57931,11125
57931,7697
57931,58143
57931,63014
57931,43461
57931,89624
57931,16897
57931,90375
57931,474
57931,78983
57931,29884
57931,70954
57931,13875
57931,92655
57931,6
57931,13512
57931,34524
57931,17740
57931,74600
57931,22807
57931,85293
57931,57494
57931,43175
57931,88855
57931,3924
57931,99162
57931,21092
57931,80999
57931,80321
57931,31024
57931,87269
57931,12138
57931,15718
57931,59054
57931,50883
57931,81927
57931,46828
57931,53695
57931,95970
57931,58660
57931,60670
57931,11733
57931,86161
57931,80842
57931,62293
57931,48302
57931,28136
57931,95995
57931,62837
57931,19147
57931,28714
57931,10343
57931,44949
57931,78665
57931,7025
57931,28799
57931,61326
57931,2584
57931,4312
57931,12599
57931,92503
57931,29704
57931,33196
57931,16758
57931,45506
57931,11238
57931,56407
57931,74176
57931,33249
57931,28112
57931,39058
57931,48933
57931,88089
57931,42982
57931,88486
57931,2677
57931,4809
57931,96211
57931,63531
57931,73539
57931,52638
57931,13395
57931,89096
57931,68532
57931,10958
57931,74088
57931,74888
57931,80200
57931,59530
57931,97957
85633,90965
85633,69909
85633,84230
85633,11003
85633,57372
85633,6420
85633,91845
85633,29759
85633,90113
85633,59135
85633,83129
85633,55515
85633,46159
85633,46461
85633,69427
85633,79095
85633,95763
85633,93944
85633,50136
85633,43652
85633,10563
85633,5957
85633,46068
85633,48196
85633,58424
85633,88384
85633,62725
85633,50426
85633,82315
85633,73445
85633,22340
85633,78428
85633,65681
85633,88776
85633,40875
85633,78824
85633,10079
85633,22620
85633,7697
85633,63014
85633,94556
85633,97872
85633,44672
85633,76214
85633,474
85633,72277
85633,67649
85633,17936
85633,14531
85633,9891
85633,6262
85633,36215
85633,16081
85633,63951
85633,80996
85633,68964
85633,30205
85633,9915
85633,66501
85633,41019
85633,7315
85633,98151
85633,6
85633,93016
85633,3086
85633,27254
85633,30719
85633,25460
85633,96678
85633,90997
85633,49679
85633,27522
85633,92866
85633,24548
85633,13285
85633,57494
85633,1608
85633,34924
85633,82707
85633,14421
85633,27199
85633,22528
85633,74365
85633,28928
85633,99057
85633,62515
85633,99162
85633,43003
85633,72188
85633,4071
85633,65664
85633,82093
85633,31024
85633,86538
85633,71128
85633,15889
85633,88161
85633,113
85633,53881
85633,48391
85633,84595
85633,24234
85633,96472
85633,44313
85633,84024
85633,63663
85633,49424
85633,70511
85633,48430
85633,13122
85633,48756
85633,96507
85633,47292
85633,29982
85633,67349
85633,6816
85633,79834
85633,8669
85633,6525
85633,54466
85633,11766
85633,55319
85633,14425
85633,1349
85633,21026
85633,88953
85633,9588
85633,39501
85633,99792
85633,90219
85633,80842
85633,93464
85633,8982
85633,3588
85633,15956
85633,87505
85633,95995
85633,78995
85633,21334
85633,85542
85633,38798
85633,38211
85633,83902
85633,19147
85633,18165
85633,29040
85633,43946
85633,6815
85633,38589
85633,43746
85633,51956
85633,77964
85633,23664
85633,61573
85633,12407
85633,62224
85633,10692
85633,63620
85633,8628
85633,75529
85633,4312
85633,18882
85633,12599
85633,57242
85633,3101
85633,62789
85633,97900
85633,76145
85633,40938
85633,16758
85633,77844
85633,34076
85633,69125
85633,7536
85633,1829
85633,32176
85633,92100
85633,20445
85633,17526
85633,49957
85633,79138
85633,8697
85633,68607
85633,97754
85633,85617
85633,37735
85633,72466
85633,41543
85633,95796
85633,13373
85633,99454
85633,82704
85633,53352
85633,93387
85633,36323
85633,42374
85633,64575
85633,52638
85633,7137
85633,16219
85633,89642
85633,17930
85633,75733
85633,66677
85633,25838
85633,1318
85633,46196
85633,94637
85633,52110
85633,1711
85633,7197
24388,41477
24388,97522
24388,39243
24388,2885
24388,46602
24388,84230
24388,99710
24388,79668
24388,57372
24388,37605
24388,43735
24388,94916
24388,87030
24388,8980
24388,66638
24388,91713
24388,92369
24388,51625
24388,20460
24388,36875
24388,93944
24388,50136
24388,49983
24388,10563
24388,68556
24388,96937
24388,60979
24388,62725
24388,59292
24388,60388
24388,82315
24388,58245
24388,30083
24388,78373
24388,37570
24388,46431
24388,77441
24388,62803
24388,2418
24388,62704
24388,51678
24388,58143
24388,44043
24388,66992
24388,16897
24388,13914
24388,63866
24388,28429
24388,90375
24388,9891
24388,47722
24388,97386
24388,12812
24388,63951
24388,71346
24388,20562
24388,66501
24388,7315
24388,45177
24388,50886
24388,92655
24388,13512
24388,1332
24388,42102
24388,19897
24388,81497
24388,49679
24388,23594
24388,22807
24388,57494
24388,23525
24388,62153
24388,1608
24388,49806
24388,22528
24388,74365
24388,96691
24388,28928
24388,14290
24388,19451
24388,80999
24388,65432
24388,65746
24388,58876
24388,65664
24388,51810
24388,19091
24388,34523
24388,36891
24388,82093
24388,31024
24388,81052
24388,37195
24388,84595
24388,29822
24388,91374
24388,84024
24388,97287
24388,42723
24388,94691
24388,13122
24388,48756
24388,13705
24388,59338
24388,69465
24388,61309
24388,6525
24388,58660
24388,68658
24388,54466
24388,52905
24388,82639
24388,11733
24388,55319
24388,26761
24388,88953
24388,55587
24388,49068
24388,47187
24388,73704
24388,59817
24388,29682
24388,56529
24388,39888
24388,26618
24388,45841
24388,6594
24388,3588
24388,28136
24388,87505
24388,26638
24388,95995
24388,78995
24388,95265
24388,97247
24388,85542
24388,30481
24388,44348
24388,70679
24388,3
24388,56359
24388,19147
24388,7339
24388,82703
24388,57837
24388,50307
24388,44949
24388,45185
24388,94730
24388,23664
24388,77841
24388,71663
24388,81307
24388,94202
24388,21683
24388,10692
24388,19851
24388,21855
24388,85225
24388,78591
24388,3101
24388,86833
24388,60228
24388,17736
24388,3913
24388,49942
24388,77844
24388,34076
24388,10188
24388,56489
24388,51097
24388,6374
24388,84135
24388,18445
24388,13278
24388,33249
24388,28112
24388,17185
24388,84098
24388,29290
24388,74594
24388,87993
24388,88486
24388,62826
24388,998
24388,97754
24388,2677
24388,24072
24388,99757
24388,92966
24388,16216
24388,12515
24388,86447
24388,99454
24388,30692
24388,37022
24388,9169
24388,91043
24388,16219
24388,89642
24388,39496
24388,51334
24388,25838
24388,5062
24388,652
24388,25417
24388,33252
24388,74888
24388,44128
24388,97957
94261,99710
94261,53643
94261,43735
94261,90113
94261,50306
94261,64451
94261,51625
94261,39079
94261,10520
94261,10564
94261,8287
94261,50015
94261,58245
94261,78373
94261,3617
94261,58143
94261,27671
94261,72277
94261,80996
94261,85851
94261,13512
94261,82969
94261,30719
94261,18674
94261,65432
94261,65664
94261,81052
94261,15718
94261,34808
94261,16425
94261,55814
94261,13705
94261,61309
94261,57173
94261,34016
94261,82639
94261,47820
94261,41473
94261,99792
94261,26074
94261,6594
94261,85542
94261,38798
94261,66626
94261,70600
94261,79067
94261,23664
94261,60730
94261,24497
94261,75529
94261,98306
94261,78591
94261,73855
94261,58681
94261,28282
94261,8697
94261,62826
94261,72466
94261,4809
94261,99757
94261,99473
94261,91043
94261,10059
94261,89967
94261,652
94261,10958
94261,44128
69888,90482
69888,41477
69888,94791
69888,73918
69888,12361
69888,28680
69888,65887
69888,36078
69888,59135
69888,3805
69888,55515
69888,38335
69888,10520
69888,68556
69888,1795
69888,35573
69888,29210
69888,50426
69888,73445
69888,58245
69888,65681
69888,51055
69888,39491
69888,51451
69888,40875
69888,26165
69888,68169
69888,10079
69888,47172
69888,16897
69888,51855
69888,76214
69888,29628
69888,80519
69888,49612
69888,16081
69888,39863
69888,66326
69888,13875
69888,98151
69888,50886
69888,46061
69888,92548
69888,30860
69888,96678
69888,81497
69888,90997
69888,27522
69888,74600
69888,74365
69888,28928
69888,80887
69888,36838
69888,92236
69888,21092
69888,80321
69888,45216
69888,87269
69888,48391
69888,7021
69888,42635
69888,37654
69888,25316
69888,29982
69888,69465
69888,6816
69888,54466
69888,9621
69888,72929
69888,11766
69888,21947
69888,55319
69888,14425
69888,39351
69888,93735
69888,37840
69888,28935
69888,78675
69888,6594
69888,76327
69888,95265
69888,6856
69888,43946
69888,13613
69888,17354
69888,77841
69888,20130
69888,62224
69888,36956
69888,10353
69888,2584
69888,3101
69888,86833
69888,60228
69888,97900
69888,8536
69888,34076
69888,18841
69888,18445
69888,40557
69888,69661
69888,74594
69888,84551
69888,10424
69888,65334
69888,82704
69888,93387
69888,36323
69888,9169
69888,52638
69888,80572
69888,95180
69888,47458
69888,89096
69888,89967
69888,33470
69888,80200
42201,1064
42201,46602
42201,94649
42201,99710
42201,96311
42201,36078
42201,2126
42201,84178
42201,61726
42201,81332
42201,43092
42201,7612
42201,64416
42201,41448
42201,10428
42201,83129
42201,30965
42201,81015
42201,51625
42201,46159
42201,53548
42201,69427
42201,39079
42201,79095
42201,93944
42201,64417
42201,76581
42201,5957
42201,7959
42201,62725
42201,50015
42201,36866
42201,46431
42201,39274
42201,62803
42201,2418
42201,68169
42201,10079
42201,87239
42201,64607
42201,63014
42201,43461
42201,8309
42201,98684
42201,30883
42201,3228
42201,18765
42201,89332
42201,70954
42201,46061
42201,92655
42201,6
42201,27254
42201,42102
42201,96678
42201,74600
42201,78229
42201,2500
42201,21793
42201,91832
42201,43003
42201,65432
42201,4071
42201,54974
42201,27455
42201,19091
42201,29358
42201,22110
42201,95994
42201,53881
42201,48391
42201,75920
42201,59063
42201,97287
42201,63663
42201,48430
42201,50883
42201,96507
42201,59338
42201,19152
42201,8669
42201,68658
42201,11766
42201,72410
42201,93735
42201,15566
42201,49068
42201,72659
42201,41473
42201,59817
42201,74988
42201,97247
42201,58159
42201,70679
42201,36422
42201,58617
42201,83902
42201,99290
42201,64039
42201,50519
42201,70600
42201,6090
42201,85262
42201,61025
42201,78665
42201,45185
42201,7025
42201,43746
42201,28799
42201,94202
42201,62224
42201,77942
42201,79515
42201,4312
42201,98306
42201,18882
42201,78591
42201,55184
42201,74499
42201,72270
42201,45506
42201,77844
42201,62851
42201,55334
42201,13278
42201,79102
42201,33249
42201,20762
42201,48933
42201,97567
42201,85617
42201,2677
42201,99473
42201,92282
42201,52703
42201,63531
42201,35240
42201,73539
42201,64575
42201,78277
42201,89096
42201,46196
42201,49307
42201,30776
42201,52110
6596,12376
6596,54084
6596,1064
6596,2885
6596,12361
6596,53643
6596,25155
6596,73945
6596,84178
6596,8980
6596,43092
6596,55515
6596,92369
6596,69427
6596,87781
6596,38335
6596,74059
6596,65268
6596,58424
6596,87765
6596,51055
6596,88776
6596,70782
6596,68169
6596,64607
6596,43461
6596,39301
6596,28429
6596,47066
6596,5949
6596,1862
6596,65271
6596,19897
6596,1608
6596,34924
6596,14290
6596,36838
6596,7926
6596,18674
6596,80999
6596,91832
6596,87269
6596,113
6596,53881
6596,12138
6596,4177
6596,63663
6596,69465
6596,53695
6596,68658
6596,47881
6596,9621
6596,57173
6596,11766
6596,75444
6596,39383
6596,47820
6596,34448
6596,9053
6596,14240
6596,29682
6596,78675
6596,95338
6596,18845
6596,97247
6596,12104
6596,30481
6596,56359
6596,7339
6596,38589
6596,6090
6596,13613
6596,17354
6596,90275
6596,29811
6596,71663
6596,22436
6596,78177
6596,86833
6596,92503
6596,3913
6596,77844
6596,69125
6596,6374
6596,32176
6596,92100
6596,13278
6596,79102
6596,18218
6596,65896
6596,79138
6596,33450
6596,42982
6596,62826
6596,65163
6596,2677
6596,41543
6596,27660
6596,18064
6596,93387
6596,42374
6596,64575
6596,53056
6596,78277
6596,80572
6596,90085
6596,5062
6596,74088
6596,80200
6596,59530
32168,12376
32168,40696
32168,39243
32168,2885
32168,46602
32168,28620
32168,90965
32168,94649
32168,17253
32168,99710
32168,79668
32168,28680
32168,6420
32168,74649
32168,29838
32168,29759
32168,43735
32168,22551
32168,94916
32168,43092
32168,44305
32168,3545
32168,77939
32168,64451
32168,81015
32168,36458
32168,82241
32168,53548
32168,39079
32168,87781
32168,59176
32168,64417
32168,50136
32168,89592
32168,43652
32168,38932
32168,47260
32168,96937
32168,6510
32168,7959
32168,58914
32168,72149
32168,88384
32168,59292
32168,54857
32168,58245
32168,9150
32168,92155
32168,78428
32168,41435
32168,22648
32168,51710
32168,3617
32168,2418
32168,68169
32168,26405
32168,62704
32168,22620
32168,7697
32168,63014
32168,94556
32168,8309
32168,69711
32168,98684
32168,27671
32168,30883
32168,3228
32168,29628
32168,90375
32168,49612
32168,49195
32168,6262
32168,36215
32168,91
32168,5949
32168,34053
32168,92882
32168,51431
32168,9915
32168,43875
32168,45177
32168,85851
32168,1836
32168,92655
32168,38505
32168,13512
32168,34524
32168,27254
32168,64775
32168,86289
32168,19897
32168,78765
32168,49679
32168,27522
32168,13285
32168,64747
32168,91223
32168,2500
32168,23525
32168,26935
32168,97475
32168,82707
32168,3924
32168,21793
32168,80887
32168,36838
32168,19487
32168,21092
32168,80999
32168,4071
32168,65746
32168,18030
32168,80321
32168,31024
32168,40584
32168,24070
32168,12242
32168,1198
32168,25706
32168,53881
32168,12138
32168,15718
32168,96472
32168,59063
32168,59054
32168,84024
32168,16425
32168,42723
32168,47003
32168,3793
32168,25316
32168,13122
32168,66004
32168,74421
32168,20079
32168,6816
32168,58951
32168,46428
32168,9031
32168,6525
32168,47881
32168,72929
32168,60670
32168,52905
32168,79870
32168,16012
32168,14425
32168,1349
32168,26761
32168,34448
32168,87379
32168,9053
32168,73704
32168,37840
32168,81743
32168,41473
32168,92622
32168,29682
32168,78675
32168,39888
32168,84280
32168,26618
32168,36296
32168,63297
32168,48302
32168,71569
32168,76793
32168,99173
32168,42987
32168,69725
32168,30846
32168,6856
32168,38798
32168,44348
32168,83902
32168,19147
32168,63028
32168,18165
32168,10343
32168,50519
32168,6927
32168,45925
32168,6815
32168,79589
32168,13613
32168,85262
32168,61025
32168,17354
32168,7025
32168,43746
32168,48790
32168,94730
32168,90275
32168,77964
32168,28799
32168,23664
32168,29811
32168,60730
32168,77841
32168,64317
32168,71663
32168,81307
32168,12407
32168,62224
32168,68857
32168,6463
32168,8628
32168,21855
32168,37787
32168,4312
32168,12599
32168,93507
32168,3913
32168,90546
32168,55184
32168,60549
32168,11238
32168,51097
32168,18445
32168,92100
32168,43081
32168,29290
32168,39993
32168,87993
32168,61825
32168,97754
32168,85617
32168,35093
32168,72466
32168,4809
32168,99473
32168,30568
32168,92282
32168,52703
32168,18064
32168,13373
32168,99454
32168,82704
32168,35240
32168,30692
32168,93387
32168,36323
32168,42374
32168,52638
32168,80572
32168,17930
32168,66677
32168,47458
32168,25838
32168,5062
32168,68532
32168,49307
32168,30776
32168,44128
32168,59530
58541,1064
58541,97522
58541,94791
58541,73918
58541,94649
58541,53643
58541,28680
58541,2126
58541,14210
58541,98122
58541,44305
58541,22517
58541,41448
58541,55515
58541,46159
58541,25310
58541,79095
58541,87781
58541,93944
58541,46068
58541,88384
58541,50015
58541,51055
58541,39491
58541,4731
58541,11125
58541,46431
58541,77441
58541,39274
58541,40875
58541,78824
58541,3617
58541,62803
58541,7697
58541,69711
58541,97893
58541,82739
58541,39301
58541,27671
58541,72277
58541,9891
58541,18765
58541,16081
58541,47066
58541,5949
58541,66501
58541,92655
58541,82969
58541,42102
58541,57494
58541,26935
58541,49806
58541,97475
58541,27199
58541,21793
58541,54129
58541,80999
58541,54974
58541,29358
58541,45216
58541,81052
58541,87269
58541,15889
58541,61524
58541,25706
58541,113
58541,48391
58541,75920
58541,63663
58541,59338
58541,72364
58541,95970
58541,58951
58541,79834
58541,91314
58541,57173
58541,72929
58541,11733
58541,65295
58541,86161
58541,49068
58541,87379
58541,59113
58541,90219
58541,93464
58541,76793
58541,26638
58541,97247
58541,38798
58541,56747
58541,66626
58541,37372
58541,70600
58541,57837
58541,7025
58541,81307
58541,63620
58541,78177
58541,8536
58541,33196
58541,1829
58541,51097
58541,61238
58541,58681
58541,28282
58541,69661
58541,2677
58541,72466
58541,41543
58541,99757
58541,30568
58541,95796
58541,91319
58541,65334
58541,93387
58541,80759
58541,64575
58541,53056
58541,90307
58541,10059
58541,51334
58541,46196
58541,697
58541,652
58541,33252
58541,7197
59417,84844
59417,94791
59417,79668
59417,88731
59417,43735
59417,44305
59417,93944
59417,64417
59417,8287
59417,46068
59417,88384
59417,62725
59417,78373
59417,51451
59417,26165
59417,2418
59417,7697
59417,58143
59417,63866
59417,27671
59417,474
59417,89332
59417,47066
59417,7315
59417,74600
59417,97475
59417,82707
59417,27199
59417,7926
59417,45216
59417,61524
59417,84595
59417,29822
59417,16425
59417,63663
59417,42723
59417,13705
59417,96149
59417,57173
59417,72929
59417,15096
59417,34016
59417,62943
59417,99792
59417,62293
59417,3588
59417,56747
59417,66626
59417,99290
59417,18165
59417,61573
59417,60730
59417,62224
59417,75529
59417,86833
59417,37106
59417,77844
59417,61238
59417,55334
59417,32176
59417,17526
59417,37735
59417,41543
59417,13395
59417,89967
59417,5062
59417,80200
57858,84844
57858,94791
57858,36078
57858,98122
57858,83129
57858,36458
57858,46159
57858,53548
57858,88384
57858,36162
57858,58245
57858,60211
57858,37570
57858,2418
57858,47172
57858,86807
57858,9891
57858,41019
57858,45177
57858,97475
57858,82707
57858,21793
57858,62515
57858,80999
57858,15889
57858,75920
57858,16425
57858,63663
57858,24353
57858,55814
57858,61309
57858,62943
57858,59817
57858,26638
57858,21334
57858,38798
57858,56747
57858,99290
57858,79067
57858,7025
57858,90275
57858,60730
57858,77942
57858,36956
57858,24497
57858,78177
57858,75529
57858,18882
57858,78591
57858,37106
57858,56489
57858,28282
57858,79138
57858,62826
57858,24072
57858,41543
57858,99757
57858,99473
57858,13395
57858,10059
57858,25417
57858,44128
40886,40696
40886,1064
40886,97522
40886,39243
40886,53926
40886,94649
40886,99710
40886,12361
40886,79668
40886,37605
40886,63867
40886,43735
40886,84178
40886,79650
40886,8980
40886,7612
40886,22517
40886,1272
40886,81015
40886,36458
40886,51625
40886,53548
40886,69427
40886,39079
40886,20460
40886,93944
40886,64417
40886,49983
40886,10563
40886,47260
40886,96937
40886,60979
40886,7959
40886,58914
40886,62725
40886,50015
40886,42452
40886,54857
40886,36162
40886,22340
40886,11153
40886,92155
40886,65538
40886,91642
40886,65681
40886,51055
40886,37570
40886,4731
40886,3193
40886,68169
40886,10079
40886,7697
40886,64607
40886,58143
40886,43461
40886,44043
40886,94556
40886,97872
40886,3003
40886,44582
40886,51855
40886,63866
40886,27671
40886,29628
40886,474
40886,67649
40886,18765
40886,6262
40886,36215
40886,16081
40886,89332
40886,97386
40886,47066
40886,5949
40886,65304
40886,51431
40886,30205
40886,66326
40886,7315
40886,98151
40886,84441
40886,92548
40886,1332
40886,34524
40886,30719
40886,96678
40886,17740
40886,74600
40886,13285
40886,57494
40886,74365
40886,21793
40886,51181
40886,19487
40886,18674
40886,21092
40886,80999
40886,65746
40886,27455
40886,11158
40886,82093
40886,45216
40886,87269
40886,4177
40886,97287
40886,42635
40886,63663
40886,49424
40886,56254
40886,50883
40886,81927
40886,96507
40886,85606
40886,46828
40886,79834
40886,9031
40886,68658
40886,57173
40886,52905
40886,34016
40886,11766
40886,95408
40886,36851
40886,75444
40886,39383
40886,39351
40886,21026
40886,88953
40886,86161
40886,55587
40886,72659
40886,87456
40886,9053
40886,37840
40886,20149
40886,36296
40886,80842
40886,63297
40886,3588
40886,15956
40886,70254
40886,42987
40886,78995
40886,95265
40886,97247
40886,6856
40886,78374
40886,42923
40886,85542
40886,8796
40886,70679
40886,58617
40886,63028
40886,99290
40886,28714
40886,70600
40886,82703
40886,45925
40886,79067
40886,38589
40886,6090
40886,61025
40886,17354
40886,60730
40886,81307
40886,62224
40886,78177
40886,59844
40886,12599
40886,78591
40886,57242
40886,92503
40886,72568
40886,8536
40886,74499
40886,67921
40886,72270
40886,49942
40886,77844
40886,74722
40886,1829
40886,18841
40886,18445
40886,58681
40886,20445
40886,88089
40886,74594
40886,79138
40886,45696
40886,87993
40886,8697
40886,97567
40886,97754
40886,31910
40886,35093
40886,37735
40886,84551
40886,16216
40886,35240
40886,30692
40886,93387
40886,78277
40886,17930
40886,64597
40886,10958
40886,97957
81961,54084
81961,39243
81961,14340
81961,79650
81961,8980
81961,95763
81961,88384
81961,60388
81961,65538
81961,3193
81961,39301
81961,63866
81961,72277
81961,17936
81961,16081
81961,39863
81961,1862
81961,19897
81961,22528
81961,65432
81961,24070
81961,12242
81961,75920
81961,84595
81961,16425
81961,39809
81961,47881
81961,11766
81961,42819
81961,16012
81961,4272
81961,53770
81961,39383
81961,86161
81961,81743
81961,6594
81961,70254
81961,95995
81961,6815
81961,6090
81961,36956
81961,48609
81961,37787
81961,40938
81961,17185
81961,79138
81961,45696
81961,97754
81961,30692
81961,75733
98323,53926
98323,73918
98323,11003
98323,28680
98323,14613
98323,88731
98323,40029
98323,20082
98323,59135
98323,87030
98323,8980
98323,81332
98323,43092
98323,3545
98323,1272
98323,70434
98323,49372
98323,39983
98323,36875
98323,95763
98323,49983
98323,76581
98323,8287
98323,46068
98323,50015
98323,42452
98323,82315
98323,73445
98323,11153
98323,9150
98323,39274
98323,60090
98323,40875
98323,3617
98323,7697
98323,43461
98323,69711
98323,44582
98323,16897
98323,62707
98323,44672
98323,98684
98323,2820
98323,30883
98323,29628
98323,72277
98323,49612
98323,6262
98323,48721
98323,71870
98323,68964
98323,42451
98323,65271
98323,13512
98323,92548
98323,25460
98323,96678
98323,1608
98323,97475
98323,84059
98323,51181
98323,54129
98323,46692
98323,91832
98323,65432
98323,66075
98323,31024
98323,98615
98323,87269
98323,12906
98323,25706
98323,88161
98323,4177
98323,96472
98323,59063
98323,97287
98323,37654
98323,63663
98323,70511
98323,48430
98323,50883
98323,55814
98323,85606
98323,29982
98323,53695
98323,61309
98323,6525
98323,68658
98323,96149
98323,18276
98323,47212
98323,60670
98323,34016
98323,14425
98323,39383
98323,26761
98323,9588
98323,9053
98323,47187
98323,37840
98323,26618
98323,80842
98323,76793
98323,69725
98323,38798
98323,58617
98323,38589
98323,50307
98323,43746
98323,10692
98323,78177
98323,57242
98323,3101
98323,93507
98323,3913
98323,90546
98323,34076
98323,11238
98323,66713
98323,62851
98323,79102
98323,28112
98323,20762
98323,38591
98323,49957
98323,42982
98323,998
98323,90034
98323,41543
98323,99473
98323,16291
98323,12515
98323,13373
98323,30692
98323,13395
98323,19794
98323,89642
98323,17930
98323,32666
98323,10059
98323,1318
98323,33470
98323,80200
98323,59530
97840,1064
97840,50797
97840,53926
97840,15989
97840,91845
97840,61726
97840,72594
97840,92369
97840,78355
97840,48196
97840,60979
97840,36162
97840,73733
97840,11153
97840,62803
97840,90375
97840,30614
97840,16081
97840,29884
97840,71870
97840,54361
97840,1862
97840,46061
97840,13512
97840,27522
97840,64747
97840,31024
97840,7021
97840,29822
97840,97287
97840,42635
97840,55814
97840,85606
97840,29982
97840,46828
97840,8669
97840,10042
97840,34016
97840,95408
97840,5943
97840,53770
97840,47187
97840,44976
97840,38211
97840,83902
97840,45185
97840,62224
97840,77942
97840,22436
97840,63620
97840,76147
97840,18882
97840,59844
97840,93507
97840,17736
97840,55184
97840,62851
97840,55334
97840,21831
97840,998
97840,97567
97840,18064
97840,37022
97840,13395
97840,46196
64610,39243
64610,96311
64610,49558
64610,36078
64610,43735
64610,94916
64610,50306
64610,44305
64610,87810
64610,83129
64610,46159
64610,69427
64610,38578
64610,79095
64610,59176
64610,93944
64610,10520
64610,49983
64610,8287
64610,47260
64610,58245
64610,24848
64610,73798
64610,51055
64610,77441
64610,40875
64610,26165
64610,3617
64610,13748
64610,86807
64610,43461
64610,94556
64610,27671
64610,90375
64610,80519
64610,67649
64610,9891
64610,36215
64610,34053
64610,13875
64610,13512
64610,82969
64610,21230
64610,78765
64610,92866
64610,13285
64610,91223
64610,26935
64610,1608
64610,97475
64610,16722
64610,7926
64610,18674
64610,4071
64610,65664
64610,18030
64610,87269
64610,15718
64610,84595
64610,91374
64610,42723
64610,3793
64610,24353
64610,55814
64610,13705
64610,85606
64610,84822
64610,79834
64610,96149
64610,34016
64610,21036
64610,42819
64610,14765
64610,47820
64610,55587
64610,87379
64610,73704
64610,37840
64610,41473
64610,29682
64610,45841
64610,47884
64610,26074
64610,95853
64610,14299
64610,3588
64610,21334
64610,97247
64610,6856
64610,8796
64610,56747
64610,63028
64610,99290
64610,70600
64610,79067
64610,38589
64610,48745
64610,17354
64610,78665
64610,45185
64610,7025
64610,43746
64610,28799
64610,23664
64610,57967
64610,12407
64610,62224
64610,77942
64610,22436
64610,48609
64610,78177
64610,12599
64610,3101
64610,90546
64610,74499
64610,45506
64610,77844
64610,52708
64610,56489
64610,5059
64610,58681
64610,32176
64610,79102
64610,43081
64610,28282
64610,74594
64610,79138
64610,62826
64610,97567
64610,72466
64610,41543
64610,4809
64610,16291
64610,73409
64610,86447
64610,37022
64610,13395
64610,90650
64610,19794
64610,89096
64610,89967
64610,74888
64610,80200
64610,44128
2935,84844
2935,84230
2935,36078
2935,43735
2935,98122
2935,94916
2935,50306
2935,10428
2935,36458
2935,46068
2935,62725
2935,50015
2935,51451
2935,26165
2935,94556
2935,16081
2935,89332
2935,80996
2935,45177
2935,13512
2935,82969
2935,78765
2935,74600
2935,21793
2935,7926
2935,65432
2935,45216
2935,15718
2935,84595
2935,48756
2935,61309
2935,91314
2935,15096
2935,28935
2935,41473
2935,26618
2935,99792
2935,62293
2935,3588
2935,76793
2935,26638
2935,95995
2935,99290
2935,28714
2935,38589
2935,78665
2935,7025
2935,77964
2935,28799
2935,60730
2935,62224
2935,36956
2935,12599
2935,78591
2935,56489
2935,17526
2935,2677
2935,80759
2935,89967
2935,5062
2935,44128
4684,1064
4684,28680
4684,98122
4684,94916
4684,50306
4684,10428
4684,51625
4684,53548
4684,39079
4684,25310
4684,10520
4684,50802
4684,49983
4684,8287
4684,29210
4684,58245
4684,51055
4684,43461
4684,39301
4684,7685
4684,474
4684,67649
4684,36215
4684,16081
4684,74853
4684,66501
4684,7315
4684,82969
4684,27199
4684,7926
4684,18030
4684,15889
4684,61524
4684,15718
4684,42723
4684,96507
4684,96149
4684,76900
4684,28935
4684,59817
4684,99792
4684,26074
4684,3588
4684,26638
4684,99290
4684,18165
4684,28714
4684,79067
4684,60730
4684,81307
4684,62224
4684,24497
4684,98306
4684,18882
4684,8536
4684,72598
4684,56489
4684,7536
4684,32176
4684,79102
4684,69661
4684,62826
4684,97567
4684,12515
4684,13395
4684,19794
4684,5062
4684,25417
4684,10958
4684,33252
4684,74888
42115,97522
42115,39243
42115,46602
42115,94791
42115,53926
42115,73918
42115,94649
42115,17253
42115,79668
42115,37711
42115,65887
42115,91845
42115,29759
42115,49558
42115,2126
42115,59121
42115,37624
42115,61726
42115,44305
42115,34874
42115,87810
42115,66638
42115,1272
42115,49372
42115,70392
42115,11960
42115,95763
42115,95594
42115,76581
42115,10563
42115,22048
42115,58914
42115,72149
42115,62725
42115,59292
42115,87765
42115,60388
42115,58245
42115,24848
42115,73798
42115,73733
42115,60211
42115,9150
42115,92155
42115,65538
42115,78373
42115,51451
42115,3193
42115,26165
42115,3617
42115,63014
42115,43461
42115,44043
42115,8309
42115,16897
42115,29628
42115,90375
42115,72277
42115,18765
42115,36215
42115,42451
42115,74853
42115,43875
42115,98151
42115,50886
42115,13512
42115,92548
42115,42102
42115,96678
42115,49679
42115,23594
42115,91223
42115,43175
42115,23525
42115,26935
42115,65472
42115,34924
42115,84059
42115,28928
42115,36838
42115,19487
42115,75147
42115,46692
42115,36854
42115,72188
42115,65432
42115,19091
42115,80321
42115,82093
42115,86538
42115,32541
42115,24070
42115,12242
42115,1198
42115,113
42115,37195
42115,48898
42115,7021
42115,75920
42115,29822
42115,97287
42115,70511
42115,94691
42115,59114
42115,73346
42115,46828
42115,58951
42115,64757
42115,68658
42115,82847
42115,47212
42115,15096
42115,34016
42115,14765
42115,55319
42115,14425
42115,47820
42115,55639
42115,15566
42115,87379
42115,73704
42115,92622
42115,45841
42115,36296
42115,90219
42115,93464
42115,95853
42115,14299
42115,71569
42115,35999
42115,44976
42115,70254
42115,42987
42115,78995
42115,6856
42115,8796
42115,38798
42115,70679
42115,10513
42115,99290
42115,6927
42115,45925
42115,6090
42115,13613
42115,61025
42115,7025
42115,43746
42115,77841
42115,24497
42115,10692
42115,21855
42115,78177
42115,2584
42115,4312
42115,37106
42115,97900
42115,93507
42115,17736
42115,55184
42115,40938
42115,45506
42115,52708
42115,69125
42115,7536
42115,74722
42115,1829
42115,18445
42115,33249
42115,40557
42115,88089
42115,79138
42115,39993
42115,88486
42115,21831
42115,61825
42115,97754
42115,2677
42115,16291
42115,27660
42115,52703
42115,82704
42115,73873
42115,91043
42115,13395
42115,75733
42115,94637
42115,10958
42115,33470
42115,7197
44850,54084
44850,39243
44850,50797
44850,94791
44850,12999
44850,84230
44850,73918
44850,17253
44850,99710
44850,12361
44850,79668
44850,96311
44850,37711
44850,15989
44850,14340
44850,59135
44850,79650
44850,44305
44850,83129
44850,39824
44850,46159
44850,39983
44850,69427
44850,39079
44850,11960
44850,25310
44850,87781
44850,38335
44850,95594
44850,59176
44850,10564
44850,5957
44850,46068
44850,48196
44850,76017
44850,50015
44850,65538
44850,78428
44850,51846
44850,41190
44850,46431
44850,26405
44850,63014
44850,89624
44850,94556
44850,83365
44850,44582
44850,63866
44850,7685
44850,13148
44850,78983
44850,14531
44850,49195
44850,18765
44850,30614
44850,16081
44850,97386
44850,47066
44850,54361
44850,68964
44850,70954
44850,30205
44850,42451
44850,74853
44850,66501
44850,13875
44850,41019
44850,7315
44850,45177
44850,50886
44850,46061
44850,19581
44850,62905
44850,13512
44850,93016
44850,25460
44850,49679
44850,74600
44850,13285
44850,22807
44850,2500
44850,88855
44850,1608
44850,84059
44850,80887
44850,54129
44850,46692
44850,19451
44850,91832
44850,53082
44850,27455
44850,66075
44850,80321
44850,87269
44850,12242
44850,1198
44850,94363
44850,12138
44850,7021
44850,4177
44850,75920
44850,24234
44850,29822
44850,42635
44850,16425
44850,59114
44850,87941
44850,48756
44850,55814
44850,96507
44850,74421
44850,19152
44850,29982
44850,95970
44850,61309
44850,9031
44850,8669
44850,54466
44850,96149
44850,82639
44850,5943
44850,76900
44850,13968
44850,14765
44850,75444
44850,19028
44850,55319
44850,11775
44850,39383
44850,47820
44850,9076
44850,1349
44850,26761
44850,15566
44850,47187
44850,28935
44850,41473
44850,14240
44850,59817
44850,92622
44850,56529
44850,84280
44850,20149
44850,95338
44850,95853
44850,14299
44850,76793
44850,28136
44850,2997
44850,99173
44850,44976
44850,58578
44850,42987
44850,78995
44850,21334
44850,38798
44850,62837
44850,66626
44850,76511
44850,10513
44850,19147
44850,18165
44850,28714
44850,7339
44850,6815
44850,57837
44850,31580
44850,6090
44850,61025
44850,44949
44850,4027
44850,7025
44850,43746
44850,51956
44850,28799
44850,23664
44850,29811
44850,71663
44850,11038
44850,68857
44850,10353
44850,22436
44850,67747
44850,76147
44850,37787
44850,12599
44850,57242
44850,37106
44850,92503
44850,62789
44850,29704
44850,76145
44850,74499
44850,67921
44850,34076
44850,74722
44850,51097
44850,73855
44850,56407
44850,6374
44850,66713
44850,39310
44850,88089
44850,74594
44850,87993
44850,8697
44850,88486
44850,68607
44850,97567
44850,65163
44850,97754
44850,31910
44850,90034
44850,85617
44850,37735
44850,72466
44850,84551
44850,85038
44850,92966
44850,52703
44850,12515
44850,73409
44850,91319
44850,64575
44850,61976
44850,91043
44850,53056
44850,80572
44850,66677
44850,51334
44850,90808
44850,1318
44850,46196
44850,85528
44850,652
44850,49307
44850,30776
44850,33252
44850,44128
35486,54084
35486,41477
35486,53926
35486,17253
35486,99710
35486,74649
35486,96311
35486,29838
35486,91845
35486,29759
35486,14613
35486,88731
35486,40029
35486,2126
35486,98122
35486,59121
35486,22551
35486,16021
35486,61726
35486,59135
35486,43092
35486,34874
35486,83129
35486,39824
35486,92369
35486,49372
35486,36458
35486,53548
35486,25310
35486,20460
35486,5957
35486,22048
35486,8287
35486,1795
35486,60979
35486,29210
35486,58914
35486,87765
35486,76017
35486,82315
35486,58245
35486,22340
35486,65538
35486,41435
35486,78373
35486,4731
35486,77441
35486,60090
35486,40875
35486,51710
35486,87239
35486,23385
35486,86807
35486,83365
35486,16897
35486,98684
35486,72277
35486,17936
35486,49612
35486,36215
35486,47722
35486,71870
35486,12812
35486,42451
35486,50886
35486,19581
35486,62905
35486,65271
35486,6346
35486,1836
35486,92548
35486,97323
35486,3086
35486,30719
35486,86289
35486,90997
35486,17740
35486,70282
35486,78229
35486,85293
35486,62153
35486,88855
35486,1608
35486,97475
35486,48489
35486,84059
35486,14421
35486,22528
35486,3924
35486,51181
35486,36838
35486,99057
35486,83163
35486,7926
35486,36854
35486,43003
35486,72188
35486,4071
35486,27455
35486,51810
35486,5199
35486,81052
35486,61524
35486,48391
35486,12138
35486,15718
35486,84595
35486,96472
35486,91374
35486,84024
35486,42635
35486,16425
35486,70511
35486,87941
35486,48430
35486,62444
35486,50883
35486,26261
35486,55814
35486,86997
35486,82814
35486,79834
35486,6525
35486,91314
35486,10042
35486,47881
35486,79870
35486,26544
35486,55319
35486,65295
35486,47820
35486,1349
35486,21026
35486,88953
35486,15566
35486,81743
35486,59817
35486,39501
35486,29682
35486,26074
35486,95853
35486,75375
35486,76327
35486,35999
35486,99173
35486,42987
35486,78995
35486,58617
35486,56359
35486,19147
35486,63028
35486,99290
35486,7339
35486,70600
35486,12237
35486,6927
35486,45925
35486,13613
35486,45185
35486,64317
35486,81307
35486,62224
35486,45770
35486,11038
35486,10353
35486,63777
35486,1674
35486,21855
35486,59844
35486,3101
35486,72568
35486,97900
35486,93507
35486,3913
35486,72270
35486,10188
35486,74722
35486,1829
35486,11238
35486,51097
35486,73855
35486,56407
35486,79102
35486,38591
35486,29290
35486,45696
35486,87993
35486,42982
35486,61825
35486,62826
35486,97754
35486,90034
35486,35093
35486,91319
35486,89249
35486,37022
35486,20515
35486,51334
35486,25838
35486,46196
35486,80686
35486,64597
35486,10958
35486,33252
35486,97957
6246,39243
6246,50797
6246,70994
6246,99710
6246,695
6246,25155
6246,29759
6246,40029
6246,37624
6246,14340
6246,3545
6246,22517
6246,3805
6246,72594
6246,10428
6246,87810
6246,1272
6246,70434
6246,46159
6246,46461
6246,87781
6246,95594
6246,59176
6246,10520
6246,10564
6246,50802
6246,89592
6246,60979
6246,82315
6246,9150
6246,39491
6246,22648
6246,3193
6246,62704
6246,23385
6246,66992
6246,94556
6246,8309
6246,50055
6246,39301
6246,13914
6246,30614
6246,91
6246,16081
6246,89332
6246,47066
6246,54361
6246,43875
6246,62905
6246,65271
6246,84441
6246,38505
6246,13512
6246,92548
6246,97323
6246,42102
6246,64775
6246,96678
6246,23594
6246,27522
6246,64747
6246,22799
6246,62153
6246,1608
6246,16722
6246,63112
6246,74365
6246,19487
6246,33181
6246,72188
6246,65432
6246,80321
6246,12242
6246,61524
6246,53881
6246,84595
6246,37654
6246,3793
6246,70511
6246,50883
6246,74421
6246,91314
6246,53770
6246,65295
6246,26761
6246,81743
6246,99792
6246,93464
6246,70167
6246,48302
6246,74988
6246,58578
6246,87505
6246,84622
6246,38211
6246,44348
6246,58159
6246,3
6246,19147
6246,6815
6246,85262
6246,57782
6246,59783
6246,62224
6246,77942
6246,21683
6246,36956
6246,68857
6246,10353
6246,22436
6246,63620
6246,8628
6246,37787
6246,59844
6246,57242
6246,37106
6246,97900
6246,17736
6246,76145
6246,90546
6246,33196
6246,49942
6246,74722
6246,62851
6246,13278
6246,43081
6246,17185
6246,69661
6246,29290
6246,42982
6246,998
6246,97567
6246,90034
6246,84551
6246,24072
6246,85038
6246,99757
6246,27660
6246,92282
6246,10424
6246,73409
6246,99454
6246,9320
6246,52638
6246,91043
6246,80572
6246,95180
6246,65114
6246,1318
6246,697
6246,652
6246,49307
6246,33470
78271,40696
78271,41477
78271,46602
78271,50797
78271,53926
78271,73918
78271,79668
78271,28680
78271,96311
78271,91845
78271,29759
78271,88731
78271,73945
78271,98122
78271,59121
78271,14340
78271,90113
78271,81332
78271,43092
78271,44305
78271,64451
78271,55515
78271,30965
78271,49372
78271,81015
78271,39079
78271,38335
78271,93944
78271,22048
78271,47260
78271,7959
78271,88384
78271,59292
78271,50426
78271,58245
78271,78373
78271,78824
78271,3617
78271,62803
78271,47172
78271,43461
78271,83365
78271,69711
78271,98684
78271,2820
78271,3228
78271,29628
78271,474
78271,72277
78271,67649
78271,9891
78271,16081
78271,54361
78271,74853
78271,85851
78271,84441
78271,3086
78271,96678
78271,49679
78271,74600
78271,62153
78271,49806
78271,27199
78271,46692
78271,80999
78271,65432
78271,65664
78271,80321
78271,36891
78271,45216
78271,98615
78271,89459
78271,48391
78271,15718
78271,4177
78271,91374
78271,34808
78271,16425
78271,63663
78271,47003
78271,48430
78271,41743
78271,85606
78271,58951
78271,61309
78271,79834
78271,10042
78271,72929
78271,62943
78271,4272
78271,1349
78271,28935
78271,41473
78271,29682
78271,62293
78271,70167
78271,30170
78271,6594
78271,71569
78271,35999
78271,44976
78271,69725
78271,56747
78271,38211
78271,44348
78271,58617
78271,63028
78271,50519
78271,9239
78271,43946
78271,6815
78271,79067
78271,61025
78271,78665
78271,57782
78271,45185
78271,77964
78271,23664
78271,64966
78271,60730
78271,81307
78271,61326
78271,10692
78271,22436
78271,4925
78271,76147
78271,78177
78271,2584
78271,75529
78271,98306
78271,12599
78271,85225
78271,78591
78271,73386
78271,93507
78271,72598
78271,17736
78271,40938
78271,49942
78271,77844
78271,5059
78271,61238
78271,79102
78271,79138
78271,8697
78271,97754
78271,35093
78271,37735
78271,72466
78271,41543
78271,4809
78271,92282
78271,95796
78271,36323
78271,9320
78271,80759
78271,9169
78271,16219
78271,95180
78271,66677
78271,10059
78271,46196
78271,10958
78271,30776
78271,33252
10918,69909
10918,11003
10918,57372
10918,695
10918,49558
10918,43735
10918,79650
10918,44305
10918,3545
10918,92369
10918,39983
10918,69427
10918,79095
10918,8287
10918,29210
10918,58914
10918,88384
10918,59292
10918,50015
10918,78428
10918,11125
10918,26165
10918,58143
10918,94556
10918,39301
10918,13914
10918,474
10918,36215
10918,71870
10918,65304
10918,66501
10918,98151
10918,1836
10918,92655
10918,6
10918,82969
10918,93016
10918,34524
10918,30719
10918,96678
10918,78765
10918,88855
10918,27199
10918,62515
10918,18674
10918,29358
10918,81052
10918,75920
10918,84595
10918,29822
10918,3793
10918,48430
10918,13122
10918,96507
10918,19152
10918,46828
10918,67349
10918,58951
10918,96149
10918,60670
10918,82639
10918,21947
10918,47820
10918,55639
10918,26761
10918,55587
10918,49068
10918,47187
10918,59113
10918,29682
10918,2997
10918,44976
10918,26638
10918,97247
10918,85542
10918,8796
10918,83902
10918,63028
10918,99290
10918,23664
10918,24497
10918,11038
10918,10353
10918,67747
10918,78177
10918,12599
10918,93507
10918,16758
10918,1829
10918,73855
10918,66713
10918,55334
10918,58681
10918,32176
10918,61825
10918,37735
10918,99757
10918,12515
10918,73409
10918,80759
10918,61976
10918,89642
10918,10059
10918,89967
10918,1318
10918,5062
10918,80686
10918,80200
3513,41477
3513,39243
3513,94791
3513,90965
3513,74649
3513,65887
3513,14613
3513,94916
3513,50306
3513,10428
3513,55515
3513,36458
3513,46159
3513,39983
3513,53548
3513,69427
3513,24302
3513,49983
3513,8287
3513,7959
3513,36162
3513,58245
3513,73733
3513,78373
3513,3617
3513,47172
3513,86807
3513,8309
3513,50055
3513,44582
3513,63866
3513,7685
3513,30883
3513,3228
3513,9891
3513,16081
3513,41019
3513,13512
3513,3086
3513,42102
3513,81497
3513,49806
3513,97475
3513,34924
3513,63112
3513,21793
3513,19487
3513,46692
3513,62515
3513,18674
3513,91832
3513,53082
3513,65664
3513,48898
3513,7021
3513,15718
3513,4177
3513,59063
3513,40753
3513,34808
3513,16425
3513,63663
3513,42723
3513,73295
3513,48430
3513,13705
3513,58951
3513,79834
3513,8669
3513,91314
3513,10042
3513,47212
3513,82639
3513,76900
3513,47820
3513,93735
3513,26761
3513,47187
3513,92622
3513,39501
3513,95853
3513,97247
3513,85542
3513,63028
3513,50519
3513,85262
3513,90275
3513,77964
3513,77942
3513,79515
3513,36956
3513,10692
3513,48609
3513,96932
3513,98306
3513,18882
3513,59844
3513,8536
3513,73855
3513,49957
3513,79138
3513,21831
3513,97567
3513,90034
3513,84551
3513,99757
3513,13373
3513,99454
3513,9320
3513,64575
3513,61976
3513,91043
3513,13395
3513,19794
3513,46196
3513,5062
3513,25417
66460,2885
66460,94791
66460,57372
66460,74649
66460,44305
66460,72594
66460,92369
66460,49372
66460,78355
66460,95594
66460,93944
66460,58424
66460,7959
66460,76017
66460,50015
66460,98463
66460,82315
66460,58245
66460,73798
66460,68169
66460,62707
66460,44672
66460,63866
66460,98684
66460,49612
66460,49195
66460,71870
66460,5949
66460,80996
66460,68964
66460,20562
66460,30205
66460,46061
66460,13512
66460,3086
66460,34524
66460,30719
66460,78229
66460,22807
66460,1608
66460,49806
66460,27199
66460,21793
66460,36838
66460,99057
66460,72188
66460,58876
66460,5199
66460,66075
66460,80321
66460,82093
66460,87269
66460,61524
66460,88161
66460,95994
66460,96472
66460,44313
66460,68416
66460,50883
66460,98521
66460,55814
66460,59338
66460,67349
66460,42819
66460,5943
66460,26761
66460,88953
66460,49068
66460,72659
66460,99792
66460,26074
66460,48302
66460,76793
66460,74988
66460,42987
66460,30846
66460,8796
66460,38798
66460,62837
66460,30481
66460,58617
66460,64039
66460,79067
66460,48745
66460,4027
66460,45185
66460,43746
66460,28799
66460,81307
66460,10692
66460,12333
66460,10353
66460,22436
66460,37787
66460,4312
66460,98306
66460,4232
66460,78591
66460,8536
66460,17736
66460,3913
66460,90546
66460,40938
66460,69125
66460,7536
66460,11238
66460,66713
66460,84135
66460,57589
66460,79102
66460,33249
66460,28112
66460,88089
66460,61825
66460,65163
66460,97754
66460,85617
66460,96211
66460,16291
66460,65334
66460,13373
66460,89249
66460,93387
66460,73539
66460,9169
66460,61976
66460,91043
66460,89642
66460,75733
66460,32666
66460,51334
66460,46196
66460,68532
66460,80686
66460,49307
66460,33252
66460,74888
35555,84844
35555,50797
35555,99322
35555,99710
35555,96311
35555,65887
35555,15989
35555,87030
35555,3805
35555,72594
35555,87810
35555,30965
35555,70434
35555,70392
35555,38578
35555,59176
35555,10563
35555,8287
35555,58424
35555,50015
35555,36162
35555,9150
35555,78824
35555,62803
35555,66992
35555,13148
35555,29884
35555,63951
35555,66326
35555,74853
35555,43875
35555,21230
35555,92866
35555,34924
35555,4071
35555,54974
35555,19091
35555,45216
35555,1198
35555,28495
35555,48898
35555,59054
35555,91374
35555,96507
35555,59338
35555,84822
35555,79834
35555,46428
35555,9031
35555,42819
35555,26544
35555,4272
35555,55319
35555,87379
35555,47187
35555,78675
35555,39888
35555,99792
35555,47884
35555,63297
35555,58578
35555,42923
35555,31580
35555,57782
35555,12407
35555,62224
35555,67009
35555,72270
35555,74722
35555,62851
35555,74594
35555,41543
35555,9169
35555,91043
35555,697
35555,94637
35555,7197
97419,40696
97419,1064
97419,39243
97419,39885
97419,28620
97419,12999
97419,94649
97419,57372
97419,25155
97419,29838
97419,65887
97419,91845
97419,49558
97419,40029
97419,98122
97419,94916
97419,3805
97419,10428
97419,64451
97419,55515
97419,91713
97419,46461
97419,87781
97419,95594
97419,46068
97419,47260
97419,7959
97419,58914
97419,69995
97419,24848
97419,77441
97419,70782
97419,26165
97419,3617
97419,87239
97419,64607
97419,43461
97419,66992
97419,50055
97419,27671
97419,49195
97419,29884
97419,89332
97419,65271
97419,97323
97419,86289
97419,96678
97419,21230
97419,27522
97419,70282
97419,78229
97419,64747
97419,91223
97419,26935
97419,82707
97419,16722
97419,96691
97419,28928
97419,14290
97419,36838
97419,19487
97419,91832
97419,4071
97419,27455
97419,51810
97419,45216
97419,40584
97419,71128
97419,1198
97419,4177
97419,75920
97419,91374
97419,3793
97419,68416
97419,62444
97419,13122
97419,24353
97419,48756
97419,59338
97419,84822
97419,46828
97419,89757
97419,54466
97419,96149
97419,47881
97419,11766
97419,42819
97419,13968
97419,4272
97419,55319
97419,47820
97419,93735
97419,21026
97419,34448
97419,28935
97419,41473
97419,78675
97419,39888
97419,84280
97419,99792
97419,47884
97419,63297
97419,93464
97419,35999
97419,58578
97419,69725
97419,95265
97419,97247
97419,78374
97419,38798
97419,56747
97419,76511
97419,19147
97419,73973
97419,82703
97419,85262
97419,78665
97419,48790
97419,81307
97419,24497
97419,22436
97419,48609
97419,4925
97419,8628
97419,98306
97419,12599
97419,57242
97419,3913
97419,77844
97419,52708
97419,18841
97419,5059
97419,58681
97419,82741
97419,79102
97419,33249
97419,49957
97419,74594
97419,33450
97419,97567
97419,97754
97419,90034
97419,18808
97419,84551
97419,4809
97419,99757
97419,92282
97419,91319
97419,18064
97419,30692
97419,93387
97419,73539
97419,9169
97419,90650
97419,89642
97419,80572
97419,39496
97419,1318
97419,49307
97419,80200
17790,84844
17790,70994
17790,94791
17790,28620
17790,53643
17790,61726
17790,30965
17790,46461
17790,8013
17790,48196
17790,82315
17790,60211
17790,78373
17790,88776
17790,23385
17790,89624
17790,69711
17790,48244
17790,62905
17790,97323
17790,96678
17790,27522
17790,64747
17790,22799
17790,21793
17790,18674
17790,91832
17790,5199
17790,19091
17790,45216
17790,94363
17790,48391
17790,15718
17790,19152
17790,58660
17790,26544
17790,5943
17790,76900
17790,47820
17790,73704
17790,8982
17790,2997
17790,95995
17790,58617
17790,18165
17790,78665
17790,61573
17790,57967
17790,62224
17790,77942
17790,45770
17790,1674
17790,76147
17790,78591
17790,57242
17790,82741
17790,18218
17790,29290
17790,88486
17790,92966
17790,86447
17790,89249
17790,93387
17790,25838
17790,94637
17790,652
17790,1711
23876,40696
23876,70994
23876,84230
23876,17253
23876,57372
23876,25155
23876,73945
23876,20082
23876,3545
23876,7612
23876,3805
23876,39824
23876,92369
23876,49372
23876,46461
23876,95763
23876,95594
23876,10520
23876,89592
23876,5957
23876,68556
23876,87765
23876,42452
23876,60211
23876,51451
23876,22648
23876,28105
23876,26405
23876,62704
23876,23385
23876,51678
23876,58143
23876,86807
23876,89624
23876,62707
23876,29628
23876,78983
23876,97386
23876,28110
23876,71346
23876,84786
23876,42451
23876,19581
23876,92655
23876,1332
23876,30860
23876,90997
23876,24548
23876,13285
23876,62153
23876,16722
23876,14421
23876,22528
23876,74365
23876,80887
23876,7926
23876,58876
23876,24070
23876,87269
23876,113
23876,15718
23876,59063
23876,40753
23876,16425
23876,63663
23876,49424
23876,66004
23876,46428
23876,54466
23876,60670
23876,34016
23876,82639
23876,5943
23876,75444
23876,4272
23876,65295
23876,47820
23876,26761
23876,88953
23876,47187
23876,81743
23876,14240
23876,78675
23876,47884
23876,6594
23876,95265
23876,6856
23876,78374
23876,42923
23876,19147
23876,64039
23876,48790
23876,94730
23876,90275
23876,71663
23876,57967
23876,8628
23876,12599
23876,37106
23876,76145
23876,73855
23876,13278
23876,20445
23876,69661
23876,29290
23876,45696
23876,31910
23876,90034
23876,35093
23876,37735
23876,92966
23876,16216
23876,92282
23876,10424
23876,82704
23876,42374
23876,7137
23876,53056
23876,19794
23876,89967
23876,5062
23876,49307
64733,1064
64733,12361
64733,28680
64733,25155
64733,37711
64733,3805
64733,39824
64733,70392
64733,1795
64733,51451
64733,28105
64733,68169
64733,7697
64733,50055
64733,48721
64733,42451
64733,98151
64733,65271
64733,3086
64733,30860
64733,81497
64733,90997
64733,27522
64733,26935
64733,97475
64733,34924
64733,16722
64733,59054
64733,91374
64733,42635
64733,68416
64733,13122
64733,81927
64733,85606
64733,39809
64733,46428
64733,54466
64733,9621
64733,15096
64733,52905
64733,11766
64733,11733
64733,39351
64733,47820
64733,21026
64733,26761
64733,92622
64733,36296
64733,26638
64733,42923
64733,29040
64733,82703
64733,43946
64733,90275
64733,71663
64733,44244
64733,63777
64733,75529
64733,12599
64733,18841
64733,56407
64733,6374
64733,92100
64733,62826
64733,65163
64733,65334
64733,86447
64733,93387
62099,90965
62099,99710
62099,57372
62099,14613
62099,88731
62099,37624
62099,87030
62099,8980
62099,3805
62099,1272
62099,92369
62099,36458
62099,53548
62099,65268
62099,8287
62099,58424
62099,60979
62099,98463
62099,77441
62099,70782
62099,87239
62099,39301
62099,72277
62099,49195
62099,6262
62099,16081
62099,30205
62099,1862
62099,65271
62099,6
62099,3086
62099,78229
62099,34924
62099,19487
62099,72188
62099,29358
62099,82093
62099,87269
62099,63663
62099,13122
62099,66004
62099,46828
62099,9031
62099,18276
62099,13968
62099,53770
62099,29682
62099,95853
62099,18845
62099,99173
62099,26638
62099,42987
62099,64039
62099,27266
62099,7339
62099,85262
62099,28799
62099,57242
62099,8536
62099,77844
62099,92100
62099,13278
62099,33249
62099,17185
62099,88089
62099,29290
62099,2677
62099,91043
62099,47458
62099,1711
52534,84844
52534,90482
52534,1064
52534,39243
52534,2885
52534,90965
52534,17253
52534,29838
52534,49372
52534,53548
52534,38335
52534,50136
52534,46068
52534,35573
52534,88384
52534,60211
52534,92155
52534,65681
52534,22620
52534,69711
52534,13914
52534,14531
52534,5949
52534,9915
52534,50886
52534,6346
52534,38505
52534,92548
52534,3086
52534,30719
52534,49679
52534,74600
52534,99057
52534,80999
52534,65432
52534,80321
52534,88161
52534,48430
52534,46828
52534,67349
52534,58660
52534,15096
52534,55319
52534,65295
52534,88953
52534,72659
52534,73704
52534,59113
52534,59817
52534,39501
52534,39888
52534,95853
52534,12104
52534,9239
52534,13613
52534,10353
52534,60228
52534,69125
52534,60549
52534,88089
52534,87993
52534,84551
52534,95796
52534,65334
52534,13373
52534,82704
52534,89249
52534,52638
52534,75733
52534,66677
52534,5062
52534,68532
91142,90482
91142,2885
91142,70994
91142,69909
91142,53643
91142,57372
91142,6420
91142,96311
91142,49558
91142,84178
91142,98122
91142,37624
91142,90113
91142,79650
91142,81332
91142,66638
91142,82241
91142,46461
91142,25310
91142,79095
91142,38335
91142,10564
91142,46068
91142,35573
91142,58914
91142,69995
91142,50426
91142,82315
91142,41190
91142,39491
91142,11125
91142,77441
91142,40875
91142,7697
91142,64607
91142,26030
91142,83365
91142,7685
91142,2820
91142,80519
91142,49612
91142,36215
91142,5949
91142,34053
91142,54361
91142,80996
91142,84786
91142,7315
91142,50886
91142,48244
91142,92548
91142,27522
91142,70282
91142,78229
91142,13285
91142,2500
91142,48489
91142,21793
91142,92236
91142,4071
91142,80321
91142,71128
91142,28495
91142,113
91142,48391
91142,48898
91142,84595
91142,96472
91142,91374
91142,16425
91142,47003
91142,66004
91142,55814
91142,85606
91142,39809
91142,29982
91142,67349
91142,37212
91142,6525
91142,60670
91142,15096
91142,11766
91142,26544
91142,21947
91142,75444
91142,26761
91142,88953
91142,9588
91142,28935
91142,14240
91142,29682
91142,84280
91142,36296
91142,95853
91142,15956
91142,58578
91142,6856
91142,78374
91142,58617
91142,9239
91142,48745
91142,85262
91142,45185
91142,29811
91142,77841
91142,20130
91142,12407
91142,62224
91142,19851
91142,63620
91142,1674
91142,2584
91142,59844
91142,86833
91142,92503
91142,60228
91142,8536
91142,93507
91142,29704
91142,34076
91142,7536
91142,58681
91142,33249
91142,69661
91142,2677
91142,73409
91142,86447
91142,89249
91142,37022
91142,47458
91142,89096
91142,89967
91142,51334
91142,5062
91142,697
91142,10958
91142,33252
91142,80200
91142,44128
91142,59530
91142,7197
91142,97957
72672,12376
72672,40696
72672,39243
72672,46602
72672,50797
72672,94791
72672,94649
72672,63867
72672,14613
72672,88731
72672,43735
72672,84178
72672,87030
72672,3545
72672,34874
72672,55515
72672,1272
72672,51625
72672,53548
72672,10520
72672,10563
72672,5957
72672,48196
72672,88384
72672,87765
72672,60388
72672,42452
72672,36162
72672,58245
72672,22340
72672,92155
72672,41435
72672,88776
72672,77441
72672,70782
72672,3617
72672,62803
72672,10079
72672,26405
72672,7697
72672,47172
72672,58143
72672,63014
72672,43461
72672,66992
72672,94556
72672,39301
72672,7685
72672,474
72672,48721
72672,97386
72672,47066
72672,63951
72672,68964
72672,70954
72672,41019
72672,7315
72672,98151
72672,82969
72672,30719
72672,23594
72672,74600
72672,2500
72672,82707
72672,74365
72672,21793
72672,36838
72672,19487
72672,7926
72672,36854
72672,79278
72672,72188
72672,65432
72672,27455
72672,34523
72672,29358
72672,86538
72672,32541
72672,87269
72672,25706
72672,37195
72672,29822
72672,84024
72672,97287
72672,3793
72672,70511
72672,87941
72672,96507
72672,13705
72672,46828
72672,67349
72672,58951
72672,96149
72672,47881
72672,57173
72672,72929
72672,15096
72672,82639
72672,11766
72672,26544
72672,36851
72672,14425
72672,53770
72672,11775
72672,47820
72672,55639
72672,88953
72672,55587
72672,72659
72672,28935
72672,41473
72672,26618
72672,62293
72672,30170
72672,95853
72672,6594
72672,75375
72672,76793
72672,15956
72672,18845
72672,2997
72672,99173
72672,42987
72672,30846
72672,78374
72672,56747
72672,30481
72672,58159
72672,58617
72672,66626
72672,76511
72672,83902
72672,19147
72672,27266
72672,70600
72672,6927
72672,78665
72672,7025
72672,57967
72672,81307
72672,67009
72672,36956
72672,48609
72672,76147
72672,78177
72672,37787
72672,98306
72672,78591
72672,72568
72672,97900
72672,8536
72672,76145
72672,3913
72672,40938
72672,49233
72672,72270
72672,56489
72672,7536
72672,13278
72672,39310
72672,17185
72672,8697
72672,2677
72672,41543
72672,12515
72672,73409
72672,91319
72672,18064
72672,99454
72672,35240
72672,73873
72672,73539
72672,80759
72672,64575
72672,9169
72672,91043
72672,66677
72672,697
72672,652
72672,25417
72672,10958
72672,33252
62344,97522
62344,2126
62344,14340
62344,8980
62344,50306
62344,81332
62344,10428
62344,51625
62344,46159
62344,79095
62344,70782
62344,39274
62344,62704
62344,97893
62344,98684
62344,14531
62344,5949
62344,94560
62344,39863
62344,13875
62344,84441
62344,13512
62344,27254
62344,74600
62344,26935
62344,49806
62344,12242
62344,25706
62344,95994
62344,113
62344,37195
62344,75920
62344,70511
62344,96507
62344,6525
62344,91314
62344,53770
62344,65295
62344,21026
62344,38211
62344,57837
62344,48745
62344,78665
62344,81307
62344,67747
62344,2584
62344,17736
62344,29704
62344,33196
62344,72270
62344,28112
62344,84098
62344,21831
62344,4809
62344,92282
62344,93387
62344,90307
62344,68532
62344,33470
62344,7197
69957,84844
69957,1064
69957,41477
69957,94649
69957,79668
69957,53643
69957,28680
69957,57372
69957,91845
69957,36078
69957,37624
69957,43092
69957,44305
69957,22517
69957,1272
69957,39983
69957,53548
69957,69427
69957,38578
69957,39079
69957,25310
69957,36875
69957,10564
69957,64417
69957,7959
69957,72149
69957,62725
69957,69995
69957,36162
69957,60211
69957,9150
69957,37570
69957,51451
69957,3617
69957,2418
69957,26405
69957,47172
69957,86807
69957,63014
69957,50055
69957,69711
69957,3228
69957,474
69957,72277
69957,30614
69957,39863
69957,1862
69957,74853
69957,45177
69957,82969
69957,30719
69957,21230
69957,78765
69957,70282
69957,92866
69957,13285
69957,26935
69957,1608
69957,49806
69957,48489
69957,14421
69957,74365
69957,51181
69957,83163
69957,62515
69957,7926
69957,65746
69957,54974
69957,34523
69957,82093
69957,98615
69957,12242
69957,28495
69957,37195
69957,48898
69957,84024
69957,63663
69957,42723
69957,73295
69957,81927
69957,85606
69957,39809
69957,67349
69957,53695
69957,79834
69957,46428
69957,96149
69957,72929
69957,82639
69957,55639
69957,87379
69957,28935
69957,59817
69957,29682
69957,78675
69957,26618
69957,45841
69957,90219
69957,14299
69957,6594
69957,58578
69957,42923
69957,38798
69957,58159
69957,58617
69957,7339
69957,70600
69957,43946
69957,48745
69957,57782
69957,90275
69957,28799
69957,23664
69957,48609
69957,76147
69957,21855
69957,78177
69957,59844
69957,12599
69957,85225
69957,8536
69957,90546
69957,16758
69957,72270
69957,45506
69957,77844
69957,74722
69957,56407
69957,18445
69957,92100
69957,79102
69957,33249
69957,18218
69957,28282
69957,74594
69957,79138
69957,33450
69957,8697
69957,2677
69957,84551
69957,92282
69957,73409
69957,86447
69957,63531
69957,30692
69957,37022
69957,73873
69957,61976
69957,13395
69957,19794
69957,75733
69957,89096
69957,85528
69957,74888
69957,44128
69957,7197
66690,12376
66690,1064
66690,97522
66690,11003
66690,695
66690,96311
66690,29759
66690,36078
66690,84178
66690,98122
66690,94916
66690,16021
66690,59135
66690,87030
66690,8980
66690,3545
66690,3805
66690,10428
66690,64451
66690,81015
66690,39983
66690,36875
66690,50802
66690,43652
66690,47260
66690,60979
66690,7959
66690,98463
66690,78428
66690,51846
66690,4731
66690,11125
66690,70782
66690,78824
66690,26165
66690,3617
66690,10079
66690,26405
66690,64607
66690,26030
66690,90375
66690,474
66690,72277
66690,67649
66690,49195
66690,6262
66690,29884
66690,47066
66690,71870
66690,51431
66690,68964
66690,34274
66690,85851
66690,84441
66690,3086
66690,30860
66690,42102
66690,96678
66690,27522
66690,74600
66690,85293
66690,57494
66690,88855
66690,1608
66690,97475
66690,14421
66690,74365
66690,19487
66690,62515
66690,4071
66690,29358
66690,31024
66690,12242
66690,88950
66690,53881
66690,37195
66690,48898
66690,12138
66690,96472
66690,70511
66690,62444
66690,86997
66690,46828
66690,67349
66690,60670
66690,11766
66690,5943
66690,62943
66690,16012
66690,26761
66690,34448
66690,29682
66690,78675
66690,26618
66690,6594
66690,3588
66690,71569
66690,44976
66690,26638
66690,97247
66690,8796
66690,43946
66690,79067
66690,50307
66690,4027
66690,90275
66690,28799
66690,62224
66690,77942
66690,10692
66690,19851
66690,59844
66690,85225
66690,86833
66690,62789
66690,72598
66690,74499
66690,67921
66690,72270
66690,56489
66690,69125
66690,74722
66690,51097
66690,84135
66690,18218
66690,17185
66690,88089
66690,17526
66690,79138
66690,8697
66690,21831
66690,62826
66690,97567
66690,84551
66690,12515
66690,61976
66690,78277
66690,19794
66690,47458
66690,20515
66690,80686
66690,49307
78000,1064
78000,84230
78000,28680
78000,695
78000,37711
78000,29759
78000,49558
78000,40029
78000,59121
78000,79650
78000,43092
78000,3805
78000,39983
78000,35573
78000,58424
78000,82315
78000,2418
78000,26030
78000,13914
78000,62707
78000,72277
78000,18765
78000,48721
78000,47066
78000,71870
78000,46061
78000,84441
78000,92655
78000,93016
78000,27254
78000,30860
78000,27522
78000,27199
78000,99162
78000,53082
78000,65432
78000,66075
78000,81052
78000,53881
78000,59063
78000,44313
78000,13122
78000,26261
78000,46828
78000,6525
78000,10042
78000,39501
78000,21334
78000,38798
78000,70679
78000,79589
78000,50307
78000,13613
78000,77841
78000,10692
78000,12333
78000,11038
78000,10353
78000,67747
78000,18882
78000,4232
78000,8536
78000,45506
78000,60549
78000,11238
78000,5059
78000,33249
78000,38591
78000,84551
78000,16216
78000,86447
78000,53352
78000,30692
78000,73539
78000,30776
43734,54084
43734,28620
43734,53926
43734,17253
43734,32818
43734,20082
43734,59135
43734,8980
43734,81332
43734,3545
43734,95607
43734,66638
43734,1503
43734,51625
43734,70392
43734,46159
43734,46461
43734,8013
43734,36162
43734,82315
43734,60211
43734,57289
43734,4731
43734,70782
43734,78824
43734,3617
43734,62803
43734,26405
43734,23385
43734,7697
43734,47172
43734,89624
43734,16897
43734,98684
43734,17936
43734,14531
43734,91
43734,48721
43734,28110
43734,42451
43734,9915
43734,66501
43734,19581
43734,84441
43734,3086
43734,42102
43734,92866
43734,97475
43734,21793
43734,96691
43734,14290
43734,36838
43734,54129
43734,53082
43734,58876
43734,51810
43734,66075
43734,80321
43734,40584
43734,87269
43734,15889
43734,113
43734,48391
43734,75920
43734,59054
43734,40753
43734,42635
43734,98521
43734,13705
43734,19152
43734,84822
43734,89757
43734,8669
43734,58660
43734,95408
43734,5943
43734,53770
43734,86161
43734,81743
43734,59817
43734,92622
43734,84280
43734,47884
43734,80842
43734,62293
43734,93464
43734,78995
43734,42923
43734,62837
43734,58617
43734,73973
43734,70600
43734,13613
43734,48745
43734,7025
43734,94730
43734,61573
43734,2584
43734,37787
43734,72598
43734,33196
43734,49942
43734,7536
43734,74722
43734,1829
43734,84135
43734,96402
43734,82741
43734,48933
43734,29290
43734,33450
43734,88486
43734,68607
43734,2677
43734,91319
43734,99454
43734,53056
43734,90307
43734,80572
43734,25838
43734,68532
43734,97957
98014,94791
98014,12999
98014,69909
98014,73918
98014,99710
98014,74649
98014,37711
98014,91845
98014,2126
98014,14210
98014,95607
98014,34874
98014,66638
98014,49372
98014,36458
98014,69427
98014,38578
98014,78355
98014,79095
98014,93944
98014,65268
98014,8287
98014,46068
98014,1795
98014,35573
98014,73445
98014,73798
98014,57289
98014,78428
98014,51846
98014,30083
98014,51055
98014,39491
98014,51451
98014,4731
98014,70782
98014,3617
98014,13748
98014,87239
98014,62704
98014,7697
98014,66992
98014,26030
98014,83365
98014,50055
98014,82739
98014,13914
98014,44672
98014,98684
98014,2820
98014,29628
98014,80519
98014,49195
98014,30614
98014,48721
98014,71870
98014,5949
98014,54361
98014,80996
98014,39863
98014,42451
98014,66326
98014,74853
98014,9915
98014,13875
98014,92548
98014,93016
98014,42102
98014,86289
98014,81497
98014,91223
98014,88855
98014,34924
98014,27199
98014,63112
98014,36838
98014,91832
98014,65432
98014,19091
98014,98615
98014,71128
98014,81052
98014,1198
98014,61524
98014,88161
98014,28495
98014,44313
98014,59114
98014,73346
98014,13122
98014,55814
98014,39809
98014,86997
98014,53695
98014,82814
98014,79834
98014,91314
98014,68658
98014,47212
98014,60670
98014,52905
98014,34016
98014,21036
98014,72410
98014,42819
98014,62943
98014,36851
98014,4272
98014,39383
98014,47820
98014,1349
98014,21026
98014,88953
98014,15566
98014,87379
98014,47187
98014,73704
98014,59113
98014,28935
98014,53495
98014,29682
98014,84280
98014,36296
98014,63297
98014,62293
98014,93464
98014,30170
98014,76793
98014,74988
98014,69725
98014,21334
98014,78374
98014,38798
98014,62837
98014,30481
98014,7339
98014,38589
98014,31580
98014,45185
98014,12407
98014,67009
98014,11038
98014,48609
98014,96932
98014,1674
98014,6463
98014,59844
98014,12599
98014,62789
98014,3913
98014,33196
98014,40938
98014,74499
98014,1829
98014,11238
98014,51097
98014,66713
98014,33249
98014,20445
98014,84098
98014,65896
98014,48933
98014,29290
98014,21831
98014,998
98014,65163
98014,90034
98014,99757
98014,30568
98014,16291
98014,52703
98014,12515
98014,95796
98014,89249
98014,42374
98014,64575
98014,89642
98014,66677
98014,65114
98014,89096
98014,46196
98014,85528
98014,652
98014,49307
98014,74888
98014,1711
81720,17253
81720,28680
81720,36078
81720,73945
81720,87030
81720,95607
81720,10428
81720,1503
81720,25310
81720,95594
81720,7959
81720,58914
81720,62725
81720,87765
81720,69995
81720,54857
81720,51055
81720,51451
81720,4731
81720,11125
81720,46431
81720,29923
81720,68169
81720,89624
81720,97893
81720,82739
81720,7685
81720,98684
81720,474
81720,5949
81720,66326
81720,66501
81720,34274
81720,98151
81720,1332
81720,30860
81720,49806
81720,16722
81720,80887
81720,46692
81720,92236
81720,80999
81720,54974
81720,29358
81720,40584
81720,24070
81720,1198
81720,25706
81720,95994
81720,37195
81720,15718
81720,75920
81720,91374
81720,42635
81720,63663
81720,13122
81720,50883
81720,98521
81720,39809
81720,48612
81720,9621
81720,34016
81720,36851
81720,47820
81720,9076
81720,47187
81720,37840
81720,59113
81720,92622
81720,29682
81720,45841
81720,20149
81720,36296
81720,6856
81720,62837
81720,19147
81720,28714
81720,37372
81720,82703
81720,43946
81720,79067
81720,38589
81720,17354
81720,7025
81720,81307
81720,19851
81720,10353
81720,63620
81720,75529
81720,3101
81720,97900
81720,51097
81720,61238
81720,58681
81720,92100
81720,9835
81720,33450
81720,42982
81720,88486
81720,2677
81720,37735
81720,96211
81720,92282
81720,95796
81720,91043
81720,19794
81720,39496
81720,51334
81720,68532
81720,33252
81720,52110
81720,33470
81720,97957
60700,94791
60700,73918
60700,17253
60700,12361
60700,28680
60700,57372
60700,25155
60700,37711
60700,40029
60700,36078
60700,2126
60700,37624
60700,95607
60700,7612
60700,3805
60700,72594
60700,41448
60700,87810
60700,1503
60700,70392
60700,11960
60700,87781
60700,68556
60700,1795
60700,87765
60700,50015
60700,42452
60700,54857
60700,36866
60700,78428
60700,51846
60700,46431
60700,70782
60700,2418
60700,26405
60700,51678
60700,43461
60700,66992
60700,13914
60700,3228
60700,30614
60700,29884
60700,12812
60700,92882
60700,51431
60700,94560
60700,68964
60700,70954
60700,84786
60700,31336
60700,41019
60700,50886
60700,46061
60700,1836
60700,92548
60700,82969
60700,93016
60700,34524
60700,19897
60700,70282
60700,43175
60700,26935
60700,1608
60700,34924
60700,28928
60700,46692
60700,83163
60700,91832
60700,53082
60700,72188
60700,65432
60700,4071
60700,5199
60700,11158
60700,31024
60700,24070
60700,81052
60700,94363
60700,88950
60700,48898
60700,91374
60700,42635
60700,48430
60700,71951
60700,66004
60700,84822
60700,48612
60700,29982
60700,53695
60700,9031
60700,91314
60700,10042
60700,96149
60700,82847
60700,34016
60700,11766
60700,21036
60700,19028
60700,65295
60700,9588
60700,73704
60700,59113
60700,81743
60700,14240
60700,20149
60700,36296
60700,90219
60700,21334
60700,97247
60700,44348
60700,36422
60700,76511
60700,37372
60700,7339
60700,9239
60700,45925
60700,13613
60700,45185
60700,7025
60700,29811
60700,71663
60700,57967
60700,12407
60700,67009
60700,67747
60700,37106
60700,92503
60700,97900
60700,8536
60700,93507
60700,90546
60700,40938
60700,72270
60700,34076
60700,11238
60700,61238
60700,6374
60700,66713
60700,28112
60700,17185
60700,88089
60700,29290
60700,33450
60700,61825
60700,85617
60700,37735
60700,4809
60700,85038
60700,96211
60700,27660
60700,13373
60700,99454
60700,82704
60700,63531
60700,30692
60700,19794
60700,88311
60700,89967
60700,39496
60700,35079
60700,85528
60700,68532
60700,94637
60700,10958
60700,49307
60700,33252
60700,74888
60700,33470
17010,2885
17010,39885
17010,84230
17010,99710
17010,53643
17010,63867
17010,2126
17010,43735
17010,59121
17010,94916
17010,90113
17010,8980
17010,81332
17010,44305
17010,7612
17010,22517
17010,64451
17010,55515
17010,81015
17010,70392
17010,46159
17010,39079
17010,11960
17010,87781
17010,74059
17010,49983
17010,65268
17010,46068
17010,29210
17010,58914
17010,76017
17010,60388
17010,73445
17010,58245
17010,9150
17010,39080
17010,30083
17010,78373
17010,39491
17010,88776
17010,39274
17010,60090
17010,2418
17010,68169
17010,22620
17010,47172
17010,43461
17010,66992
17010,94556
17010,26030
17010,8309
17010,13914
17010,2820
17010,474
17010,6262
17010,16081
17010,89332
17010,71346
17010,80996
17010,68964
17010,84786
17010,30205
17010,66326
17010,34274
17010,50886
17010,19581
17010,65271
17010,38505
17010,64775
17010,78765
17010,81497
17010,70282
17010,22799
17010,43175
17010,62153
17010,49806
17010,48489
17010,27199
17010,96691
17010,75147
17010,62515
17010,19451
17010,65746
17010,54974
17010,32541
17010,24070
17010,71128
17010,88950
17010,53881
17010,15718
17010,4177
17010,44313
17010,84024
17010,42635
17010,34808
17010,37512
17010,56254
17010,24353
17010,48756
17010,26261
17010,55814
17010,85606
17010,29982
17010,20079
17010,67349
17010,37212
17010,61309
17010,9031
17010,64757
17010,6525
17010,58660
17010,91314
17010,68658
17010,82847
17010,52905
17010,34016
17010,11766
17010,21036
17010,4272
17010,39383
17010,55639
17010,93735
17010,21026
17010,55587
17010,49068
17010,72659
17010,73704
17010,41473
17010,78675
17010,39888
17010,26618
17010,99792
17010,45841
17010,95338
17010,75375
17010,3588
17010,87505
17010,42987
17010,42923
17010,12104
17010,38798
17010,38211
17010,76511
17010,84083
17010,56359
17010,10343
17010,37372
17010,7339
17010,50519
17010,29040
17010,12237
17010,82703
17010,45925
17010,78665
17010,43746
17010,81307
17010,94202
17010,67009
17010,10692
17010,19851
17010,10353
17010,44244
17010,63777
17010,48609
17010,1674
17010,3101
17010,17736
17010,74499
17010,77844
17010,10188
17010,69125
17010,7536
17010,51097
17010,5059
17010,73855
17010,6374
17010,84135
17010,32176
17010,33249
17010,27856
17010,38591
17010,65896
17010,9835
17010,87993
17010,33450
17010,8697
17010,61825
17010,998
17010,31910
17010,90034
17010,85617
17010,37735
17010,41543
17010,4809
17010,16291
17010,16216
17010,12515
17010,73409
17010,65334
17010,89249
17010,30692
17010,93387
17010,73873
17010,64575
17010,7137
17010,19794
17010,16219
17010,89642
17010,89096
17010,32666
17010,10059
17010,89967
17010,25838
17010,697
17010,652
17010,49307
17010,30776
17010,74888
17010,80200
17010,97957
85810,2885
85810,69909
85810,73918
85810,11003
85810,28680
85810,37711
85810,91845
85810,63867
85810,29759
85810,49558
85810,40029
85810,84178
85810,59121
85810,49372
85810,53548
85810,36875
85810,5957
85810,48196
85810,1795
85810,58914
85810,82315
85810,73798
85810,11153
85810,51846
85810,11125
85810,10079
85810,7697
85810,69711
85810,13914
85810,474
85810,49195
85810,68964
85810,39863
85810,42451
85810,41019
85810,84441
85810,1836
85810,93016
85810,34524
85810,49679
85810,24548
85810,74365
85810,96691
85810,36838
85810,65432
85810,58876
85810,82093
85810,87269
85810,25706
85810,53881
85810,96472
85810,59054
85810,3793
85810,70511
85810,87941
85810,66004
85810,26261
85810,19152
85810,8669
85810,79870
85810,72410
85810,36851
85810,16012
85810,53770
85810,11775
85810,39383
85810,26761
85810,59113
85810,59817
85810,39501
85810,26618
85810,90219
85810,95853
85810,48302
85810,18845
85810,44976
85810,69725
85810,6856
85810,58159
85810,10343
85810,38589
85810,50307
85810,85262
85810,57967
85810,81307
85810,12333
85810,11038
85810,67747
85810,59844
85810,4232
85810,85225
85810,57242
85810,76145
85810,90546
85810,72270
85810,77844
85810,69125
85810,11238
85810,84135
85810,92100
85810,13278
85810,79102
85810,17185
85810,29290
85810,9835
85810,79138
85810,21831
85810,97754
85810,84551
85810,41543
85810,99757
85810,16291
85810,10424
85810,91319
85810,86447
85810,13373
85810,61976
85810,53056
85810,90085
85810,17930
85810,10059
85810,20515
85810,94637
78897,90482
78897,54084
78897,97522
78897,2885
78897,53926
78897,69909
78897,12361
78897,79668
78897,53643
78897,32818
78897,695
78897,6420
78897,65887
78897,37624
78897,14340
78897,90113
78897,61726
78897,59135
78897,8980
78897,3805
78897,34874
78897,10428
78897,92369
78897,81015
78897,36458
78897,70392
78897,38578
78897,38335
78897,64417
78897,74059
78897,76581
78897,22048
78897,8287
78897,26312
78897,96937
78897,58914
78897,88384
78897,59292
78897,87765
78897,76017
78897,69995
78897,98463
78897,82315
78897,22340
78897,9150
78897,78428
78897,91642
78897,41435
78897,51846
78897,65681
78897,30083
78897,11125
78897,88776
78897,39274
78897,51710
78897,62803
78897,26405
78897,87239
78897,64607
78897,89624
78897,3003
78897,16897
78897,44672
78897,63866
78897,30883
78897,78983
78897,80519
78897,49195
78897,48721
78897,34053
78897,65304
78897,54361
78897,71346
78897,80996
78897,30205
78897,42451
78897,65271
78897,84441
78897,92655
78897,97323
78897,82969
78897,1332
78897,42102
78897,17740
78897,49679
78897,24548
78897,1608
78897,82707
78897,16722
78897,14421
78897,27199
78897,74365
78897,21793
78897,96691
78897,28928
78897,51181
78897,54129
78897,19487
78897,99057
78897,36854
78897,65432
78897,54974
78897,27455
78897,65664
78897,5199
78897,80321
78897,82093
78897,40584
78897,24070
78897,89459
78897,12242
78897,15889
78897,61524
78897,88950
78897,37195
78897,12138
78897,7021
78897,75920
78897,84595
78897,29822
78897,96472
78897,59063
78897,91374
78897,37654
78897,63663
78897,49424
78897,94691
78897,59114
78897,73346
78897,13122
78897,50883
78897,81927
78897,85606
78897,74421
78897,86997
78897,20079
78897,46828
78897,53695
78897,82814
78897,37212
78897,61309
78897,96149
78897,82847
78897,60670
78897,34016
78897,11766
78897,5943
78897,62943
78897,76900
78897,21947
78897,93735
78897,21026
78897,87379
78897,28935
78897,59817
78897,39501
78897,78675
78897,26618
78897,47884
78897,14299
78897,48302
78897,75375
78897,2997
78897,99173
78897,44976
78897,58578
78897,87505
78897,70254
78897,95265
78897,21334
78897,42923
78897,12104
78897,38211
78897,58159
78897,58617
78897,83902
78897,19147
78897,63028
78897,18165
78897,27266
78897,7339
78897,50519
78897,12237
78897,6927
78897,6815
78897,57837
78897,6090
78897,78665
78897,4027
78897,57782
78897,7025
78897,94730
78897,28799
78897,12407
78897,77942
78897,24497
78897,19851
78897,4925
78897,8628
78897,21855
78897,18882
78897,4232
78897,78591
78897,60228
78897,76145
78897,3913
78897,40938
78897,49233
78897,67921
78897,49942
78897,45506
78897,77844
78897,7536
78897,1829
78897,11238
78897,66713
78897,58681
78897,92100
78897,33249
78897,18218
78897,28112
78897,39993
78897,87993
78897,42982
78897,85617
78897,2677
78897,37735
78897,16216
78897,65334
78897,86447
78897,13373
78897,99454
78897,63531
78897,35240
78897,64575
78897,9169
78897,52638
78897,16219
78897,95180
78897,89096
78897,10059
78897,35079
78897,51334
78897,5062
78897,652
78897,25417
78897,64597
78897,10958
78897,74088
78897,7197
91625,40696
91625,1064
91625,2885
91625,28620
91625,17253
91625,25155
91625,37711
91625,88731
91625,40029
91625,36078
91625,90113
91625,79650
91625,55515
91625,36458
91625,46461
91625,95594
91625,89592
91625,48196
91625,58424
91625,60979
91625,29210
91625,39080
91625,51055
91625,60090
91625,26165
91625,29923
91625,10079
91625,23385
91625,22620
91625,64607
91625,86807
91625,97872
91625,50055
91625,29628
91625,89332
91625,42451
91625,7315
91625,98151
91625,50886
91625,48244
91625,6346
91625,92655
91625,38505
91625,92548
91625,97323
91625,82969
91625,92866
91625,22799
91625,26935
91625,34924
91625,14421
91625,96691
91625,80887
91625,99057
91625,7926
91625,21092
91625,43003
91625,53082
91625,11158
91625,36891
91625,31024
91625,113
91625,4177
91625,59063
91625,42635
91625,34808
91625,63663
91625,47003
91625,96507
91625,69465
91625,46828
91625,46428
91625,72929
91625,21036
91625,4272
91625,47820
91625,26761
91625,9588
91625,59113
91625,14240
91625,59817
91625,39501
91625,78675
91625,20149
91625,36296
91625,93464
91625,95853
91625,8982
91625,21334
91625,97247
91625,6856
91625,56747
91625,38211
91625,56359
91625,29040
91625,82703
91625,45925
91625,43946
91625,57837
91625,7025
91625,57967
91625,77942
91625,45770
91625,4925
91625,8628
91625,37787
91625,98306
91625,18882
91625,3101
91625,93507
91625,72598
91625,74499
91625,34076
91625,60549
91625,18445
91625,92100
91625,28112
91625,88089
91625,29290
91625,74594
91625,65163
91625,31910
91625,99473
91625,12515
91625,10424
91625,82704
91625,93387
91625,17930
91625,46196
91625,33252
91625,74888
91625,80200
91625,44128
97175,40696
97175,39885
97175,70994
97175,28620
97175,90965
97175,69909
97175,17253
97175,32818
97175,695
97175,74649
97175,2126
97175,14210
97175,98122
97175,14340
97175,61726
97175,50306
97175,44305
97175,70434
97175,49372
97175,39983
97175,25310
97175,36875
97175,95763
97175,95594
97175,93944
97175,10564
97175,50136
97175,10563
97175,5957
97175,8287
97175,7959
97175,58914
97175,59292
97175,73798
97175,65538
97175,91642
97175,41190
97175,39491
97175,51451
97175,4731
97175,3193
97175,62704
97175,7697
97175,58143
97175,27671
97175,2820
97175,13148
97175,3228
97175,72277
97175,30614
97175,16081
97175,12812
97175,54361
97175,42451
97175,98151
97175,50886
97175,46061
97175,62905
97175,85851
97175,13512
97175,3086
97175,49679
97175,23594
97175,27522
97175,24548
97175,91223
97175,26935
97175,48489
97175,14421
97175,21793
97175,99057
97175,79278
97175,65746
97175,54974
97175,5199
97175,82093
97175,45216
97175,113
97175,48391
97175,37195
97175,48898
97175,15718
97175,59054
97175,42635
97175,34808
97175,73295
97175,56254
97175,50883
97175,24353
97175,39809
97175,86997
97175,53695
97175,52905
97175,11766
97175,95408
97175,26544
97175,62943
97175,55319
97175,39383
97175,47820
97175,93735
97175,1349
97175,88953
97175,28935
97175,26618
97175,47884
97175,80842
97175,62293
97175,48302
97175,8982
97175,75375
97175,15956
97175,76327
97175,87505
97175,84622
97175,42923
97175,44348
97175,58159
97175,70679
97175,3
97175,37372
97175,7339
97175,29040
97175,70600
97175,82703
97175,31580
97175,78665
97175,45185
97175,48790
97175,62224
97175,67009
97175,21855
97175,85225
97175,78591
97175,3101
97175,72568
97175,82993
97175,56489
97175,69125
97175,7536
97175,1829
97175,51097
97175,73855
97175,61238
97175,92100
97175,13278
97175,43081
97175,33249
97175,18218
97175,17185
97175,29290
97175,79138
97175,65163
97175,85617
97175,24072
97175,85038
97175,99473
97175,16216
97175,10424
97175,37022
97175,93387
97175,9169
97175,91043
97175,80572
97175,90808
97175,46196
97175,85528
97175,697
97175,64597
97175,59530
1582,84844
1582,40696
1582,54084
1582,39243
1582,70994
1582,84230
1582,94649
1582,99710
1582,12361
1582,74649
1582,37711
1582,65887
1582,59121
1582,94916
1582,59135
1582,87030
1582,8980
1582,72594
1582,1272
1582,91713
1582,49372
1582,46159
1582,46461
1582,78355
1582,24302
1582,74059
1582,96937
1582,7959
1582,62725
1582,59292
1582,50015
1582,42452
1582,98463
1582,58245
1582,11153
1582,91642
1582,41435
1582,51846
1582,26165
1582,29923
1582,26405
1582,87239
1582,23385
1582,7697
1582,64607
1582,47172
1582,86807
1582,43461
1582,8309
1582,63866
1582,98684
1582,30883
1582,28429
1582,90375
1582,474
1582,67649
1582,14531
1582,30614
1582,6262
1582,36215
1582,91
1582,48721
1582,71870
1582,5949
1582,54361
1582,84786
1582,1862
1582,41019
1582,34274
1582,65271
1582,84441
1582,13512
1582,3086
1582,34524
1582,81497
1582,90997
1582,24548
1582,2500
1582,23525
1582,65472
1582,63112
1582,74365
1582,28928
1582,75147
1582,92236
1582,53082
1582,54974
1582,27455
1582,65664
1582,18030
1582,66075
1582,80321
1582,98615
1582,88161
1582,12138
1582,24234
1582,59063
1582,40753
1582,84024
1582,16425
1582,63663
1582,42723
1582,49424
1582,63042
1582,71951
1582,62444
1582,73346
1582,56254
1582,98521
1582,20079
1582,58951
1582,37212
1582,46428
1582,8669
1582,6525
1582,54466
1582,10042
1582,96149
1582,82847
1582,15096
1582,82639
1582,11766
1582,72410
1582,95408
1582,75444
1582,65295
1582,47820
1582,9076
1582,15566
1582,47187
1582,81743
1582,41473
1582,59817
1582,45841
1582,80842
1582,62293
1582,95853
1582,3588
1582,18845
1582,2997
1582,70254
1582,78995
1582,21334
1582,42923
1582,12104
1582,56747
1582,58617
1582,3
1582,28714
1582,70600
1582,82703
1582,6815
1582,48745
1582,64317
1582,71663
1582,77942
1582,36956
1582,10692
1582,19851
1582,68857
1582,22436
1582,44244
1582,63620
1582,76147
1582,8628
1582,4312
1582,98306
1582,18882
1582,4232
1582,78591
1582,86833
1582,73386
1582,49942
1582,77844
1582,69125
1582,74722
1582,73855
1582,6374
1582,62851
1582,58681
1582,92100
1582,13278
1582,27856
1582,20445
1582,65896
1582,88089
1582,29290
1582,74594
1582,87993
1582,8697
1582,42982
1582,97754
1582,31910
1582,35093
1582,18808
1582,37735
1582,4809
1582,85038
1582,99757
1582,92966
1582,27660
1582,73409
1582,91319
1582,53352
1582,30692
1582,42374
1582,91043
1582,53056
1582,78277
1582,16219
1582,89642
1582,32666
1582,51334
1582,25838
1582,30776
1582,21236
1582,59530
1582,97957
4220,40696
4220,54084
4220,2885
4220,39885
4220,70994
4220,53643
4220,84178
4220,37624
4220,3545
4220,83129
4220,92369
4220,36458
4220,70392
4220,46461
4220,39983
4220,95763
4220,95594
4220,49983
4220,60979
4220,7959
4220,76017
4220,42452
4220,54857
4220,78373
4220,22648
4220,3617
4220,64607
4220,89624
4220,66992
4220,69711
4220,49195
4220,91
4220,16081
4220,48721
4220,97386
4220,28110
4220,68964
4220,66326
4220,41019
4220,50886
4220,84441
4220,3086
4220,86289
4220,49679
4220,24548
4220,78229
4220,13285
4220,57494
4220,21793
4220,18674
4220,27455
4220,19091
4220,48391
4220,7021
4220,15718
4220,59054
4220,3793
4220,37512
4220,62444
4220,13705
4220,74421
4220,19152
4220,61309
4220,54466
4220,57173
4220,15096
4220,82639
4220,72410
4220,95408
4220,53770
4220,65295
4220,39383
4220,47820
4220,21026
4220,88953
4220,34448
4220,80842
4220,26074
4220,62293
4220,76793
4220,76327
4220,69725
4220,78374
4220,42923
4220,64039
4220,29040
4220,70600
4220,62224
4220,77942
4220,67009
4220,45770
4220,67747
4220,48609
4220,78177
4220,85225
4220,8536
4220,52708
4220,74722
4220,17185
4220,29290
4220,79138
4220,33450
4220,90034
4220,35093
4220,18808
4220,4809
4220,99757
4220,92966
4220,27660
4220,12515
4220,95796
4220,18064
4220,30692
4220,73539
4220,91043
4220,80572
4220,17930
4220,75733
4220,66677
4220,94637
4220,49307
4220,59530
1356,2885
1356,70994
1356,53926
1356,90965
1356,12361
1356,32818
1356,28680
1356,36078
1356,90113
1356,64451
1356,70392
1356,69427
1356,8013
1356,48196
1356,39080
1356,39491
1356,22648
1356,68169
1356,62704
1356,58143
1356,94556
1356,27671
1356,78983
1356,47066
1356,12812
1356,51431
1356,63871
1356,50886
1356,97323
1356,30860
1356,96678
1356,81497
1356,17740
1356,22799
1356,26935
1356,16722
1356,36838
1356,83163
1356,91832
1356,58876
1356,65664
1356,24070
1356,48391
1356,7021
1356,91374
1356,84024
1356,34808
1356,13122
1356,81927
1356,74421
1356,58951
1356,79834
1356,46428
1356,72929
1356,15096
1356,11766
1356,21036
1356,95408
1356,5943
1356,11733
1356,93735
1356,9053
1356,47187
1356,37840
1356,20149
1356,36296
1356,28136
1356,35999
1356,99173
1356,78995
1356,95265
1356,21334
1356,97247
1356,42923
1356,56747
1356,64039
1356,73973
1356,38589
1356,6090
1356,78665
1356,45185
1356,57967
1356,20130
1356,21683
1356,19851
1356,44244
1356,67747
1356,63777
1356,8628
1356,75529
1356,37787
1356,18882
1356,12599
1356,57242
1356,86833
1356,37106
1356,72598
1356,76145
1356,49942
1356,61238
1356,6374
1356,58681
1356,57589
1356,92100
1356,13278
1356,39310
1356,18218
1356,49957
1356,62826
1356,65163
1356,35093
1356,24072
1356,4809
1356,92966
1356,95796
1356,86447
1356,47458
1356,39496
1356,51334
1356,85528
1356,5062
1356,652
1356,1711
6913,84844
6913,40696
6913,39885
6913,28620
6913,90965
6913,84230
6913,63867
6913,29759
6913,49558
6913,2126
6913,14210
6913,59121
6913,61726
6913,8980
6913,81332
6913,43092
6913,44305
6913,64416
6913,41448
6913,64451
6913,83129
6913,49372
6913,46461
6913,39983
6913,93944
6913,64417
6913,8013
6913,89592
6913,5957
6913,1795
6913,73445
6913,60211
6913,92155
6913,39080
6913,39491
6913,11125
6913,68169
6913,62704
6913,26030
6913,44582
6913,97893
6913,90375
6913,78983
6913,80519
6913,49612
6913,18765
6913,29884
6913,48721
6913,47066
6913,46099
6913,80996
6913,13875
6913,48244
6913,1836
6913,34524
6913,27254
6913,30860
6913,64775
6913,86289
6913,81497
6913,17740
6913,74600
6913,22807
6913,88855
6913,49806
6913,14421
6913,22528
6913,21793
6913,96691
6913,14290
6913,18674
6913,72188
6913,4071
6913,5199
6913,82093
6913,86538
6913,25706
6913,95994
6913,88950
6913,48391
6913,37195
6913,4177
6913,96472
6913,59063
6913,42635
6913,70511
6913,55814
6913,84822
6913,48612
6913,58951
6913,6525
6913,82847
6913,57173
6913,60670
6913,79870
6913,36851
6913,65295
6913,26761
6913,88953
6913,9588
6913,73704
6913,59113
6913,20149
6913,14299
6913,48302
6913,8982
6913,74988
6913,95995
6913,78995
6913,36422
6913,3
6913,73973
6913,37372
6913,7339
6913,50307
6913,94730
6913,77841
6913,81307
6913,68857
6913,1674
6913,76147
6913,98306
6913,18882
6913,4232
6913,12599
6913,57242
6913,72568
6913,62789
6913,40938
6913,45506
6913,34076
6913,60549
6913,74722
6913,11238
6913,57589
6913,13278
6913,43081
6913,39310
6913,39058
6913,84098
6913,74594
6913,45696
6913,84551
6913,73409
6913,7137
6913,90650
6913,53056
6913,90307
6913,39496
6913,68532
6913,10958
6913,74888
6913,1711
6913,80200
7569,90482
7569,39243
7569,2885
7569,50797
7569,90965
7569,69909
7569,84230
7569,73918
7569,17253
7569,12361
7569,79668
7569,6420
7569,49558
7569,2126
7569,84178
7569,98122
7569,59135
7569,79650
7569,81332
7569,43092
7569,77939
7569,64416
7569,87810
7569,64451
7569,49372
7569,39983
7569,39079
7569,10564
7569,8013
7569,50136
7569,74059
7569,35573
7569,60979
7569,76017
7569,50015
7569,50426
7569,73445
7569,22340
7569,41435
7569,51055
7569,51451
7569,28105
7569,77441
7569,39274
7569,2418
7569,68169
7569,87239
7569,64607
7569,58143
7569,63014
7569,66992
7569,50055
7569,16897
7569,62707
7569,27671
7569,2820
7569,13148
7569,474
7569,17936
7569,49195
7569,29884
7569,97386
7569,46099
7569,84786
7569,66326
7569,74853
7569,63871
7569,7315
7569,65271
7569,1836
7569,38505
7569,6
7569,92548
7569,93016
7569,1332
7569,27254
7569,19897
7569,27522
7569,70282
7569,13285
7569,91223
7569,97475
7569,27199
7569,54129
7569,83163
7569,7926
7569,18674
7569,21092
7569,72188
7569,58876
7569,54974
7569,27455
7569,34523
7569,66075
7569,36891
7569,82093
7569,31024
7569,45216
7569,22110
7569,71128
7569,12906
7569,15889
7569,84595
7569,59054
7569,91374
7569,63663
7569,47003
7569,3793
7569,49424
7569,87941
7569,62444
7569,25316
7569,48756
7569,26261
7569,55814
7569,39809
7569,47292
7569,19152
7569,29982
7569,20079
7569,61309
7569,9031
7569,6525
7569,58660
7569,10042
7569,82847
7569,47212
7569,15096
7569,52905
7569,34016
7569,26544
7569,21947
7569,16012
7569,14425
7569,53770
7569,9588
7569,55587
7569,87379
7569,81743
7569,92622
7569,78675
7569,45841
7569,26074
7569,95853
7569,71569
7569,76327
7569,35999
7569,58578
7569,26638
7569,69725
7569,12104
7569,8796
7569,30481
7569,36422
7569,10513
7569,83902
7569,56359
7569,64039
7569,18165
7569,27266
7569,29040
7569,70600
7569,6927
7569,79589
7569,6090
7569,50307
7569,48745
7569,43746
7569,51956
7569,48790
7569,23664
7569,60730
7569,64317
7569,62224
7569,61326
7569,11038
7569,67747
7569,1674
7569,37787
7569,12599
7569,85225
7569,57242
7569,72598
7569,90546
7569,74499
7569,16758
7569,67921
7569,77844
7569,74722
7569,11238
7569,61238
7569,66713
7569,84135
7569,96402
7569,32176
7569,79102
7569,43081
7569,39058
7569,20762
7569,40557
7569,48933
7569,17526
7569,74594
7569,79138
7569,45696
7569,42982
7569,62826
7569,85617
7569,2677
7569,37735
7569,84551
7569,4809
7569,30568
7569,16216
7569,92282
7569,12515
7569,10424
7569,91319
7569,86447
7569,73873
7569,64575
7569,95180
7569,65114
7569,32666
7569,35079
7569,652
7569,64597
7569,21236
7569,80200
7569,44128
361,1064
361,41477
361,94791
361,90965
361,94649
361,96311
361,63867
361,88731
361,43735
361,84178
361,94916
361,90113
361,10428
361,64451
361,70434
361,46159
361,39983
361,49983
361,8287
361,48196
361,29210
361,11153
361,41435
361,51055
361,39491
361,37570
361,11125
361,77441
361,78824
361,7697
361,63014
361,69711
361,39301
361,16081
361,48721
361,39863
361,1862
361,7315
361,34274
361,84441
361,6
361,82969
361,3086
361,42102
361,49679
361,1608
361,49806
361,82707
361,84059
361,80999
361,58876
361,27455
361,18030
361,45216
361,16425
361,63663
361,13122
361,55814
361,85606
361,20079
361,67349
361,34016
361,82639
361,26544
361,87456
361,41473
361,92622
361,62293
361,95853
361,6594
361,3588
361,42987
361,69725
361,78374
361,58159
361,58617
361,38589
361,85262
361,28799
361,62224
361,19851
361,48609
361,78177
361,98306
361,59844
361,85225
361,37106
361,93507
361,90546
361,77844
361,56489
361,74722
361,66713
361,58681
361,17526
361,33450
361,97567
361,18808
361,24072
361,4809
361,16216
361,27660
361,63531
361,30692
361,73539
361,89642
361,90085
361,75733
361,89967
361,33470
50505,2885
50505,53926
50505,99710
50505,65887
50505,73945
50505,87030
50505,7612
50505,55515
50505,39824
50505,46159
50505,53548
50505,79095
50505,50802
50505,58424
50505,88384
50505,50015
50505,36162
50505,39491
50505,28105
50505,26165
50505,62704
50505,94556
50505,97872
50505,39301
50505,28429
50505,67649
50505,89332
50505,48721
50505,47066
50505,84786
50505,41019
50505,63871
50505,82969
50505,1332
50505,96678
50505,27522
50505,49806
50505,34924
50505,27199
50505,21793
50505,21092
50505,19451
50505,91832
50505,65664
50505,87269
50505,7021
50505,15718
50505,84595
50505,29822
50505,42635
50505,63663
50505,13122
50505,13705
50505,69465
50505,79834
50505,46428
50505,58660
50505,11733
50505,14425
50505,47820
50505,37840
50505,29682
50505,56529
50505,45841
50505,36296
50505,62293
50505,99173
50505,21334
50505,42923
50505,12104
50505,8796
50505,56747
50505,66626
50505,99290
50505,64039
50505,45925
50505,79067
50505,57967
50505,68857
50505,10353
50505,44244
50505,98306
50505,18882
50505,3101
50505,72598
50505,34076
50505,56489
50505,1829
50505,73855
50505,61238
50505,84135
50505,32176
50505,79102
50505,87993
50505,97567
50505,2677
50505,35093
50505,16291
50505,10424
50505,86447
50505,99454
50505,82704
50505,64575
50505,89096
50505,46196
50505,74888
50505,52110
50505,7197
50505,97957
50883,1064
50883,41477
50883,17253
50883,12361
50883,53643
50883,74649
50883,91845
50883,59121
50883,50306
50883,81332
50883,43092
50883,10428
50883,70434
50883,36458
50883,51625
50883,10520
50883,24302
50883,38932
50883,8287
50883,1795
50883,60979
50883,58914
50883,88384
50883,59292
50883,60211
50883,78373
50883,39491
50883,51451
50883,11125
50883,51710
50883,26405
50883,62704
50883,51678
50883,7697
50883,64607
50883,97872
50883,83365
50883,69711
50883,51855
50883,2820
50883,30614
50883,16081
50883,71870
50883,12812
50883,92882
50883,54361
50883,42451
50883,1862
50883,63871
50883,7315
50883,34274
50883,50886
50883,65271
50883,84441
50883,64775
50883,86289
50883,90997
50883,49679
50883,64747
50883,21092
50883,43003
50883,72188
50883,65746
50883,19091
50883,80321
50883,31024
50883,32541
50883,15889
50883,88161
50883,113
50883,53881
50883,7021
50883,4177
50883,24234
50883,40753
50883,97287
50883,34808
50883,63663
50883,49424
50883,73295
50883,66004
50883,39809
50883,86997
50883,69465
50883,58951
50883,9031
50883,68658
50883,47212
50883,9621
50883,52905
50883,14765
50883,75444
50883,4272
50883,93735
50883,1349
50883,72659
50883,73704
50883,37840
50883,59113
50883,56529
50883,70167
50883,6594
50883,28136
50883,74988
50883,99173
50883,26638
50883,42987
50883,69725
50883,97247
50883,38798
50883,38211
50883,30481
50883,63028
50883,28714
50883,70600
50883,82703
50883,13613
50883,61025
50883,17354
50883,57782
50883,48790
50883,12407
50883,44244
50883,76147
50883,2584
50883,75529
50883,37787
50883,18882
50883,85225
50883,78591
50883,3101
50883,37106
50883,60228
50883,8536
50883,74499
50883,67921
50883,52708
50883,69125
50883,74722
50883,6374
50883,62851
50883,18445
50883,27856
50883,28112
50883,88089
50883,74594
50883,87993
50883,42982
50883,97567
50883,84551
50883,4809
50883,10424
50883,99454
50883,89249
50883,93387
50883,9169
50883,90650
50883,89642
50883,80572
50883,88311
50883,17930
50883,89096
50883,74088
50883,74888
50883,44128
50883,97957
28083,84844
28083,40696
28083,97522
28083,39885
28083,94791
28083,53926
28083,14210
28083,14340
28083,79650
28083,8980
28083,10428
28083,1503
28083,1272
28083,46159
28083,79095
28083,36866
28083,73798
28083,57289
28083,78373
28083,51055
28083,22648
28083,77441
28083,62704
28083,94556
28083,82739
28083,39301
28083,98684
28083,27671
28083,47722
28083,97386
28083,5949
28083,28110
28083,54361
28083,80996
28083,94560
28083,42451
28083,66326
28083,74853
28083,9915
28083,46061
28083,84441
28083,3086
28083,27254
28083,22807
28083,96691
28083,99057
28083,80999
28083,91832
28083,53082
28083,29358
28083,80321
28083,87269
28083,12242
28083,95994
28083,12138
28083,40753
28083,84024
28083,37654
28083,70511
28083,50883
28083,81927
28083,13705
28083,85606
28083,59338
28083,37212
28083,6525
28083,57173
28083,15096
28083,26544
28083,4272
28083,87379
28083,37840
28083,59817
28083,92622
28083,39501
28083,84280
28083,45841
28083,90219
28083,62293
28083,30170
28083,6594
28083,8982
28083,76327
28083,35999
28083,99173
28083,87505
28083,78995
28083,62837
28083,70679
28083,76511
28083,19147
28083,82703
28083,57967
28083,11038
28083,6463
28083,37787
28083,12599
28083,78591
28083,57242
28083,17736
28083,72270
28083,74722
28083,74176
28083,39310
28083,28112
28083,39058
28083,20445
28083,48933
28083,88089
28083,29290
28083,74594
28083,65163
28083,90034
28083,30568
28083,12515
28083,99454
28083,93387
28083,7137
28083,19794
28083,10059
28083,85528
28083,697
28083,94637
28083,652
28083,10958
28083,30776
97112,90965
97112,73918
97112,28680
97112,37711
97112,88731
97112,2126
97112,59135
97112,43092
97112,3805
97112,83129
97112,49372
97112,81015
97112,70392
97112,39983
97112,69427
97112,39079
97112,25310
97112,79095
97112,93944
97112,74059
97112,49983
97112,68556
97112,48196
97112,58424
97112,54857
97112,36162
97112,92155
97112,41435
97112,30083
97112,51055
97112,39274
97112,26405
97112,97872
97112,51855
97112,28429
97112,6262
97112,47066
97112,65304
97112,71346
97112,80996
97112,84786
97112,66326
97112,74853
97112,92655
97112,82969
97112,3086
97112,42102
97112,30719
97112,96691
97112,28928
97112,92236
97112,18674
97112,91832
97112,53082
97112,58876
97112,51810
97112,11158
97112,80321
97112,81052
97112,87269
97112,15889
97112,95994
97112,48391
97112,37195
97112,40753
97112,49424
97112,13122
97112,96507
97112,85606
97112,59338
97112,84822
97112,72364
97112,69465
97112,46828
97112,61309
97112,9031
97112,91314
97112,16012
97112,65295
97112,93735
97112,21026
97112,26761
97112,34448
97112,15566
97112,87379
97112,9053
97112,92622
97112,29682
97112,78675
97112,26618
97112,99792
97112,20149
97112,36296
97112,26638
97112,42987
97112,95265
97112,12104
97112,38211
97112,56359
97112,37372
97112,45925
97112,6815
97112,50307
97112,17354
97112,78665
97112,7025
97112,43746
97112,67009
97112,10353
97112,63620
97112,4312
97112,98306
97112,78591
97112,86833
97112,76145
97112,34076
97112,61238
97112,13278
97112,27856
97112,18218
97112,28112
97112,38591
97112,88089
97112,31910
97112,41543
97112,12515
97112,10424
97112,95796
97112,35240
97112,30692
97112,42374
97112,53056
97112,78277
97112,19794
97112,16219
97112,47458
97112,10059
97112,51334
97112,90808
97112,1318
97112,46196
97112,94637
97112,33252
64297,28680
64297,57372
64297,37711
64297,91845
64297,40029
64297,59121
64297,22551
64297,20082
64297,43092
64297,7612
64297,3805
64297,72594
64297,1503
64297,49372
64297,95763
64297,1795
64297,50015
64297,73445
64297,22340
64297,23385
64297,98684
64297,80519
64297,49612
64297,68964
64297,1836
64297,92655
64297,34524
64297,42102
64297,27522
64297,99162
64297,21092
64297,53082
64297,72188
64297,88950
64297,7021
64297,26261
64297,19152
64297,53695
64297,58951
64297,10042
64297,79870
64297,21947
64297,55639
64297,47187
64297,59113
64297,81743
64297,90219
64297,14299
64297,28136
64297,95995
64297,30846
64297,10343
64297,6815
64297,13613
64297,43746
64297,77841
64297,10692
64297,92503
64297,62789
64297,72270
64297,45506
64297,11238
64297,84135
64297,88486
64297,21831
64297,16291
64297,10424
64297,13373
64297,73539
64297,91043
64297,49307
64297,33252
89894,39243
89894,94791
89894,84230
89894,15989
89894,14613
89894,49558
89894,14210
89894,73945
89894,84178
89894,98122
89894,20082
89894,61726
89894,79650
89894,8980
89894,50306
89894,43092
89894,77939
89894,30965
89894,39824
89894,70434
89894,81015
89894,36458
89894,82241
89894,25310
89894,79095
89894,87781
89894,95763
89894,10520
89894,64417
89894,22048
89894,46068
89894,58424
89894,29210
89894,82315
89894,22340
89894,51055
89894,60090
89894,13748
89894,47172
89894,3003
89894,16897
89894,39301
89894,29628
89894,80519
89894,49612
89894,18765
89894,89332
89894,65304
89894,92882
89894,54361
89894,42451
89894,9915
89894,13875
89894,98151
89894,65271
89894,6346
89894,38505
89894,13512
89894,92548
89894,82969
89894,1332
89894,34524
89894,86289
89894,23594
89894,74600
89894,78229
89894,43175
89894,2500
89894,84059
89894,14421
89894,21793
89894,96691
89894,14290
89894,91832
89894,33181
89894,34523
89894,31024
89894,15889
89894,88161
89894,94363
89894,88950
89894,113
89894,7021
89894,40753
89894,47003
89894,68416
89894,37512
89894,73295
89894,59114
89894,41743
89894,50883
89894,85606
89894,47292
89894,19152
89894,84822
89894,6816
89894,37212
89894,79834
89894,46428
89894,91314
89894,72929
89894,11766
89894,4272
89894,39351
89894,47820
89894,9076
89894,21026
89894,86161
89894,47187
89894,37840
89894,53495
89894,59817
89894,29682
89894,36296
89894,93464
89894,95853
89894,14299
89894,28136
89894,15956
89894,99173
89894,78995
89894,12104
89894,8796
89894,30481
89894,58159
89894,27266
89894,45925
89894,38589
89894,31580
89894,6090
89894,13613
89894,48745
89894,78665
89894,94730
89894,28799
89894,64966
89894,29811
89894,64317
89894,20130
89894,62224
89894,10692
89894,11038
89894,68857
89894,1674
89894,21855
89894,78177
89894,18882
89894,4232
89894,85225
89894,92503
89894,82993
89894,67921
89894,34076
89894,52708
89894,10188
89894,7536
89894,60549
89894,84135
89894,32176
89894,20445
89894,74594
89894,79138
89894,87993
89894,97754
89894,31910
89894,35093
89894,95796
89894,86447
89894,13373
89894,63531
89894,30692
89894,37022
89894,9169
89894,61976
89894,91043
89894,90650
89894,10059
89894,85528
89894,5062
89894,94637
89894,64597
89894,10958
89894,97957
18589,84844
18589,41477
18589,97522
18589,17253
18589,28680
18589,57372
18589,6420
18589,43561
18589,29759
18589,49558
18589,40029
18589,2126
18589,22551
18589,50306
18589,7612
18589,3805
18589,41448
18589,10428
18589,87810
18589,55515
18589,51625
18589,82241
18589,46461
18589,38578
18589,39079
18589,36875
18589,95594
18589,64417
18589,8013
18589,50136
18589,74059
18589,47260
18589,29210
18589,62725
18589,50015
18589,50426
18589,36162
18589,73798
18589,92155
18589,39491
18589,46431
18589,78824
18589,26165
18589,7697
18589,66992
18589,83365
18589,69711
18589,16897
18589,62707
18589,44672
18589,13148
18589,72277
18589,30614
18589,47066
18589,46099
18589,71870
18589,34053
18589,80996
18589,20562
18589,74853
18589,66501
18589,31336
18589,50886
18589,46061
18589,93016
18589,3086
18589,27254
18589,96678
18589,21230
18589,17740
18589,23594
18589,92866
18589,78229
18589,22807
18589,34924
18589,16722
18589,21793
18589,36838
18589,54129
18589,91832
18589,32541
18589,12242
18589,1198
18589,28495
18589,88950
18589,53881
18589,59063
18589,91374
18589,44313
18589,34808
18589,49424
18589,59114
18589,87941
18589,48430
18589,81927
18589,96507
18589,84822
18589,86997
18589,29982
18589,82814
18589,95970
18589,61309
18589,6525
18589,96149
18589,82847
18589,60670
18589,15096
18589,79870
18589,34016
18589,36851
18589,21947
18589,55319
18589,88953
18589,9588
18589,15566
18589,72659
18589,47187
18589,73704
18589,59817
18589,78675
18589,63297
18589,93464
18589,95853
18589,14299
18589,15956
18589,74988
18589,44348
18589,76511
18589,10513
18589,28714
18589,10343
18589,6815
18589,79067
18589,28799
18589,57967
18589,24497
18589,10692
18589,11038
18589,68857
18589,67747
18589,63620
18589,75529
18589,18882
18589,59844
18589,3101
18589,37106
18589,60228
18589,40938
18589,72270
18589,77844
18589,56489
18589,66713
18589,92100
18589,39310
18589,79138
18589,27660
18589,10424
18589,65334
18589,37022
18589,36323
18589,9169
18589,95180
18589,88311
18589,94637
18589,33252
69069,12376
69069,1064
69069,46602
69069,53926
69069,90965
69069,99710
69069,28680
69069,74649
69069,15989
69069,29759
69069,59121
69069,61726
69069,50306
69069,44305
69069,3545
69069,10428
69069,83129
69069,81015
69069,39983
69069,69427
69069,78355
69069,25310
69069,93944
69069,10520
69069,50802
69069,46068
69069,60979
69069,7959
69069,59292
69069,92155
69069,62803
69069,2418
69069,44043
69069,27671
69069,30883
69069,30614
69069,29884
69069,13875
69069,41019
69069,13512
69069,49679
69069,64747
69069,43175
69069,63112
69069,80887
69069,80999
69069,91832
69069,72188
69069,18030
69069,82093
69069,45216
69069,71128
69069,53881
69069,37195
69069,48898
69069,29822
69069,34808
69069,73346
69069,85606
69069,82847
69069,57173
69069,15096
69069,82639
69069,95408
69069,62943
69069,47820
69069,26761
69069,41473
69069,99792
69069,26074
69069,70167
69069,95995
69069,8796
69069,56747
69069,28714
69069,79067
69069,38589
69069,48745
69069,90275
69069,28799
69069,60730
69069,77841
69069,59783
69069,57967
69069,94202
69069,36956
69069,24497
69069,10692
69069,22436
69069,75529
69069,59844
69069,12599
69069,37106
69069,72568
69069,3913
69069,52708
69069,73855
69069,61238
69069,84135
69069,28112
69069,28282
69069,49957
69069,33450
69069,8697
69069,998
69069,37735
69069,99757
69069,99454
69069,19794
69069,95180
69069,65114
69069,47458
69069,697
69069,25417
69069,33252
69069,52110
69069,33470
69069,80200
27,84844
27,12376
27,97522
27,57372
27,25155
27,96311
27,65887
27,15989
27,40029
27,84178
27,37624
27,79650
27,3545
27,3805
27,87810
27,66638
27,83129
27,1272
27,70434
27,36458
27,46159
27,39983
27,53548
27,38578
27,64417
27,49983
27,68556
27,8287
27,87765
27,42452
27,98463
27,36162
27,73798
27,4731
27,78824
27,87239
27,66992
27,26030
27,44582
27,13148
27,29628
27,474
27,72277
27,80519
27,49612
27,49195
27,89332
27,34053
27,12812
27,92882
27,71346
27,39863
27,43875
27,66501
27,63871
27,7315
27,65271
27,84441
27,6
27,92548
27,82969
27,1332
27,81497
27,70282
27,13285
27,57494
27,43175
27,26935
27,97475
27,21793
27,96691
27,91832
27,65664
27,29358
27,82093
27,98615
27,28495
27,7021
27,59063
27,40753
27,84024
27,42635
27,13122
27,81927
27,85606
27,59338
27,86997
27,53695
27,82814
27,61309
27,68658
27,10042
27,47881
27,9621
27,15096
27,52905
27,5943
27,36851
27,75444
27,16012
27,14425
27,87456
27,78675
27,56529
27,84280
27,20149
27,76327
27,58578
27,95265
27,97247
27,58159
27,7339
27,6090
27,13613
27,57782
27,43746
27,90275
27,85225
27,8536
27,16758
27,74722
27,6374
27,92100
27,29290
27,42982
27,16291
27,27660
27,65334
27,18064
27,86447
27,35240
27,37022
27,91043
27,90650
27,53056
27,88311
27,17930
27,10059
27,1318
27,85528
27,52110
27,97957
50294,41477
50294,12999
50294,90965
50294,17253
50294,25155
50294,37711
50294,65887
50294,91845
50294,14210
50294,37624
50294,81332
50294,77939
50294,3805
50294,10428
50294,87810
50294,64451
50294,70434
50294,36458
50294,51625
50294,46159
50294,69427
50294,10564
50294,49983
50294,10563
50294,6510
50294,29210
50294,7959
50294,62725
50294,50426
50294,42452
50294,60211
50294,9150
50294,39491
50294,60090
50294,13748
50294,10079
50294,62704
50294,22620
50294,64607
50294,89624
50294,97872
50294,63866
50294,29628
50294,78983
50294,67649
50294,17936
50294,14531
50294,9891
50294,91
50294,47722
50294,28110
50294,80996
50294,42451
50294,66326
50294,45177
50294,46061
50294,62905
50294,65271
50294,92655
50294,92548
50294,97323
50294,30860
50294,86289
50294,19897
50294,96678
50294,90997
50294,74600
50294,92866
50294,13285
50294,43175
50294,82707
50294,14421
50294,22528
50294,3924
50294,28928
50294,36838
50294,99057
50294,18674
50294,80999
50294,91832
50294,43003
50294,53082
50294,18030
50294,36891
50294,24070
50294,1198
50294,48391
50294,48898
50294,44313
50294,84024
50294,42635
50294,59114
50294,48430
50294,25316
50294,24353
50294,81927
50294,67349
50294,61309
50294,79834
50294,8669
50294,58660
50294,54466
50294,72929
50294,60670
50294,15096
50294,82639
50294,95408
50294,5943
50294,21947
50294,14765
50294,65295
50294,47820
50294,9588
50294,59113
50294,28935
50294,59817
50294,39888
50294,99792
50294,20149
50294,80842
50294,93464
50294,2997
50294,35999
50294,99173
50294,58578
50294,87505
50294,8796
50294,44348
50294,58617
50294,3
50294,18165
50294,28714
50294,9239
50294,70600
50294,82703
50294,57837
50294,85262
50294,28799
50294,64966
50294,57967
50294,12407
50294,77942
50294,10692
50294,11038
50294,22436
50294,75529
50294,4232
50294,78591
50294,86833
50294,93507
50294,90546
50294,45506
50294,77844
50294,1829
50294,5059
50294,92100
50294,33249
50294,39310
50294,38591
50294,79138
50294,45696
50294,88486
50294,99757
50294,36323
50294,80759
50294,61976
50294,52638
50294,90650
50294,95180
50294,88311
50294,75733
50294,89967
50294,51334
50294,25838
50294,25417
50294,74088
50294,74888
50294,44128
346,94791
346,90965
346,69909
346,84230
346,94649
346,79668
346,25155
346,65887
346,91845
346,14613
346,49558
346,88731
346,36078
346,2126
346,98122
346,59135
346,87030
346,44305
346,7612
346,64451
346,1503
346,36458
346,70392
346,46159
346,53548
346,87781
346,95763
346,8013
346,89592
346,68556
346,8287
346,47260
346,96937
346,29210
346,58914
346,62725
346,87765
346,50426
346,36162
346,9150
346,65681
346,39491
346,22648
346,88776
346,29923
346,68169
346,10079
346,23385
346,64607
346,26030
346,97872
346,83365
346,8309
346,50055
346,44582
346,39301
346,13914
346,62707
346,7685
346,2820
346,76214
346,29628
346,28429
346,18765
346,6262
346,47066
346,8862
346,63951
346,54361
346,39863
346,42451
346,98151
346,65271
346,84441
346,1836
346,92548
346,3086
346,42102
346,25460
346,19897
346,81497
346,23594
346,74600
346,92866
346,23525
346,88855
346,97475
346,27199
346,21793
346,14290
346,80887
346,36838
346,21092
346,65432
346,58876
346,65664
346,5199
346,66075
346,82093
346,31024
346,45216
346,24070
346,88161
346,94363
346,29822
346,59063
346,59054
346,40753
346,97287
346,37654
346,42723
346,47003
346,48430
346,71951
346,25316
346,41743
346,98521
346,26261
346,55814
346,74421
346,47292
346,82814
346,6816
346,61309
346,46428
346,89757
346,64757
346,68658
346,54466
346,82847
346,60670
346,21036
346,95408
346,5943
346,76900
346,11733
346,39351
346,47820
346,55639
346,93735
346,1349
346,21026
346,26761
346,88953
346,81743
346,41473
346,92622
346,45841
346,80842
346,63297
346,62293
346,93464
346,95338
346,48302
346,75375
346,76327
346,2997
346,26638
346,69725
346,38798
346,76511
346,84083
346,83902
346,18165
346,27266
346,73973
346,70600
346,45925
346,6090
346,45185
346,61573
346,77841
346,59783
346,20130
346,81307
346,61326
346,36956
346,10692
346,19851
346,68857
346,48609
346,6463
346,78177
346,37787
346,98306
346,57242
346,3101
346,55184
346,74499
346,67921
346,52708
346,56489
346,66713
346,62851
346,18445
346,32176
346,82741
346,39310
346,28112
346,20762
346,40557
346,42982
346,31910
346,16216
346,9320
346,73873
346,9169
346,53056
346,80572
346,95180
346,17930
346,10059
346,89967
346,35079
346,5062
346,94637
346,33252
346,21236
346,1711
346,7197
88043,40696
88043,1064
88043,46602
88043,94649
88043,79668
88043,65887
88043,91845
88043,2126
88043,37624
88043,14340
88043,50306
88043,43092
88043,44305
88043,22517
88043,87810
88043,66638
88043,83129
88043,92369
88043,49372
88043,51625
88043,39983
88043,69427
88043,11960
88043,10520
88043,50136
88043,76581
88043,73798
88043,73733
88043,92155
88043,39491
88043,37570
88043,78824
88043,51710
88043,3617
88043,2418
88043,13748
88043,26405
88043,23385
88043,7697
88043,63014
88043,43461
88043,66992
88043,63866
88043,27671
88043,3228
88043,9891
88043,29884
88043,47066
88043,34053
88043,54361
88043,80996
88043,74853
88043,9915
88043,13875
88043,45177
88043,48244
88043,13512
88043,92548
88043,3086
88043,64775
88043,96678
88043,74600
88043,13285
88043,48489
88043,63112
88043,21793
88043,80887
88043,75147
88043,80999
88043,91832
88043,72188
88043,65432
88043,54974
88043,45216
88043,22110
88043,89459
88043,53881
88043,37195
88043,84595
88043,40753
88043,97287
88043,16425
88043,3793
88043,37512
88043,73295
88043,59114
88043,73346
88043,48756
88043,55814
88043,85606
88043,79834
88043,68658
88043,10042
88043,72929
88043,60670
88043,15096
88043,26544
88043,76900
88043,53770
88043,26761
88043,86161
88043,49068
88043,99792
88043,47884
88043,63297
88043,93464
88043,70167
88043,30170
88043,28136
88043,74988
88043,35999
88043,58578
88043,95995
88043,97247
88043,44348
88043,66626
88043,99290
88043,50519
88043,79067
88043,48745
88043,61025
88043,57782
88043,77964
88043,24497
88043,11038
88043,48609
88043,76147
88043,21855
88043,78177
88043,98306
88043,18882
88043,12599
88043,78591
88043,72568
88043,3913
88043,55184
88043,34076
88043,56489
88043,74722
88043,61238
88043,58681
88043,79102
88043,28112
88043,20762
88043,69661
88043,17526
88043,74594
88043,8697
88043,21831
88043,998
88043,72466
88043,99473
88043,12515
88043,73409
88043,86447
88043,80759
88043,64575
88043,9169
88043,91043
88043,13395
88043,90650
88043,19794
88043,10059
88043,652
88043,52110
88043,7197
88015,84844
88015,54084
88015,1064
88015,41477
88015,39243
88015,28620
88015,12999
88015,53926
88015,90965
88015,69909
88015,43561
88015,63867
88015,29759
88015,40029
88015,2126
88015,90113
88015,87030
88015,79650
88015,44305
88015,95607
88015,22517
88015,72594
88015,87810
88015,83129
88015,1503
88015,30965
88015,36458
88015,39983
88015,53548
88015,20460
88015,10564
88015,50802
88015,65268
88015,35573
88015,26312
88015,96937
88015,60979
88015,87765
88015,98463
88015,91642
88015,41435
88015,30083
88015,51451
88015,77441
88015,40875
88015,51710
88015,26165
88015,26405
88015,22620
88015,44043
88015,83365
88015,39301
88015,44672
88015,98684
88015,2820
88015,30883
88015,29628
88015,28429
88015,72277
88015,78983
88015,18765
88015,30614
88015,36215
88015,16081
88015,89332
88015,28110
88015,63951
88015,20562
88015,70954
88015,39863
88015,30205
88015,42451
88015,1862
88015,92655
88015,6
88015,82969
88015,64775
88015,96678
88015,17740
88015,49679
88015,23594
88015,13285
88015,64747
88015,22807
88015,2500
88015,62153
88015,49806
88015,82707
88015,63112
88015,22528
88015,3924
88015,80887
88015,99162
88015,18674
88015,79278
88015,72188
88015,4071
88015,27455
88015,19091
88015,36891
88015,32541
88015,40584
88015,81052
88015,12242
88015,1198
88015,15889
88015,48391
88015,84595
88015,96472
88015,59054
88015,97287
88015,34808
88015,63663
88015,42723
88015,3793
88015,49424
88015,63042
88015,70511
88015,25316
88015,73346
88015,13122
88015,50883
88015,24353
88015,98521
88015,81927
88015,13705
88015,47292
88015,72364
88015,86997
88015,20079
88015,79834
88015,9031
88015,91314
88015,68658
88015,54466
88015,82847
88015,47212
88015,9621
88015,72929
88015,60670
88015,15096
88015,34016
88015,11766
88015,72410
88015,26544
88015,14765
88015,19028
88015,4272
88015,55319
88015,53770
88015,9076
88015,55639
88015,9588
88015,55587
88015,87379
88015,37840
88015,53495
88015,41473
88015,84280
88015,93464
88015,70167
88015,14299
88015,71569
88015,76327
88015,35999
88015,70254
88015,84622
88015,69725
88015,95265
88015,78374
88015,85542
88015,12104
88015,56747
88015,38211
88015,44348
88015,10513
88015,84083
88015,3
88015,83902
88015,64039
88015,50519
88015,9239
88015,79589
88015,57837
88015,48745
88015,17354
88015,44949
88015,28799
88015,61573
88015,29811
88015,60730
88015,77841
88015,57967
88015,94202
88015,12407
88015,77942
88015,61326
88015,21683
88015,79515
88015,24497
88015,11038
88015,19851
88015,63777
88015,1674
88015,6463
88015,8628
88015,21855
88015,18882
88015,86833
88015,72568
88015,8536
88015,76145
88015,3913
88015,77844
88015,34076
88015,52708
88015,7536
88015,1829
88015,11238
88015,66713
88015,62851
88015,79102
88015,43081
88015,18218
88015,39058
88015,20762
88015,17185
88015,17526
88015,49957
88015,29290
88015,61825
88015,62826
88015,65163
88015,37735
88015,99757
88015,99473
88015,92966
88015,27660
88015,12515
88015,91319
88015,61976
88015,90650
88015,53056
88015,90307
88015,16219
88015,66677
88015,10059
88015,89967
88015,20515
88015,85528
88015,49307
88015,74088
88015,1711
88015,7197
76175,84844
76175,1064
76175,28620
76175,53926
76175,90965
76175,99322
76175,73918
76175,53643
76175,32818
76175,40029
76175,73945
76175,84178
76175,59121
76175,20082
76175,87030
76175,50306
76175,81332
76175,3545
76175,7612
76175,87810
76175,83129
76175,30965
76175,82241
76175,69427
76175,11960
76175,64417
76175,10563
76175,22048
76175,7959
76175,50015
76175,50426
76175,82315
76175,73798
76175,78373
76175,41190
76175,39491
76175,51451
76175,77441
76175,62803
76175,13748
76175,64607
76175,66992
76175,97872
76175,62707
76175,27671
76175,29628
76175,78983
76175,49612
76175,89332
76175,47066
76175,12812
76175,80996
76175,42451
76175,98151
76175,50886
76175,46061
76175,19581
76175,6346
76175,38505
76175,92548
76175,3086
76175,19897
76175,96678
76175,90997
76175,1608
76175,14421
76175,74365
76175,3924
76175,99057
76175,80999
76175,33181
76175,80321
76175,82093
76175,98615
76175,1198
76175,28495
76175,15718
76175,84595
76175,42635
76175,37654
76175,3793
76175,37512
76175,94691
76175,48430
76175,25316
76175,50883
76175,39809
76175,74421
76175,47292
76175,84822
76175,29982
76175,67349
76175,82814
76175,46428
76175,47881
76175,57173
76175,21036
76175,95408
76175,55319
76175,47820
76175,21026
76175,15566
76175,72659
76175,59113
76175,28935
76175,39888
76175,20149
76175,80842
76175,63297
76175,62293
76175,93464
76175,48302
76175,15956
76175,58578
76175,87505
76175,84622
76175,95265
76175,8796
76175,38211
76175,99290
76175,45925
76175,85262
76175,57782
76175,12407
76175,45770
76175,68857
76175,1674
76175,37787
76175,59844
76175,12599
76175,85225
76175,86833
76175,37106
76175,8536
76175,93507
76175,16758
76175,69125
76175,1829
76175,62851
76175,55334
76175,13278
76175,39310
76175,79138
76175,88486
76175,84551
76175,95796
76175,73409
76175,63531
76175,89249
76175,9169
76175,95180
76175,88311
76175,66677
76175,10059
76175,39496
76175,90808
76175,697
76175,74088
76175,33252
76175,44128
76175,59530
28398,54084
28398,41477
28398,70994
28398,84230
28398,53643
28398,6420
28398,29838
28398,40029
28398,36078
28398,14210
28398,73945
28398,59121
28398,20082
28398,81332
28398,95607
28398,34874
28398,10428
28398,1272
28398,70434
28398,70392
28398,11960
28398,79095
28398,10520
28398,74059
28398,10563
28398,5957
28398,7959
28398,88384
28398,60388
28398,42452
28398,54857
28398,73445
28398,58245
28398,39080
28398,78373
28398,51055
28398,51451
28398,88776
28398,77441
28398,26165
28398,62803
28398,64607
28398,50055
28398,51855
28398,13914
28398,7685
28398,90375
28398,72277
28398,16081
28398,89332
28398,48721
28398,5949
28398,54361
28398,80996
28398,94560
28398,70954
28398,66501
28398,13875
28398,63871
28398,7315
28398,34274
28398,46061
28398,65271
28398,84441
28398,38505
28398,13512
28398,82969
28398,1332
28398,34524
28398,30719
28398,19897
28398,49679
28398,27522
28398,26935
28398,49806
28398,16722
28398,80887
28398,54129
28398,99057
28398,43003
28398,65432
28398,29358
28398,45216
28398,71128
28398,12242
28398,88161
28398,88950
28398,7021
28398,59054
28398,44313
28398,16425
28398,37654
28398,47003
28398,49424
28398,68416
28398,66004
28398,81927
28398,96507
28398,85606
28398,29982
28398,95970
28398,64757
28398,91314
28398,68658
28398,54466
28398,47881
28398,52905
28398,34016
28398,95408
28398,36851
28398,13968
28398,21947
28398,14765
28398,11733
28398,4272
28398,14425
28398,53770
28398,26761
28398,15566
28398,72659
28398,28935
28398,14240
28398,29682
28398,56529
28398,45841
28398,15956
28398,42987
28398,12104
28398,8796
28398,62837
28398,58617
28398,76511
28398,28714
28398,45925
28398,57837
28398,17354
28398,94730
28398,90275
28398,28799
28398,64966
28398,71663
28398,81307
28398,12407
28398,10353
28398,44244
28398,78177
28398,75529
28398,4312
28398,18882
28398,85225
28398,92503
28398,97900
28398,45506
28398,18445
28398,43081
28398,33249
28398,27856
28398,39058
28398,38591
28398,20445
28398,48933
28398,74594
28398,39993
28398,33450
28398,27660
28398,92282
28398,95796
28398,91319
28398,13373
28398,37022
28398,36323
28398,9169
28398,52638
28398,90650
28398,95180
28398,47458
28398,89967
28398,46196
28398,5062
28398,33252
10009,54084
10009,41477
10009,97522
10009,53926
10009,73918
10009,94649
10009,11003
10009,25155
10009,15989
10009,29759
10009,22551
10009,90113
10009,16021
10009,59135
10009,87030
10009,81332
10009,43092
10009,44305
10009,22517
10009,72594
10009,10428
10009,64451
10009,66638
10009,70434
10009,82241
10009,39983
10009,53548
10009,10520
10009,10564
10009,8013
10009,24302
10009,50136
10009,10563
10009,46068
10009,58424
10009,88384
10009,62725
10009,87765
10009,69995
10009,58245
10009,24848
10009,22340
10009,11153
10009,39080
10009,78428
10009,30083
10009,4731
10009,11125
10009,39274
10009,62803
10009,68169
10009,13748
10009,62704
10009,51678
10009,86807
10009,63014
10009,50055
10009,69711
10009,44582
10009,97893
10009,82739
10009,39301
10009,63866
10009,27671
10009,474
10009,78983
10009,9891
10009,30614
10009,29884
10009,12812
10009,65304
10009,71346
10009,68964
10009,42451
10009,13875
10009,7315
10009,45177
10009,48244
10009,62905
10009,85851
10009,6346
10009,1836
10009,6
10009,78765
10009,27522
10009,70282
10009,22807
10009,91223
10009,85293
10009,2500
10009,1608
10009,97475
10009,34924
10009,63112
10009,96691
10009,28928
10009,36838
10009,46692
10009,21092
10009,91832
10009,53082
10009,65432
10009,18030
10009,36891
10009,82093
10009,32541
10009,98615
10009,40584
10009,87269
10009,15889
10009,88161
10009,48898
10009,24234
10009,29822
10009,96472
10009,42635
10009,16425
10009,68416
10009,70511
10009,13122
10009,26261
10009,55814
10009,39809
10009,59338
10009,19152
10009,84822
10009,29982
10009,46828
10009,58951
10009,79834
10009,64757
10009,58660
10009,91314
10009,72929
10009,15096
10009,11733
10009,55319
10009,47820
10009,26761
10009,15566
10009,87379
10009,73704
10009,37840
10009,59113
10009,28935
10009,39501
10009,29682
10009,78675
10009,39888
10009,99792
10009,26074
10009,95853
10009,6594
10009,44976
10009,26638
10009,21334
10009,38798
10009,30481
10009,70679
10009,66626
10009,83902
10009,9239
10009,29040
10009,82703
10009,45925
10009,57837
10009,31580
10009,61025
10009,17354
10009,44949
10009,4027
10009,43746
10009,90275
10009,23664
10009,67009
10009,44244
10009,6463
10009,78177
10009,37787
10009,4232
10009,85225
10009,3101
10009,72598
10009,17736
10009,90546
10009,72270
10009,34076
10009,10188
10009,56489
10009,62851
10009,18445
10009,58681
10009,57589
10009,92100
10009,13278
10009,43081
10009,33249
10009,27856
10009,39310
10009,28112
10009,28282
10009,88089
10009,45696
10009,39993
10009,998
10009,97567
10009,97754
10009,31910
10009,85038
10009,30568
10009,92282
10009,52703
10009,95796
10009,91319
10009,13373
10009,73539
10009,80759
10009,9169
10009,91043
10009,10059
10009,35079
10009,51334
10009,46196
10009,80686
10009,652
10009,25417
10009,30776
10009,33252
10009,52110
20757,53926
20757,17253
20757,8980
20757,95607
20757,64416
20757,22517
20757,34874
20757,1272
20757,11960
20757,93944
20757,8013
20757,69995
20757,42452
20757,36866
20757,11125
20757,62803
20757,62704
20757,7697
20757,82739
20757,16897
20757,20562
20757,13512
20757,30719
20757,57494
20757,49806
20757,3924
20757,5199
20757,29358
20757,12138
20757,40753
20757,96507
20757,19152
20757,36851
20757,39501
20757,45841
20757,30170
20757,85542
20757,76511
20757,19147
20757,37372
20757,57837
20757,48745
20757,6463
20757,98306
20757,72568
20757,17736
20757,7536
20757,57589
20757,13278
20757,74176
20757,38591
20757,9835
20757,33450
20757,42982
20757,21831
20757,998
20757,96211
20757,27660
20757,91319
20757,39496
20757,85528
78797,84844
78797,12376
78797,54084
78797,39243
78797,28620
78797,53926
78797,69909
78797,12361
78797,28680
78797,37605
78797,73945
78797,98122
78797,22551
78797,37624
78797,14340
78797,90113
78797,81332
78797,77939
78797,72594
78797,10428
78797,66638
78797,83129
78797,1503
78797,70434
78797,81015
78797,51625
78797,70392
78797,46159
78797,53548
78797,11960
78797,64417
78797,76581
78797,43652
78797,10563
78797,5957
78797,65268
78797,96937
78797,60979
78797,29210
78797,87765
78797,36866
78797,78428
78797,51846
78797,41190
78797,22648
78797,4731
78797,70782
78797,60090
78797,40875
78797,78824
78797,51710
78797,26405
78797,62704
78797,47172
78797,86807
78797,66992
78797,94556
78797,83365
78797,3003
78797,69711
78797,16897
78797,28429
78797,90375
78797,78983
78797,17936
78797,14531
78797,49612
78797,18765
78797,47722
78797,89332
78797,46099
78797,34053
78797,65304
78797,39863
78797,9915
78797,66501
78797,63871
78797,50886
78797,65271
78797,84441
78797,38505
78797,13512
78797,97323
78797,19897
78797,96678
78797,81497
78797,90997
78797,23594
78797,24548
78797,22807
78797,85293
78797,49806
78797,14421
78797,63112
78797,96691
78797,28928
78797,54129
78797,99057
78797,83163
78797,36854
78797,79278
78797,65432
78797,51810
78797,34523
78797,82093
78797,22110
78797,12906
78797,61524
78797,95994
78797,15718
78797,75920
78797,29822
78797,97287
78797,73295
78797,70511
78797,87941
78797,62444
78797,56254
78797,66004
78797,55814
78797,96507
78797,39809
78797,19152
78797,84822
78797,95970
78797,79834
78797,6525
78797,54466
78797,96149
78797,47881
78797,72929
78797,15096
78797,52905
78797,79870
78797,34016
78797,26544
78797,5943
78797,13968
78797,14765
78797,19028
78797,55319
78797,14425
78797,53770
78797,93735
78797,88953
78797,49068
78797,87379
78797,9053
78797,47187
78797,53495
78797,41473
78797,59817
78797,29682
78797,39888
78797,45841
78797,47884
78797,80842
78797,70167
78797,95338
78797,6594
78797,70254
78797,26638
78797,30846
78797,12104
78797,30481
78797,10513
78797,83902
78797,19147
78797,99290
78797,7339
78797,50519
78797,29040
78797,48745
78797,45185
78797,51956
78797,94730
78797,28799
78797,64317
78797,81307
78797,12407
78797,62224
78797,68857
78797,10353
78797,22436
78797,63777
78797,6463
78797,76147
78797,18882
78797,59844
78797,4232
78797,12599
78797,85225
78797,86833
78797,92503
78797,72568
78797,97900
78797,72598
78797,3913
78797,90546
78797,33196
78797,49942
78797,69125
78797,7536
78797,74722
78797,5059
78797,73855
78797,6374
78797,66713
78797,96402
78797,57589
78797,79102
78797,33249
78797,18218
78797,28112
78797,20445
78797,48933
78797,17526
78797,29290
78797,9835
78797,88486
78797,65163
78797,2677
78797,84551
78797,41543
78797,99473
78797,30568
78797,16216
78797,35240
78797,89249
78797,53352
78797,93387
78797,9169
78797,13395
78797,53056
78797,78277
78797,16219
78797,80572
78797,90085
78797,95180
78797,88311
78797,89096
78797,10059
78797,25838
78797,1318
78797,46196
78797,85528
78797,5062
78797,68532
78797,652
78797,80200
78797,44128
78797,59530
90868,90482
90868,41477
90868,39243
90868,39885
90868,46602
90868,94791
90868,99710
90868,53643
90868,28680
90868,74649
90868,96311
90868,88731
90868,14340
90868,20082
90868,59135
90868,43092
90868,7612
90868,22517
90868,72594
90868,83129
90868,36458
90868,70392
90868,69427
90868,38578
90868,78355
90868,95763
90868,95594
90868,74059
90868,1795
90868,58424
90868,60979
90868,7959
90868,58914
90868,72149
90868,62725
90868,98463
90868,58245
90868,24848
90868,73798
90868,41435
90868,51846
90868,4731
90868,46431
90868,77441
90868,3617
90868,68169
90868,13748
90868,87239
90868,62704
90868,43461
90868,50055
90868,16897
90868,39301
90868,27671
90868,13148
90868,28429
90868,90375
90868,474
90868,18765
90868,91
90868,16081
90868,29884
90868,47722
90868,89332
90868,47066
90868,46099
90868,8862
90868,71870
90868,34053
90868,12812
90868,20562
90868,39863
90868,9915
90868,41019
90868,63871
90868,7315
90868,48244
90868,62905
90868,65271
90868,6346
90868,13512
90868,97323
90868,3086
90868,34524
90868,27254
90868,30860
90868,42102
90868,30719
90868,19897
90868,17740
90868,24548
90868,22807
90868,2500
90868,23525
90868,26935
90868,65472
90868,48489
90868,34924
90868,82707
90868,74365
90868,51181
90868,19487
90868,75147
90868,99057
90868,36854
90868,4071
90868,34523
90868,80321
90868,31024
90868,86538
90868,32541
90868,98615
90868,40584
90868,81052
90868,88161
90868,94363
90868,28495
90868,95994
90868,48391
90868,4177
90868,84024
90868,97287
90868,42723
90868,47003
90868,3793
90868,73295
90868,63042
90868,71951
90868,41743
90868,50883
90868,24353
90868,81927
90868,55814
90868,19152
90868,84822
90868,29982
90868,46828
90868,67349
90868,6816
90868,79834
90868,9031
90868,89757
90868,54466
90868,72929
90868,15096
90868,52905
90868,34016
90868,82639
90868,95408
90868,5943
90868,36851
90868,76900
90868,21947
90868,14765
90868,16012
90868,19028
90868,53770
90868,39351
90868,88953
90868,34448
90868,41473
90868,29682
90868,56529
90868,84280
90868,45841
90868,20149
90868,30170
90868,95338
90868,95853
90868,14299
90868,71569
90868,76793
90868,18845
90868,99173
90868,84622
90868,78995
90868,42923
90868,12104
90868,38798
90868,38211
90868,44348
90868,36422
90868,58617
90868,84083
90868,83902
90868,19147
90868,99290
90868,18165
90868,7339
90868,70600
90868,12237
90868,82703
90868,31580
90868,50307
90868,4027
90868,45185
90868,94730
90868,90275
90868,77964
90868,61573
90868,59783
90868,62224
90868,77942
90868,61326
90868,79515
90868,19851
90868,10353
90868,63777
90868,78177
90868,2584
90868,4312
90868,59844
90868,8536
90868,93507
90868,72598
90868,90546
90868,49942
90868,45506
90868,10188
90868,11238
90868,5059
90868,6374
90868,57589
90868,74176
90868,33249
90868,39058
90868,28282
90868,65896
90868,88089
90868,49957
90868,29290
90868,9835
90868,74594
90868,21831
90868,998
90868,97567
90868,2677
90868,37735
90868,4809
90868,30568
90868,92966
90868,16216
90868,12515
90868,73409
90868,99454
90868,82704
90868,89249
90868,73539
90868,91043
90868,90650
90868,78277
90868,95180
90868,66677
90868,65114
90868,35079
90868,51334
90868,1318
90868,697
90868,652
90868,25417
90868,10958
90868,33470
90868,80200
64084,28620
64084,12999
64084,69909
64084,17253
64084,25155
64084,37605
64084,74649
64084,96311
64084,29838
64084,40029
64084,14210
64084,98122
64084,20082
64084,79650
64084,8980
64084,22517
64084,87810
64084,66638
64084,91713
64084,70434
64084,49372
64084,11960
64084,59176
64084,93944
64084,10563
64084,72149
64084,50015
64084,36162
64084,22340
64084,91642
64084,65681
64084,78373
64084,41190
64084,77441
64084,23385
64084,7697
64084,66992
64084,63866
64084,2820
64084,14531
64084,6262
64084,97386
64084,5949
64084,28110
64084,63951
64084,80996
64084,70954
64084,42451
64084,48244
64084,85851
64084,65271
64084,96678
64084,27522
64084,13285
64084,64747
64084,48489
64084,96691
64084,65432
64084,82093
64084,71128
64084,28495
64084,37195
64084,15718
64084,75920
64084,91374
64084,84024
64084,97287
64084,50883
64084,59338
64084,84822
64084,37212
64084,54466
64084,52905
64084,34016
64084,21036
64084,42819
64084,14765
64084,16012
64084,47820
64084,37840
64084,28935
64084,53495
64084,14240
64084,80842
64084,63297
64084,62293
64084,93464
64084,14299
64084,58578
64084,87505
64084,26638
64084,84622
64084,95265
64084,6856
64084,44348
64084,58617
64084,10513
64084,3
64084,19147
64084,99290
64084,6815
64084,6090
64084,48790
64084,61573
64084,24497
64084,48609
64084,1674
64084,85225
64084,8536
64084,72598
64084,29704
64084,49233
64084,82993
64084,67921
64084,74722
64084,56407
64084,61238
64084,62851
64084,92100
64084,82741
64084,69661
64084,49957
64084,79138
64084,87993
64084,61825
64084,97754
64084,84551
64084,85038
64084,99473
64084,30568
64084,92966
64084,16291
64084,16216
64084,99454
64084,53352
64084,30692
64084,7137
64084,90650
64084,80572
64084,1318
64084,697
64084,33470
64084,59530
57229,90965
57229,99710
57229,15989
57229,2126
57229,81332
57229,72594
57229,81015
57229,36458
57229,46159
57229,78355
57229,24302
57229,76581
57229,47260
57229,3193
57229,40875
57229,3617
57229,62803
57229,23385
57229,63014
57229,44582
57229,13914
57229,98684
57229,2820
57229,29884
57229,71870
57229,5949
57229,54361
57229,42102
57229,96678
57229,64747
57229,19487
57229,43003
57229,98615
57229,22110
57229,61524
57229,48898
57229,84595
57229,24234
57229,40753
57229,73346
57229,55814
57229,47212
57229,39383
57229,93735
57229,26761
57229,50519
57229,43946
57229,61025
57229,57782
57229,61326
57229,10353
57229,37787
57229,78591
57229,17736
57229,33196
57229,49942
57229,52708
57229,56489
57229,62851
57229,28112
57229,29290
57229,79138
57229,998
57229,18064
57229,13373
57229,37022
57229,9320
57229,52638
57229,80572
57229,20515
57229,46196
77497,90482
77497,97522
77497,2885
77497,90965
77497,17253
77497,79668
77497,57372
77497,6420
77497,74649
77497,37711
77497,65887
77497,40029
77497,43735
77497,98122
77497,79650
77497,44305
77497,7612
77497,22517
77497,55515
77497,1503
77497,1272
77497,39824
77497,92369
77497,53548
77497,25310
77497,10520
77497,64417
77497,24302
77497,46068
77497,1795
77497,35573
77497,60979
77497,7959
77497,87765
77497,69995
77497,54857
77497,36162
77497,82315
77497,36866
77497,58245
77497,24848
77497,60211
77497,65681
77497,78373
77497,37570
77497,88776
77497,3193
77497,2418
77497,68169
77497,89624
77497,94556
77497,26030
77497,83365
77497,69711
77497,44582
77497,2820
77497,30883
77497,28429
77497,90375
77497,474
77497,67649
77497,49612
77497,9891
77497,29884
77497,48721
77497,63951
77497,54361
77497,84786
77497,74853
77497,7315
77497,34274
77497,46061
77497,62905
77497,85851
77497,92655
77497,82969
77497,30719
77497,25460
77497,96678
77497,81497
77497,70282
77497,24548
77497,57494
77497,26935
77497,65472
77497,34924
77497,63112
77497,96691
77497,54129
77497,75147
77497,18674
77497,91832
77497,43003
77497,65746
77497,54974
77497,65664
77497,18030
77497,19091
77497,82093
77497,32541
77497,22110
77497,81052
77497,12906
77497,15889
77497,61524
77497,88161
77497,37195
77497,75920
77497,40753
77497,91374
77497,97287
77497,3793
77497,70511
77497,94691
77497,48430
77497,50883
77497,66004
77497,55814
77497,47292
77497,72364
77497,46828
77497,53695
77497,95970
77497,61309
77497,46428
77497,91314
77497,10042
77497,96149
77497,47212
77497,47881
77497,9621
77497,82639
77497,11766
77497,42819
77497,62943
77497,76900
77497,4272
77497,9076
77497,93735
77497,72659
77497,9053
77497,28935
77497,39501
77497,56529
77497,26618
77497,45841
77497,26074
77497,62293
77497,95853
77497,48302
77497,74988
77497,35999
77497,99173
77497,44976
77497,26638
77497,42987
77497,78995
77497,38798
77497,44348
77497,58159
77497,70679
77497,83902
77497,28714
77497,45925
77497,6815
77497,50307
77497,13613
77497,85262
77497,57782
77497,43746
77497,48790
77497,64966
77497,62224
77497,77942
77497,12333
77497,44244
77497,78177
77497,37787
77497,98306
77497,12599
77497,3101
77497,37106
77497,17736
77497,33196
77497,74499
77497,67921
77497,49942
77497,52708
77497,56489
77497,7536
77497,5059
77497,56407
77497,66713
77497,96402
77497,18445
77497,28112
77497,39058
77497,20762
77497,20445
77497,40557
77497,49957
77497,79138
77497,2677
77497,37735
77497,24072
77497,16216
77497,52703
77497,10424
77497,73409
77497,18064
77497,86447
77497,82704
77497,37022
77497,93387
77497,36323
77497,61976
77497,91043
77497,95180
77497,75733
77497,89967
77497,39496
77497,35079
77497,20515
77497,697
77497,80686
77497,25417
77497,49307
77497,33252
77497,7197
45043,54084
45043,1064
45043,46602
45043,53926
45043,69909
45043,84230
45043,94649
45043,11003
45043,32818
45043,28680
45043,74649
45043,15989
45043,91845
45043,63867
45043,2126
45043,14210
45043,84178
45043,98122
45043,61726
45043,87030
45043,81332
45043,44305
45043,77939
45043,7612
45043,22517
45043,87810
45043,66638
45043,83129
45043,55515
45043,30965
45043,81015
45043,82241
45043,46159
45043,39983
45043,69427
45043,11960
45043,8013
45043,50136
45043,76581
45043,5957
45043,1795
45043,29210
45043,59292
45043,50015
45043,50426
45043,42452
45043,36162
45043,60211
45043,65681
45043,30083
45043,41190
45043,51451
45043,3193
45043,40875
45043,51710
45043,47172
45043,58143
45043,89624
45043,94556
45043,97872
45043,8309
45043,50055
45043,69711
45043,44582
45043,30883
45043,76214
45043,3228
45043,90375
45043,72277
45043,17936
45043,6262
45043,91
45043,29884
45043,47722
45043,71870
45043,65304
45043,80996
45043,68964
45043,39863
45043,30205
45043,9915
45043,41019
45043,98151
45043,65271
45043,92655
45043,13512
45043,27254
45043,96678
45043,90997
45043,74600
45043,92866
45043,78229
45043,13285
45043,64747
45043,85293
45043,65472
45043,97475
45043,14421
45043,21793
45043,51181
45043,36838
45043,91832
45043,43003
45043,65432
45043,88161
45043,48898
45043,7021
45043,34808
45043,37654
45043,49424
45043,73295
45043,25316
45043,73346
45043,41743
45043,24353
45043,85606
45043,74421
45043,67349
45043,53695
45043,61309
45043,79834
45043,89757
45043,6525
45043,58660
45043,95408
45043,21947
45043,4272
45043,55319
45043,14425
45043,39383
45043,55639
45043,93735
45043,53495
45043,59817
45043,39888
45043,26618
45043,99792
45043,47884
45043,95853
45043,48302
45043,8982
45043,74988
45043,26638
45043,42987
45043,6856
45043,38211
45043,66626
45043,99290
45043,10343
45043,82703
45043,79589
45043,57837
45043,31580
45043,61025
45043,7025
45043,77841
45043,57967
45043,81307
45043,61326
45043,36956
45043,10692
45043,48609
45043,63620
45043,4925
45043,1674
45043,6463
45043,21855
45043,4312
45043,98306
45043,3913
45043,55184
45043,49942
45043,45506
45043,56489
45043,69125
45043,7536
45043,18841
45043,5059
45043,73855
45043,56407
45043,61238
45043,55334
45043,92100
45043,13278
45043,18218
45043,17185
45043,40557
45043,88089
45043,68607
45043,21831
45043,998
45043,41543
45043,27660
45043,12515
45043,18064
45043,82704
45043,53352
45043,9169
45043,61976
45043,19794
45043,16219
45043,65114
45043,10059
45043,51334
45043,1318
45043,5062
45043,697
45043,80686
45043,10958
45043,33252
45043,74888
45043,80200
33096,41477
33096,39243
33096,69909
33096,99322
33096,99710
33096,695
33096,96311
33096,49558
33096,22517
33096,3805
33096,72594
33096,87810
33096,1272
33096,59176
33096,10564
33096,50136
33096,69995
33096,50015
33096,24848
33096,73798
33096,39491
33096,77441
33096,13748
33096,66992
33096,66501
33096,86289
33096,23594
33096,48489
33096,74365
33096,21793
33096,83163
33096,45216
33096,94363
33096,59054
33096,40753
33096,37512
33096,96507
33096,9031
33096,95408
33096,62943
33096,87379
33096,47187
33096,84280
33096,36296
33096,93464
33096,14299
33096,6856
33096,31580
33096,48745
33096,78665
33096,67009
33096,11038
33096,3101
33096,90546
33096,72270
33096,45506
33096,74722
33096,43081
33096,28282
33096,74594
33096,2677
33096,41543
33096,10424
33096,73409
33096,37022
33096,9169
33096,697
30511,2885
30511,69909
30511,37711
30511,63867
30511,29759
30511,22551
30511,16021
30511,7612
30511,92369
30511,95763
30511,47260
30511,50015
30511,82315
30511,22340
30511,30083
30511,11125
30511,70782
30511,63014
30511,62707
30511,6262
30511,68964
30511,92655
30511,13512
30511,49679
30511,24548
30511,97475
30511,80999
30511,29358
30511,53881
30511,7021
30511,44313
30511,48430
30511,98521
30511,55814
30511,79870
30511,26544
30511,55639
30511,28714
30511,10343
30511,7339
30511,43946
30511,6815
30511,4027
30511,77841
30511,57967
30511,81307
30511,37787
30511,3101
30511,16758
30511,72270
30511,49942
30511,34076
30511,5059
30511,84135
30511,33249
30511,39310
30511,61825
30511,85617
30511,16291
30511,10424
30511,16219
30511,66677
30511,90808
30511,1318
30511,49307
30511,74888
30511,59530
53945,90482
53945,70994
53945,99710
53945,12361
53945,79668
53945,37711
53945,63867
53945,36078
53945,2126
53945,84178
53945,61726
53945,7612
53945,66638
53945,70392
53945,25310
53945,79095
53945,87781
53945,38335
53945,93944
53945,24302
53945,38932
53945,65268
53945,8287
53945,96937
53945,62725
53945,73798
53945,11153
53945,39080
53945,91642
53945,51055
53945,88776
53945,3193
53945,60090
53945,40875
53945,51710
53945,26165
53945,62803
53945,7697
53945,66992
53945,97872
53945,83365
53945,13914
53945,76214
53945,78983
53945,9891
53945,16081
53945,29884
53945,63951
53945,39863
53945,63871
53945,7315
53945,85851
53945,92548
53945,90997
53945,49679
53945,78229
53945,23525
53945,1608
53945,16722
53945,63112
53945,22528
53945,51181
53945,19487
53945,46692
53945,7926
53945,18674
53945,19451
53945,80999
53945,43003
53945,51810
53945,34523
53945,32541
53945,25706
53945,88161
53945,53881
53945,37195
53945,75920
53945,91374
53945,34808
53945,16425
53945,94691
53945,71951
53945,56254
53945,50883
53945,13705
53945,85606
53945,39809
53945,47292
53945,86997
53945,20079
53945,53695
53945,37212
53945,46428
53945,9031
53945,64757
53945,6525
53945,54466
53945,47881
53945,72929
53945,15096
53945,11766
53945,62943
53945,14425
53945,65295
53945,39351
53945,47820
53945,55639
53945,93735
53945,59113
53945,28935
53945,39501
53945,29682
53945,45841
53945,36296
53945,95853
53945,6594
53945,71569
53945,26638
53945,42987
53945,95265
53945,97247
53945,58159
53945,66626
53945,28714
53945,9239
53945,6927
53945,45925
53945,38589
53945,7025
53945,48790
53945,60730
53945,64317
53945,20130
53945,94202
53945,77942
53945,67009
53945,10692
53945,63777
53945,48609
53945,63620
53945,4925
53945,1674
53945,12599
53945,93507
53945,3913
53945,40938
53945,7536
53945,74722
53945,1829
53945,18841
53945,51097
53945,6374
53945,57589
53945,13278
53945,82741
53945,79102
53945,27856
53945,39310
53945,28112
53945,40557
53945,65896
53945,33450
53945,65163
53945,97754
53945,31910
53945,2677
53945,18808
53945,12515
53945,65334
53945,30692
53945,37022
53945,36323
53945,73873
53945,42374
53945,9169
53945,78277
53945,68532
53945,10958
53945,33252
53945,52110
53945,33470
53945,59530
1384,41477
1384,50797
1384,73918
1384,94649
1384,11003
1384,29759
1384,49558
1384,73945
1384,59121
1384,37624
1384,59135
1384,50306
1384,44305
1384,7612
1384,3805
1384,72594
1384,41448
1384,55515
1384,30965
1384,70434
1384,51625
1384,70392
1384,53548
1384,39079
1384,11960
1384,20460
1384,38335
1384,50136
1384,74059
1384,10563
1384,5957
1384,26312
1384,47260
1384,60979
1384,58914
1384,88384
1384,76017
1384,50426
1384,54857
1384,36162
1384,58245
1384,73798
1384,73733
1384,11153
1384,92155
1384,57289
1384,78373
1384,51055
1384,39491
1384,28105
1384,46431
1384,70782
1384,78824
1384,26165
1384,68169
1384,62704
1384,7697
1384,64607
1384,43461
1384,44043
1384,69711
1384,39301
1384,13914
1384,30883
1384,80519
1384,67649
1384,17936
1384,14531
1384,49195
1384,16081
1384,51431
1384,71346
1384,70954
1384,84786
1384,39863
1384,9915
1384,66501
1384,45177
1384,34274
1384,62905
1384,84441
1384,19897
1384,49679
1384,23594
1384,74600
1384,70282
1384,78229
1384,22807
1384,62153
1384,88855
1384,48489
1384,28928
1384,51181
1384,19487
1384,99057
1384,46692
1384,62515
1384,18674
1384,21092
1384,91832
1384,43003
1384,53082
1384,4071
1384,27455
1384,66075
1384,15889
1384,61524
1384,88950
1384,40753
1384,44313
1384,84024
1384,47003
1384,73295
1384,63042
1384,48756
1384,47292
1384,59338
1384,72364
1384,29982
1384,37212
1384,79834
1384,46428
1384,64757
1384,91314
1384,54466
1384,47212
1384,47881
1384,57173
1384,82639
1384,11766
1384,72410
1384,26544
1384,36851
1384,13968
1384,14765
1384,55319
1384,47820
1384,9588
1384,55587
1384,9053
1384,53495
1384,92622
1384,78675
1384,56529
1384,39888
1384,99792
1384,6594
1384,48302
1384,76793
1384,70254
1384,95995
1384,78995
1384,78374
1384,85542
1384,62837
1384,44348
1384,58159
1384,36422
1384,76511
1384,83902
1384,18165
1384,50519
1384,29040
1384,12237
1384,79589
1384,6090
1384,48790
1384,77964
1384,77841
1384,57967
1384,67009
1384,79515
1384,19851
1384,44244
1384,67747
1384,1674
1384,21855
1384,37787
1384,98306
1384,18882
1384,59844
1384,4232
1384,78591
1384,57242
1384,93507
1384,76145
1384,90546
1384,33196
1384,16758
1384,49942
1384,52708
1384,10188
1384,56489
1384,7536
1384,1829
1384,5059
1384,73855
1384,6374
1384,66713
1384,55334
1384,84135
1384,57589
1384,74176
1384,33249
1384,39058
1384,17526
1384,9835
1384,45696
1384,33450
1384,42982
1384,31910
1384,90034
1384,85617
1384,2677
1384,41543
1384,4809
1384,30568
1384,96211
1384,16216
1384,18064
1384,86447
1384,82704
1384,9169
1384,13395
1384,90650
1384,78277
1384,16219
1384,89642
1384,95180
1384,88311
1384,17930
1384,89967
1384,85528
1384,30776
1384,33252
1384,52110
1384,80200
2646,97522
2646,2885
2646,94791
2646,90965
2646,53643
2646,28680
2646,96311
2646,43561
2646,91845
2646,63867
2646,40029
2646,98122
2646,37624
2646,94916
2646,87030
2646,8980
2646,50306
2646,64416
2646,66638
2646,55515
2646,70434
2646,81015
2646,79095
2646,36875
2646,38335
2646,93944
2646,10520
2646,10564
2646,50802
2646,10563
2646,5957
2646,46068
2646,58914
2646,36162
2646,36866
2646,65538
2646,39080
2646,51846
2646,30083
2646,78373
2646,51055
2646,51451
2646,77441
2646,39274
2646,40875
2646,63014
2646,94556
2646,67649
2646,18765
2646,46099
2646,80996
2646,68964
2646,70954
2646,39863
2646,41019
2646,92655
2646,13512
2646,96678
2646,81497
2646,49679
2646,74600
2646,43175
2646,97475
2646,82707
2646,14290
2646,36838
2646,53082
2646,65432
2646,5199
2646,19091
2646,29358
2646,82093
2646,25706
2646,88161
2646,75920
2646,34808
2646,37654
2646,68416
2646,70511
2646,87941
2646,20079
2646,95970
2646,58951
2646,58660
2646,91314
2646,10042
2646,18276
2646,11766
2646,26544
2646,19028
2646,53770
2646,21026
2646,86161
2646,34448
2646,87379
2646,41473
2646,92622
2646,39501
2646,26618
2646,30170
2646,3588
2646,2997
2646,95995
2646,78374
2646,38798
2646,99290
2646,7339
2646,70600
2646,79067
2646,57837
2646,13613
2646,85262
2646,78665
2646,61573
2646,60730
2646,57967
2646,19851
2646,68857
2646,22436
2646,76147
2646,98306
2646,12599
2646,72598
2646,29704
2646,76145
2646,33196
2646,72270
2646,49942
2646,5059
2646,84135
2646,58681
2646,32176
2646,28112
2646,39058
2646,84098
2646,48933
2646,9835
2646,8697
2646,88486
2646,65163
2646,2677
2646,37735
2646,24072
2646,99473
2646,18064
2646,35240
2646,42374
2646,78277
2646,19794
2646,75733
2646,32666
2646,51334
2646,46196
2646,85528
2646,5062
2646,68532
2646,49307
2646,74888
2646,1711
2646,80200
92015,2885
92015,53926
92015,57372
92015,25155
92015,65887
92015,88731
92015,20082
92015,7612
92015,39824
92015,81015
92015,74059
92015,87765
92015,60211
92015,92155
92015,39080
92015,51055
92015,50055
92015,51855
92015,72277
92015,48721
92015,47066
92015,12812
92015,92882
92015,34274
92015,38505
92015,34524
92015,26935
92015,97475
92015,96691
92015,92236
92015,21092
92015,65664
92015,113
92015,59054
92015,91374
92015,34808
92015,63663
92015,49424
92015,71951
92015,13122
92015,96507
92015,58951
92015,95408
92015,47820
92015,21026
92015,47187
92015,20149
92015,99173
92015,6856
92015,56359
92015,45925
92015,45185
92015,29811
92015,20130
92015,10353
92015,44244
92015,12599
92015,49942
92015,18841
92015,92100
92015,13278
92015,27856
92015,62826
92015,35093
92015,10424
92015,65334
92015,86447
92015,82704
92015,19794
92015,16219
92015,89096
92015,33252
61148,40696
61148,1064
61148,97522
61148,17253
61148,37711
61148,43092
61148,22517
61148,55515
61148,70434
61148,49372
61148,39983
61148,53548
61148,10564
61148,47260
61148,96937
61148,60979
61148,50015
61148,50426
61148,36866
61148,58245
61148,22340
61148,60211
61148,65538
61148,78373
61148,88776
61148,2418
61148,23385
61148,22620
61148,47172
61148,63014
61148,90375
61148,80519
61148,14531
61148,65304
61148,63951
61148,54361
61148,74853
61148,41019
61148,85851
61148,13512
61148,86289
61148,19897
61148,78765
61148,90997
61148,70282
61148,24548
61148,1608
61148,82707
61148,28928
61148,51181
61148,62515
61148,18674
61148,36854
61148,80999
61148,43003
61148,80321
61148,31024
61148,48391
61148,75920
61148,96472
61148,42635
61148,34808
61148,63663
61148,24353
61148,13705
61148,39809
61148,29982
61148,79834
61148,8669
61148,57173
61148,72929
61148,11766
61148,62943
61148,16012
61148,53770
61148,39383
61148,88953
61148,15566
61148,72659
61148,73704
61148,28935
61148,81743
61148,39888
61148,99792
61148,62293
61148,6594
61148,44976
61148,78995
61148,21334
61148,42923
61148,44348
61148,10513
61148,56359
61148,7339
61148,70600
61148,12237
61148,61025
61148,17354
61148,7025
61148,23664
61148,64966
61148,81307
61148,36956
61148,48609
61148,63620
61148,76147
61148,37787
61148,98306
61148,18882
61148,78591
61148,37106
61148,97900
61148,8536
61148,74499
61148,77844
61148,56489
61148,7536
61148,51097
61148,18445
61148,92100
61148,79102
61148,45696
61148,42982
61148,21831
61148,37735
61148,84551
61148,24072
61148,41543
61148,95796
61148,30692
61148,36323
61148,61976
61148,16219
61148,95180
61148,89967
61148,46196
61148,68532
61148,652
61148,64597
61148,80200
61148,44128
61148,97957
79795,90482
79795,40696
79795,41477
79795,39885
79795,50797
79795,99710
79795,2126
79795,98122
79795,61726
79795,79650
79795,81332
79795,3545
79795,77939
79795,3805
79795,64451
79795,30965
79795,46461
79795,79095
79795,38335
79795,8013
79795,50136
79795,35573
79795,7959
79795,62725
79795,59292
79795,87765
79795,36162
79795,73445
79795,24848
79795,73798
79795,91642
79795,51451
79795,88776
79795,78824
79795,62704
79795,7697
79795,58143
79795,26030
79795,83365
79795,39301
79795,13148
79795,90375
79795,91
79795,29884
79795,89332
79795,8862
79795,63951
79795,80996
79795,42451
79795,1862
79795,19581
79795,48244
79795,85851
79795,13512
79795,92548
79795,3086
79795,23594
79795,91223
79795,22799
79795,2500
79795,28928
79795,51181
79795,83163
79795,18674
79795,36854
79795,79278
79795,53082
79795,4071
79795,18030
79795,34523
79795,98615
79795,28495
79795,96472
79795,91374
79795,84024
79795,34808
79795,16425
79795,3793
79795,25316
79795,41743
79795,81927
79795,39809
79795,84822
79795,86997
79795,67349
79795,58951
79795,37212
79795,79834
79795,46428
79795,89757
79795,54466
79795,57173
79795,60670
79795,42819
79795,26544
79795,5943
79795,62943
79795,76900
79795,55319
79795,65295
79795,47820
79795,93735
79795,1349
79795,86161
79795,9588
79795,47187
79795,39501
79795,78675
79795,84280
79795,20149
79795,95853
79795,6594
79795,28136
79795,76327
79795,99173
79795,58578
79795,87505
79795,42923
79795,56747
79795,10513
79795,27266
79795,29040
79795,70600
79795,82703
79795,31580
79795,48790
79795,64966
79795,94202
79795,77942
79795,21683
79795,22436
79795,4925
79795,76147
79795,2584
79795,98306
79795,12599
79795,57242
79795,72568
79795,60228
79795,8536
79795,93507
79795,74499
79795,34076
79795,18841
79795,73855
79795,13278
79795,43081
79795,20445
79795,79138
79795,39993
79795,61825
79795,62826
79795,97754
79795,90034
79795,2677
79795,85038
79795,99757
79795,92966
79795,65334
79795,99454
79795,30692
79795,37022
79795,42374
79795,9169
79795,52638
79795,91043
79795,90650
79795,19794
79795,75733
79795,10059
79795,39496
79795,90808
79795,46196
79795,85528
79795,94637
79795,64597
79795,10958
79795,49307
79795,21236
79795,7197
79795,97957
6046,54084
6046,41477
6046,25155
6046,88731
6046,59121
6046,50306
6046,3545
6046,69427
6046,11960
6046,25310
6046,95594
6046,24302
6046,46068
6046,7959
6046,60388
6046,82315
6046,73445
6046,73798
6046,41190
6046,11125
6046,26165
6046,3617
6046,26405
6046,22620
6046,64607
6046,78983
6046,29884
6046,8862
6046,28110
6046,80996
6046,70954
6046,39863
6046,48244
6046,97323
6046,96678
6046,70282
6046,24548
6046,22799
6046,22528
6046,74365
6046,96691
6046,28928
6046,99057
6046,83163
6046,80999
6046,91832
6046,53082
6046,19091
6046,24070
6046,88950
6046,91374
6046,42635
6046,42723
6046,37512
6046,41743
6046,81927
6046,55814
6046,85606
6046,67349
6046,37212
6046,64757
6046,58660
6046,57173
6046,95408
6046,26544
6046,76900
6046,21947
6046,65295
6046,47820
6046,88953
6046,9053
6046,39888
6046,62293
6046,76793
6046,15956
6046,2997
6046,35999
6046,87505
6046,69725
6046,95265
6046,12104
6046,8796
6046,82703
6046,13613
6046,7025
6046,61573
6046,77841
6046,10692
6046,68857
6046,10353
6046,67747
6046,63620
6046,1674
6046,76147
6046,2584
6046,4232
6046,97900
6046,72598
6046,76145
6046,3913
6046,74499
6046,69125
6046,18841
6046,73855
6046,69661
6046,88089
6046,49957
6046,29290
6046,74594
6046,79138
6046,39993
6046,90034
6046,35093
6046,24072
6046,16291
6046,35240
6046,37022
6046,73539
6046,9169
6046,5062
6046,94637
6046,652
6046,74888
6046,1711
90411,84844
90411,17253
90411,99710
90411,57372
90411,63867
90411,59135
90411,3805
90411,34874
90411,66638
90411,30965
90411,92369
90411,36458
90411,87781
90411,36875
90411,8013
90411,89592
90411,10563
90411,48196
90411,47260
90411,82315
90411,36866
90411,73798
90411,65538
90411,39491
90411,88776
90411,70782
90411,3617
90411,10079
90411,87239
90411,23385
90411,64607
90411,39301
90411,27671
90411,474
90411,36215
90411,29884
90411,47722
90411,48721
90411,97386
90411,5949
90411,28110
90411,54361
90411,34274
90411,19581
90411,48244
90411,65271
90411,84441
90411,27522
90411,24548
90411,13285
90411,57494
90411,2500
90411,62153
90411,14421
90411,74365
90411,19091
90411,80321
90411,82093
90411,87269
90411,12242
90411,53881
90411,12138
90411,3793
90411,37512
90411,70511
90411,13122
90411,46828
90411,61309
90411,89757
90411,58660
90411,18276
90411,26544
90411,4272
90411,14425
90411,39383
90411,21026
90411,59817
90411,29682
90411,78675
90411,80842
90411,26074
90411,30846
90411,78374
90411,30481
90411,37372
90411,57837
90411,85262
90411,45185
90411,57967
90411,77942
90411,11038
90411,68857
90411,67747
90411,76147
90411,37787
90411,77844
90411,69125
90411,74722
90411,61238
90411,58681
90411,82741
90411,43081
90411,18218
90411,74594
90411,8697
90411,68607
90411,65163
90411,84551
90411,27660
90411,95796
90411,65334
90411,63531
90411,78277
90411,89642
90411,10059
90411,20515
90411,51334
90411,85528
90411,5062
4666,84844
4666,41477
4666,28620
4666,12999
4666,84230
4666,17253
4666,96311
4666,88731
4666,98122
4666,37624
4666,81332
4666,77939
4666,92369
4666,82241
4666,53548
4666,87781
4666,36875
4666,10520
4666,10564
4666,49983
4666,5957
4666,60979
4666,50015
4666,82315
4666,36866
4666,41190
4666,39491
4666,77441
4666,3617
4666,58143
4666,89624
4666,66992
4666,62707
4666,63866
4666,90375
4666,78983
4666,17936
4666,49195
4666,30614
4666,6262
4666,97386
4666,63951
4666,54361
4666,39863
4666,6
4666,86289
4666,43175
4666,2500
4666,26935
4666,62153
4666,34924
4666,84059
4666,14421
4666,36838
4666,19487
4666,83163
4666,33181
4666,27455
4666,80321
4666,82093
4666,31024
4666,81052
4666,87269
4666,1198
4666,61524
4666,94363
4666,53881
4666,84024
4666,87941
4666,62444
4666,55814
4666,13705
4666,67349
4666,79834
4666,9031
4666,82639
4666,5943
4666,76900
4666,16012
4666,4272
4666,55319
4666,39383
4666,34448
4666,37840
4666,29682
4666,20149
4666,63297
4666,69725
4666,30846
4666,78374
4666,56747
4666,58159
4666,66626
4666,10513
4666,99290
4666,27266
4666,73973
4666,7339
4666,6090
4666,57782
4666,43746
4666,48790
4666,12407
4666,62224
4666,67009
4666,24497
4666,48609
4666,1674
4666,8628
4666,78177
4666,37787
4666,37106
4666,8536
4666,16758
4666,72270
4666,55334
4666,58681
4666,33249
4666,39310
4666,20445
4666,45696
4666,8697
4666,65163
4666,90034
4666,35093
4666,92966
4666,10424
4666,13373
4666,91043
4666,19794
4666,89642
4666,80572
4666,17930
4666,66677
4666,1318
4666,46196
4666,1711
60706,40696
60706,97522
60706,39885
60706,99710
60706,53643
60706,695
60706,65887
60706,91845
60706,73945
60706,37624
60706,14340
60706,16021
60706,87030
60706,79650
60706,41448
60706,1272
60706,39824
60706,49372
60706,81015
60706,70392
60706,46461
60706,39983
60706,38578
60706,78355
60706,87781
60706,38335
60706,59176
60706,64417
60706,50136
60706,43652
60706,8287
60706,35573
60706,26312
60706,47260
60706,96937
60706,59292
60706,50015
60706,82315
60706,24848
60706,22340
60706,30083
60706,39491
60706,22648
60706,11125
60706,88776
60706,39274
60706,68169
60706,62704
60706,23385
60706,22620
60706,63014
60706,69711
60706,44582
60706,97893
60706,82739
60706,16897
60706,44672
60706,29628
60706,89332
60706,71870
60706,65304
60706,30205
60706,74853
60706,41019
60706,46061
60706,84441
60706,38505
60706,6
60706,92548
60706,30860
60706,42102
60706,64775
60706,86289
60706,17740
60706,23525
60706,1608
60706,21793
60706,96691
60706,7926
60706,36854
60706,43003
60706,65746
60706,54974
60706,5199
60706,34523
60706,80321
60706,82093
60706,86538
60706,98615
60706,40584
60706,12906
60706,1198
60706,15889
60706,28495
60706,95994
60706,113
60706,53881
60706,48391
60706,37195
60706,7021
60706,4177
60706,84595
60706,96472
60706,59054
60706,40753
60706,37654
60706,42723
60706,68416
60706,37512
60706,48430
60706,25316
60706,50883
60706,98521
60706,47292
60706,48612
60706,46828
60706,53695
60706,58951
60706,79834
60706,9031
60706,89757
60706,58660
60706,10042
60706,15096
60706,79870
60706,34016
60706,82639
60706,11766
60706,13968
60706,14765
60706,16012
60706,55319
60706,53770
60706,65295
60706,47820
60706,86161
60706,9588
60706,87379
60706,9053
60706,99792
60706,36296
60706,62293
60706,48302
60706,8982
60706,75375
60706,28136
60706,76327
60706,35999
60706,44976
60706,84622
60706,30846
60706,38798
60706,56747
60706,62837
60706,44348
60706,36422
60706,66626
60706,10513
60706,84083
60706,3
60706,19147
60706,63028
60706,73973
60706,37372
60706,9239
60706,29040
60706,6927
60706,45925
60706,38589
60706,31580
60706,50307
60706,85262
60706,44949
60706,51956
60706,48790
60706,64966
60706,60730
60706,81307
60706,12407
60706,45770
60706,10353
60706,63777
60706,8628
60706,85225
60706,62789
60706,97900
60706,17736
60706,3913
60706,90546
60706,49942
60706,10188
60706,60549
60706,18841
60706,51097
60706,5059
60706,56407
60706,66713
60706,62851
60706,84135
60706,18445
60706,74176
60706,17185
60706,69661
60706,48933
60706,74594
60706,87993
60706,62826
60706,97754
60706,85617
60706,85038
60706,30568
60706,96211
60706,12515
60706,65334
60706,18064
60706,86447
60706,30692
60706,37022
60706,93387
60706,52638
60706,90650
60706,53056
60706,19794
60706,90307
60706,16219
60706,10059
60706,90808
60706,697
60706,80686
60706,94637
60706,10958
60706,30776
60706,74888
60706,33470
60706,44128
50146,84844
50146,39243
50146,90965
50146,69909
50146,99322
50146,99710
50146,53643
50146,6420
50146,37605
50146,29838
50146,65887
50146,49558
50146,88731
50146,84178
50146,61726
50146,79650
50146,8980
50146,50306
50146,43092
50146,3545
50146,66638
50146,39824
50146,20460
50146,93944
50146,24302
50146,68556
50146,8287
50146,58424
50146,42452
50146,22340
50146,73798
50146,78373
50146,39491
50146,51451
50146,11125
50146,88776
50146,77441
50146,60090
50146,78824
50146,26405
50146,50055
50146,16897
50146,39301
50146,13914
50146,28429
50146,78983
50146,49612
50146,18765
50146,6262
50146,47066
50146,65304
50146,71346
50146,70954
50146,42451
50146,43875
50146,41019
50146,85851
50146,92548
50146,3086
50146,30719
50146,86289
50146,21230
50146,81497
50146,23594
50146,74600
50146,43175
50146,26935
50146,16722
50146,3924
50146,21793
50146,80887
50146,83163
50146,7926
50146,36854
50146,79278
50146,80999
50146,33181
50146,36891
50146,28495
50146,88950
50146,4177
50146,3793
50146,71951
50146,50883
50146,66004
50146,29982
50146,46828
50146,6816
50146,61309
50146,91314
50146,68658
50146,96149
50146,9621
50146,42819
50146,62943
50146,55319
50146,39383
50146,47820
50146,21026
50146,88953
50146,9588
50146,72659
50146,47187
50146,37840
50146,28935
50146,81743
50146,53495
50146,39501
50146,78675
50146,95338
50146,75375
50146,71569
50146,76327
50146,35999
50146,95995
50146,42987
50146,95265
50146,97247
50146,42923
50146,38798
50146,58159
50146,56359
50146,7339
50146,29040
50146,12237
50146,45925
50146,43946
50146,79067
50146,31580
50146,13613
50146,85262
50146,57782
50146,43746
50146,48790
50146,29811
50146,64317
50146,94202
50146,63777
50146,48609
50146,4925
50146,1674
50146,37787
50146,37106
50146,60228
50146,8536
50146,93507
50146,76145
50146,90546
50146,40938
50146,72270
50146,34076
50146,7536
50146,18841
50146,62851
50146,55334
50146,18445
50146,13278
50146,17185
50146,28282
50146,20445
50146,61825
50146,62826
50146,2677
50146,35093
50146,41543
50146,4809
50146,85038
50146,92282
50146,86447
50146,13373
50146,37022
50146,42374
50146,64575
50146,88311
50146,17930
50146,85528
50146,64597
50146,52110
50146,44128
50146,59530
50146,97957
29680,39243
29680,46602
29680,94649
29680,53643
29680,28680
29680,63867
29680,49558
29680,22551
29680,20082
29680,61726
29680,3545
29680,39983
29680,38335
29680,10520
29680,10563
29680,60979
29680,29210
29680,50015
29680,58245
29680,22340
29680,73798
29680,60211
29680,92155
29680,78428
29680,65681
29680,41190
29680,11125
29680,70782
29680,40875
29680,2418
29680,23385
29680,47172
29680,43461
29680,26030
29680,83365
29680,76214
29680,54361
29680,70954
29680,30205
29680,84441
29680,1836
29680,30860
29680,49679
29680,92866
29680,24548
29680,78229
29680,14421
29680,63112
29680,28928
29680,65432
29680,19091
29680,80321
29680,36891
29680,45216
29680,32541
29680,113
29680,48391
29680,84595
29680,24234
29680,42635
29680,48430
29680,41743
29680,26261
29680,81927
29680,26544
29680,21947
29680,88953
29680,86161
29680,15566
29680,47187
29680,59113
29680,81743
29680,59817
29680,39501
29680,76793
29680,28136
29680,69725
29680,42923
29680,12104
29680,38211
29680,44348
29680,63028
29680,28714
29680,12237
29680,43946
29680,50307
29680,13613
29680,85262
29680,43746
29680,94730
29680,28799
29680,64966
29680,77841
29680,12407
29680,1674
29680,6463
29680,2584
29680,37787
29680,92503
29680,62789
29680,93507
29680,3913
29680,72270
29680,45506
29680,7536
29680,60549
29680,18841
29680,84135
29680,33249
29680,21831
29680,61825
29680,85617
29680,35093
29680,84551
29680,99757
29680,18064
29680,53352
29680,37022
29680,61976
29680,52638
29680,88311
63263,84844
63263,90482
63263,1064
63263,41477
63263,50797
63263,53926
63263,69909
63263,99322
63263,12361
63263,79668
63263,28680
63263,29838
63263,43561
63263,63867
63263,59121
63263,37624
63263,90113
63263,3545
63263,95607
63263,41448
63263,66638
63263,55515
63263,39824
63263,51625
63263,46461
63263,11960
63263,25310
63263,10520
63263,8013
63263,74059
63263,60388
63263,50015
63263,82315
63263,9150
63263,92155
63263,51451
63263,4731
63263,46431
63263,88776
63263,77441
63263,26165
63263,29923
63263,23385
63263,97872
63263,50055
63263,16897
63263,44672
63263,2820
63263,76214
63263,14531
63263,16081
63263,48721
63263,97386
63263,46099
63263,54361
63263,84786
63263,66326
63263,43875
63263,98151
63263,50886
63263,46061
63263,65271
63263,92548
63263,30860
63263,17740
63263,49679
63263,22807
63263,91223
63263,1608
63263,34924
63263,14421
63263,63112
63263,80999
63263,43003
63263,33181
63263,32541
63263,98615
63263,71128
63263,87269
63263,15889
63263,28495
63263,113
63263,48391
63263,7021
63263,15718
63263,84595
63263,59063
63263,91374
63263,63663
63263,49424
63263,70511
63263,59114
63263,24353
63263,85606
63263,59338
63263,84822
63263,72364
63263,86997
63263,82814
63263,95970
63263,64757
63263,60670
63263,34016
63263,21036
63263,21947
63263,75444
63263,14425
63263,53770
63263,88953
63263,86161
63263,87379
63263,9053
63263,47187
63263,73704
63263,59817
63263,78675
63263,39888
63263,95853
63263,28136
63263,15956
63263,76327
63263,78995
63263,6856
63263,85542
63263,8796
63263,19147
63263,9239
63263,29040
63263,12237
63263,82703
63263,50307
63263,13613
63263,17354
63263,57782
63263,43746
63263,77942
63263,67009
63263,63777
63263,6463
63263,78177
63263,59844
63263,37106
63263,92503
63263,60228
63263,8536
63263,29704
63263,76145
63263,33196
63263,72270
63263,7536
63263,74722
63263,18841
63263,61238
63263,6374
63263,84135
63263,96402
63263,74176
63263,69661
63263,29290
63263,9835
63263,79138
63263,42982
63263,31910
63263,2677
63263,41543
63263,65334
63263,86447
63263,63531
63263,37022
63263,91043
63263,53056
63263,19794
63263,95180
63263,66677
63263,51334
63263,5062
63263,33252
63263,7197
63263,97957
82700,53926
82700,94649
82700,91845
82700,29759
82700,2126
82700,81015
82700,87781
82700,1795
82700,36162
82700,24848
82700,3193
82700,60090
82700,3617
82700,62803
82700,10079
82700,23385
82700,63014
82700,29628
82700,16081
82700,13512
82700,81497
82700,27522
82700,64747
82700,65472
82700,16722
82700,91832
82700,72188
82700,71128
82700,89459
82700,24234
82700,59063
82700,48430
82700,85606
82700,9031
82700,26761
82700,39501
82700,83902
82700,27266
82700,48745
82700,85262
82700,57782
82700,94202
82700,62224
82700,24497
82700,10353
82700,44244
82700,18882
82700,17736
82700,3913
82700,67921
82700,52708
82700,21831
82700,37022
82700,52638
82700,80572
82700,65114
82700,20515
82700,10958
82700,30776
82700,52110
27203,84844
27203,39885
27203,70994
27203,94791
27203,28620
27203,90965
27203,84230
27203,99710
27203,79668
27203,32818
27203,63867
27203,14210
27203,37624
27203,61726
27203,59135
27203,72594
27203,64451
27203,66638
27203,83129
27203,91713
27203,30965
27203,92369
27203,46159
27203,39983
27203,38578
27203,79095
27203,87781
27203,95763
27203,59176
27203,8287
27203,46068
27203,1795
27203,35573
27203,58424
27203,47260
27203,6510
27203,69995
27203,60388
27203,82315
27203,24848
27203,22340
27203,11153
27203,92155
27203,65538
27203,78428
27203,65681
27203,30083
27203,51055
27203,11125
27203,2418
27203,26405
27203,86807
27203,89624
27203,83365
27203,3003
27203,13914
27203,63866
27203,16081
27203,47066
27203,28110
27203,65304
27203,63951
27203,42451
27203,74853
27203,9915
27203,13875
27203,41019
27203,7315
27203,85851
27203,84441
27203,6
27203,82969
27203,42102
27203,64775
27203,86289
27203,21230
27203,17740
27203,23594
27203,91223
27203,85293
27203,23525
27203,62153
27203,27199
27203,74365
27203,83163
27203,91832
27203,43003
27203,65432
27203,58876
27203,34523
27203,80321
27203,82093
27203,31024
27203,87269
27203,28495
27203,53881
27203,4177
27203,75920
27203,29822
27203,96472
27203,40753
27203,44313
27203,42635
27203,34808
27203,16425
27203,63663
27203,47003
27203,49424
27203,70511
27203,87941
27203,50883
27203,98521
27203,26261
27203,81927
27203,59338
27203,86997
27203,53695
27203,82814
27203,58951
27203,37212
27203,61309
27203,8669
27203,91314
27203,96149
27203,60670
27203,21036
27203,76900
27203,11733
27203,4272
27203,55319
27203,1349
27203,26761
27203,55587
27203,9053
27203,73704
27203,53495
27203,14240
27203,92622
27203,20149
27203,26074
27203,8982
27203,71569
27203,76793
27203,76327
27203,56747
27203,3
27203,82703
27203,6815
27203,79067
27203,31580
27203,4027
27203,45185
27203,7025
27203,43746
27203,94730
27203,90275
27203,61573
27203,60730
27203,62224
27203,67009
27203,45770
27203,68857
27203,67747
27203,21855
27203,78177
27203,75529
27203,4312
27203,72598
27203,17736
27203,77844
27203,52708
27203,56489
27203,51097
27203,61238
27203,84135
27203,92100
27203,28282
27203,20445
27203,88089
27203,79138
27203,33450
27203,97754
27203,85617
27203,2677
27203,35093
27203,37735
27203,24072
27203,99757
27203,95796
27203,73409
27203,18064
27203,86447
27203,9169
27203,90650
27203,16219
27203,75733
27203,89967
27203,35079
27203,46196
27203,5062
27203,94637
27203,652
27203,59530
81214,84844
81214,1064
81214,39243
81214,46602
81214,94791
81214,53926
81214,17253
81214,99710
81214,53643
81214,57372
81214,6420
81214,37605
81214,96311
81214,29838
81214,37711
81214,65887
81214,40029
81214,98122
81214,22551
81214,37624
81214,94916
81214,79650
81214,3545
81214,91713
81214,30965
81214,39824
81214,53548
81214,20460
81214,50802
81214,64417
81214,8013
81214,50136
81214,74059
81214,76581
81214,48196
81214,1795
81214,62725
81214,50015
81214,50426
81214,36866
81214,24848
81214,73733
81214,11153
81214,65681
81214,78373
81214,39491
81214,11125
81214,3193
81214,40875
81214,22620
81214,7697
81214,64607
81214,47172
81214,69711
81214,16897
81214,39301
81214,62707
81214,44672
81214,63866
81214,29628
81214,90375
81214,14531
81214,18765
81214,30614
81214,6262
81214,5949
81214,63951
81214,54361
81214,39863
81214,30205
81214,42451
81214,1862
81214,65271
81214,93016
81214,27254
81214,42102
81214,81497
81214,90997
81214,23594
81214,70282
81214,92866
81214,24548
81214,78229
81214,57494
81214,65472
81214,74365
81214,36838
81214,75147
81214,46692
81214,79278
81214,80999
81214,43003
81214,65432
81214,18030
81214,32541
81214,37195
81214,4177
81214,84595
81214,91374
81214,16425
81214,25316
81214,26261
81214,85606
81214,19152
81214,29982
81214,37212
81214,61309
81214,9031
81214,64757
81214,58660
81214,11766
81214,42819
81214,26544
81214,21947
81214,86161
81214,47187
81214,41473
81214,39501
81214,39888
81214,74988
81214,70254
81214,69725
81214,21334
81214,30846
81214,12104
81214,38798
81214,10513
81214,84083
81214,99290
81214,28714
81214,50519
81214,6927
81214,13613
81214,78665
81214,43746
81214,51956
81214,60730
81214,36956
81214,11038
81214,68857
81214,48609
81214,63620
81214,1674
81214,75529
81214,59844
81214,3101
81214,37106
81214,92503
81214,8536
81214,93507
81214,55184
81214,16758
81214,82993
81214,49942
81214,69125
81214,5059
81214,61238
81214,55334
81214,18445
81214,58681
81214,92100
81214,33249
81214,18218
81214,38591
81214,29290
81214,88486
81214,62826
81214,35093
81214,4809
81214,16216
81214,27660
81214,65334
81214,18064
81214,13373
81214,53352
81214,36323
81214,9320
81214,73539
81214,91043
81214,90650
81214,19794
81214,80572
81214,95180
81214,20515
81214,46196
81214,94637
81214,49307
81214,74088
81214,33252
81214,44128
12982,84844
12982,12376
12982,97522
12982,50797
12982,70994
12982,73918
12982,99710
12982,53643
12982,57372
12982,25155
12982,37711
12982,63867
12982,14613
12982,49558
12982,88731
12982,2126
12982,94916
12982,59135
12982,8980
12982,81332
12982,43092
12982,44305
12982,3545
12982,22517
12982,72594
12982,87810
12982,55515
12982,49372
12982,51625
12982,46461
12982,69427
12982,87781
12982,10564
12982,76581
12982,48196
12982,26312
12982,58914
12982,87765
12982,69995
12982,58245
12982,73798
12982,78428
12982,70782
12982,39274
12982,60090
12982,3617
12982,62803
12982,68169
12982,10079
12982,64607
12982,47172
12982,63014
12982,94556
12982,16897
12982,44672
12982,2820
12982,13148
12982,29628
12982,474
12982,80519
12982,49195
12982,30614
12982,36215
12982,16081
12982,89332
12982,48721
12982,97386
12982,92882
12982,51431
12982,54361
12982,71346
12982,70954
12982,84786
12982,30205
12982,9915
12982,63871
12982,7315
12982,92655
12982,1332
12982,25460
12982,17740
12982,74600
12982,91223
12982,62153
12982,65472
12982,84059
12982,99057
12982,92236
12982,83163
12982,7926
12982,36854
12982,21092
12982,19451
12982,80999
12982,91832
12982,43003
12982,53082
12982,72188
12982,51810
12982,11158
12982,34523
12982,66075
12982,36891
12982,31024
12982,98615
12982,40584
12982,81052
12982,12242
12982,25706
12982,94363
12982,28495
12982,53881
12982,37195
12982,12138
12982,7021
12982,96472
12982,44313
12982,97287
12982,63663
12982,68416
12982,37512
12982,63042
12982,70511
12982,56254
12982,85606
12982,59338
12982,19152
12982,29982
12982,79834
12982,6525
12982,60670
12982,34016
12982,11766
12982,21036
12982,42819
12982,95408
12982,5943
12982,21947
12982,11733
12982,14425
12982,39351
12982,55639
12982,87456
12982,59113
12982,81743
12982,59817
12982,39501
12982,78675
12982,63297
12982,93464
12982,48302
12982,71569
12982,15956
12982,99173
12982,26638
12982,69725
12982,30846
12982,44348
12982,83902
12982,56359
12982,19147
12982,63028
12982,43946
12982,79589
12982,13613
12982,51956
12982,71663
12982,20130
12982,94202
12982,77942
12982,61326
12982,11038
12982,4925
12982,76147
12982,18882
12982,12599
12982,78591
12982,72568
12982,90546
12982,55184
12982,67921
12982,45506
12982,7536
12982,56407
12982,55334
12982,58681
12982,38591
12982,39993
12982,33450
12982,61825
12982,97567
12982,65163
12982,97754
12982,84551
12982,16216
12982,27660
12982,52703
12982,95796
12982,65334
12982,82704
12982,37022
12982,36323
12982,42374
12982,9169
12982,53056
12982,80572
12982,90085
12982,89096
12982,5062
12982,80686
12982,64597
12982,10958
12982,33470
12982,97957
2514,84844
2514,2885
2514,6420
2514,37711
2514,61726
2514,50306
2514,7612
2514,25310
2514,79095
2514,38932
2514,29210
2514,58914
2514,42452
2514,73445
2514,60090
2514,22620
2514,80519
2514,39863
2514,50886
2514,38505
2514,74600
2514,3924
2514,99057
2514,65432
2514,88950
2514,96472
2514,47003
2514,49424
2514,47292
2514,86997
2514,46828
2514,6816
2514,60670
2514,14425
2514,15566
2514,73704
2514,39501
2514,95853
2514,6594
2514,15956
2514,99173
2514,44348
2514,58617
2514,64966
2514,12407
2514,10353
2514,75529
2514,85225
2514,93507
2514,69125
2514,43081
2514,40557
2514,69661
2514,79138
2514,39993
2514,84551
2514,16291
2514,65334
2514,52638
2514,80572
2514,66677
2514,68532
2514,94637
2514,74088
2514,33470
81112,54084
81112,41477
81112,12999
81112,53926
81112,28680
81112,37711
81112,15989
81112,49558
81112,40029
81112,98122
81112,20082
81112,87030
81112,3545
81112,77939
81112,22517
81112,66638
81112,70434
81112,49372
81112,46159
81112,46461
81112,10520
81112,10564
81112,50136
81112,74059
81112,5957
81112,68556
81112,1795
81112,69995
81112,54857
81112,73798
81112,9150
81112,51055
81112,62803
81112,26405
81112,7697
81112,64607
81112,43461
81112,26030
81112,29628
81112,28429
81112,90375
81112,84786
81112,13875
81112,48244
81112,3086
81112,19897
81112,81497
81112,26935
81112,48489
81112,96691
81112,19451
81112,91832
81112,87269
81112,28495
81112,48898
81112,59063
81112,59054
81112,16425
81112,3793
81112,49424
81112,68416
81112,37512
81112,59114
81112,87941
81112,81927
81112,55814
81112,85606
81112,58660
81112,47881
81112,21036
81112,62943
81112,14765
81112,4272
81112,39351
81112,14240
81112,29682
81112,36296
81112,93464
81112,14299
81112,78995
81112,44348
81112,56359
81112,64039
81112,27266
81112,45925
81112,79067
81112,48745
81112,78665
81112,57782
81112,12407
81112,24497
81112,22436
81112,44244
81112,1674
81112,18882
81112,37106
81112,69125
81112,74722
81112,56407
81112,6374
81112,84135
81112,58681
81112,32176
81112,28112
81112,17185
81112,28282
81112,85038
81112,92282
81112,65334
81112,86447
81112,63531
81112,37022
81112,90650
81112,19794
81112,51334
81112,85528
81112,97957
46768,97522
46768,90965
46768,84230
46768,99710
46768,96311
46768,70434
46768,69427
46768,49983
46768,48196
46768,47260
46768,42452
46768,39491
46768,62803
46768,64607
46768,72277
46768,16081
46768,1862
46768,6
46768,57494
46768,27455
46768,19091
46768,81052
46768,61524
46768,48391
46768,24234
46768,70511
46768,13122
46768,9031
46768,8669
46768,10042
46768,72410
46768,5943
46768,36851
46768,16012
46768,11775
46768,49068
46768,29682
46768,26074
46768,99173
46768,42987
46768,30846
46768,78374
46768,58159
46768,70679
46768,58617
46768,76511
46768,22436
46768,85225
46768,76145
46768,92100
46768,79102
46768,65896
46768,85617
46768,27660
46768,10424
46768,91319
46768,35240
46768,89642
46768,90085
46768,75733
46768,90808
46768,74888
46768,1711
47776,12376
47776,39243
47776,50797
47776,94791
47776,69909
47776,84230
47776,73918
47776,99710
47776,11003
47776,28680
47776,25155
47776,65887
47776,29759
47776,36078
47776,73945
47776,22551
47776,37624
47776,83129
47776,55515
47776,1503
47776,39824
47776,70392
47776,53548
47776,69427
47776,78355
47776,25310
47776,38335
47776,43652
47776,48196
47776,58424
47776,60979
47776,58914
47776,59292
47776,76017
47776,50015
47776,42452
47776,73445
47776,24848
47776,60211
47776,39080
47776,41435
47776,51846
47776,28105
47776,88776
47776,51710
47776,51678
47776,43461
47776,97872
47776,16897
47776,51855
47776,39301
47776,62707
47776,28429
47776,80519
47776,30614
47776,6262
47776,48721
47776,71870
47776,39863
47776,30205
47776,42451
47776,98151
47776,84441
47776,30860
47776,19897
47776,24548
47776,78229
47776,64747
47776,43175
47776,97475
47776,48489
47776,84059
47776,63112
47776,28928
47776,80887
47776,36838
47776,54129
47776,7926
47776,99162
47776,21092
47776,53082
47776,4071
47776,65746
47776,58876
47776,11158
47776,19091
47776,24070
47776,15889
47776,88161
47776,113
47776,12138
47776,7021
47776,84595
47776,97287
47776,16425
47776,63663
47776,68416
47776,73295
47776,70511
47776,87941
47776,71951
47776,55814
47776,96507
47776,85606
47776,69465
47776,67349
47776,53695
47776,58951
47776,79834
47776,8669
47776,91314
47776,68658
47776,82847
47776,47212
47776,72929
47776,79870
47776,21036
47776,42819
47776,26544
47776,5943
47776,21947
47776,14765
47776,75444
47776,39383
47776,93735
47776,88953
47776,72659
47776,28935
47776,39501
47776,29682
47776,36296
47776,90219
47776,80842
47776,26074
47776,95853
47776,95995
47776,42987
47776,78995
47776,6856
47776,8796
47776,58159
47776,83902
47776,64039
47776,27266
47776,9239
47776,79589
47776,13613
47776,17354
47776,28799
47776,81307
47776,62224
47776,79515
47776,12333
47776,10353
47776,22436
47776,63620
47776,96932
47776,59844
47776,4232
47776,78591
47776,86833
47776,76145
47776,3913
47776,90546
47776,33196
47776,55184
47776,34076
47776,56489
47776,1829
47776,18841
47776,6374
47776,62851
47776,92100
47776,18218
47776,9835
47776,87993
47776,8697
47776,88486
47776,21831
47776,97754
47776,99757
47776,16216
47776,52703
47776,10424
47776,65334
47776,18064
47776,82704
47776,93387
47776,64575
47776,52638
47776,91043
47776,53056
47776,90085
47776,88311
47776,17930
47776,66677
47776,10059
47776,1318
47776,10958
47776,30776
47776,74888
47776,59530
47776,97957
56531,54084
56531,41477
56531,39243
56531,39885
56531,46602
56531,70994
56531,73918
56531,6420
56531,96311
56531,91845
56531,14613
56531,73945
56531,84178
56531,50306
56531,72594
56531,34874
56531,66638
56531,83129
56531,81015
56531,46461
56531,53548
56531,79095
56531,38932
56531,88384
56531,50015
56531,22340
56531,60211
56531,11153
56531,9150
56531,65538
56531,39080
56531,39491
56531,46431
56531,39274
56531,2418
56531,7697
56531,58143
56531,43461
56531,8309
56531,50055
56531,44582
56531,82739
56531,62707
56531,63866
56531,3228
56531,90375
56531,78983
56531,80519
56531,49195
56531,6262
56531,36215
56531,47722
56531,8862
56531,71870
56531,80996
56531,20562
56531,70954
56531,30205
56531,74853
56531,31336
56531,62905
56531,96678
56531,85293
56531,57494
56531,2500
56531,88855
56531,97475
56531,34924
56531,84059
56531,3924
56531,36838
56531,19487
56531,83163
56531,21092
56531,91832
56531,43003
56531,72188
56531,27455
56531,65664
56531,19091
56531,36891
56531,82093
56531,86538
56531,45216
56531,32541
56531,40584
56531,24070
56531,22110
56531,87269
56531,12242
56531,25706
56531,88161
56531,88950
56531,53881
56531,48898
56531,75920
56531,59054
56531,40753
56531,34808
56531,47003
56531,37512
56531,87941
56531,41743
56531,26261
56531,96507
56531,74421
56531,47292
56531,59338
56531,19152
56531,86997
56531,61309
56531,89757
56531,47212
56531,15096
56531,34016
56531,95408
56531,21947
56531,53770
56531,55639
56531,26761
56531,87379
56531,47187
56531,39501
56531,78675
56531,39888
56531,26618
56531,26074
56531,30170
56531,6594
56531,15956
56531,2997
56531,74988
56531,87505
56531,84622
56531,21334
56531,30846
56531,78374
56531,85542
56531,8796
56531,58159
56531,66626
56531,84083
56531,3
56531,19147
56531,73973
56531,7339
56531,50519
56531,9239
56531,48745
56531,44949
56531,43746
56531,59783
56531,81307
56531,94202
56531,12407
56531,62224
56531,67009
56531,21683
56531,36956
56531,24497
56531,63620
56531,1674
56531,75529
56531,18882
56531,57242
56531,8536
56531,93507
56531,17736
56531,76145
56531,33196
56531,45506
56531,52708
56531,10188
56531,60549
56531,66713
56531,18445
56531,57589
56531,92100
56531,13278
56531,82741
56531,79102
56531,33249
56531,39058
56531,20762
56531,42982
56531,65163
56531,97754
56531,18808
56531,24072
56531,41543
56531,85038
56531,16291
56531,10424
56531,73409
56531,65334
56531,30692
56531,93387
56531,61976
56531,52638
56531,7137
56531,90650
56531,46196
56531,697
56531,94637
56531,652
56531,33470
56531,7197
17507,1064
17507,90965
17507,74649
17507,96311
17507,91845
17507,2126
17507,61726
17507,10428
17507,30965
17507,36458
17507,78355
17507,24302
17507,48196
17507,9150
17507,62803
17507,44043
17507,2820
17507,30614
17507,29884
17507,62153
17507,31024
17507,97287
17507,37654
17507,85606
17507,8669
17507,47212
17507,5943
17507,53770
17507,47820
17507,1349
17507,37840
17507,27266
17507,50519
17507,6815
17507,85262
17507,94202
17507,12407
17507,22436
17507,48609
17507,63620
17507,78591
17507,61238
17507,49957
17507,79138
17507,97567
17507,52703
17507,13373
17507,82704
17507,52638
17507,13395
17507,47458
17507,30776
19072,54084
19072,41477
19072,2885
19072,46602
19072,90965
19072,17253
19072,57372
19072,695
19072,37711
19072,63867
19072,14613
19072,98122
19072,22551
19072,59135
19072,43092
19072,7612
19072,72594
19072,34874
19072,87810
19072,64451
19072,66638
19072,55515
19072,1503
19072,91713
19072,30965
19072,82241
19072,39983
19072,11960
19072,25310
19072,59176
19072,10564
19072,89592
19072,10563
19072,26312
19072,62725
19072,59292
19072,69995
19072,54857
19072,82315
19072,73445
19072,78373
19072,11125
19072,78824
19072,3617
19072,26405
19072,89624
19072,26030
19072,39301
19072,44672
19072,27671
19072,13148
19072,14531
19072,30614
19072,6262
19072,34053
19072,63951
19072,68964
19072,39863
19072,42451
19072,66501
19072,98151
19072,50886
19072,46061
19072,48244
19072,65271
19072,13512
19072,97323
19072,3086
19072,34524
19072,86289
19072,96678
19072,17740
19072,23594
19072,57494
19072,2500
19072,84059
19072,99057
19072,99162
19072,21092
19072,79278
19072,4071
19072,18030
19072,29358
19072,82093
19072,32541
19072,71128
19072,94363
19072,34808
19072,49424
19072,63042
19072,59114
19072,50883
19072,47292
19072,58951
19072,37212
19072,89757
19072,58660
19072,60670
19072,21036
19072,5943
19072,11733
19072,39383
19072,47820
19072,9053
19072,47187
19072,73704
19072,90219
19072,80842
19072,63297
19072,62293
19072,14299
19072,48302
19072,71569
19072,2997
19072,87505
19072,84622
19072,38211
19072,10513
19072,19147
19072,18165
19072,28714
19072,27266
19072,6927
19072,79589
19072,31580
19072,13613
19072,78665
19072,61573
19072,64317
19072,94202
19072,61326
19072,6463
19072,57242
19072,17736
19072,40938
19072,82993
19072,77844
19072,52708
19072,7536
19072,1829
19072,56407
19072,82741
19072,39310
19072,28282
19072,74594
19072,21831
19072,84551
19072,24072
19072,16291
19072,92282
19072,18064
19072,99454
19072,35240
19072,9169
19072,61976
19072,1318
19072,697
19072,94637
19072,30776
19072,80200
23918,12376
23918,2885
23918,94791
23918,94649
23918,53643
23918,14613
23918,43735
23918,37624
23918,94916
23918,10428
23918,83129
23918,70434
23918,36458
23918,87781
23918,38335
23918,64417
23918,8287
23918,46068
23918,48196
23918,58424
23918,60979
23918,88384
23918,62725
23918,51846
23918,51055
23918,39491
23918,51451
23918,77441
23918,70782
23918,78824
23918,26165
23918,87239
23918,64607
23918,69711
23918,44582
23918,7685
23918,6262
23918,29884
23918,5949
23918,51431
23918,1862
23918,66501
23918,13875
23918,41019
23918,7315
23918,30719
23918,2500
23918,72188
23918,27455
23918,12242
23918,61524
23918,53881
23918,37195
23918,7021
23918,24234
23918,59054
23918,50883
23918,85606
23918,58951
23918,9031
23918,15096
23918,34016
23918,11766
23918,72410
23918,14425
23918,88953
23918,15566
23918,87456
23918,71569
23918,18845
23918,99173
23918,26638
23918,97247
23918,78374
23918,85542
23918,38798
23918,58617
23918,66626
23918,76511
23918,64039
23918,18165
23918,27266
23918,7339
23918,61025
23918,78665
23918,28799
23918,61573
23918,57967
23918,24497
23918,10692
23918,75529
23918,73386
23918,8536
23918,93507
23918,76145
23918,3913
23918,7536
23918,74722
23918,61238
23918,58681
23918,32176
23918,13278
23918,33249
23918,69661
23918,65896
23918,88089
23918,29290
23918,79138
23918,84551
23918,24072
23918,18064
23918,30692
23918,13395
23918,19794
23918,89642
23918,90085
23918,89967
23918,5062
23918,33470
23918,44128
23918,7197
71514,53926
71514,84230
71514,94649
71514,99710
71514,11003
71514,79668
71514,28680
71514,65887
71514,36078
71514,16021
71514,44305
71514,66638
71514,92369
71514,39983
71514,10520
71514,50802
71514,58424
71514,60979
71514,69995
71514,22340
71514,9150
71514,41190
71514,4731
71514,26165
71514,2418
71514,13748
71514,58143
71514,43461
71514,94556
71514,26030
71514,82739
71514,16897
71514,27671
71514,90375
71514,474
71514,67649
71514,14531
71514,29884
71514,89332
71514,48721
71514,71870
71514,94560
71514,70954
71514,39863
71514,50886
71514,3086
71514,86289
71514,92866
71514,24548
71514,22807
71514,57494
71514,43175
71514,26935
71514,16722
71514,74365
71514,7926
71514,18674
71514,72188
71514,98615
71514,87269
71514,12242
71514,61524
71514,96472
71514,42723
71514,3793
71514,37512
71514,87941
71514,98521
71514,26261
71514,46828
71514,67349
71514,95970
71514,9031
71514,58660
71514,72929
71514,26544
71514,13968
71514,55319
71514,55639
71514,26761
71514,86161
71514,73704
71514,39888
71514,47884
71514,80842
71514,48302
71514,3588
71514,76793
71514,74988
71514,44976
71514,30846
71514,97247
71514,6856
71514,56747
71514,44348
71514,36422
71514,76511
71514,18165
71514,10343
71514,37372
71514,70600
71514,6815
71514,38589
71514,13613
71514,44949
71514,28799
71514,23664
71514,57967
71514,77942
71514,67009
71514,10692
71514,48609
71514,1674
71514,37787
71514,4312
71514,98306
71514,73386
71514,72568
71514,62789
71514,97900
71514,8536
71514,72598
71514,76145
71514,33196
71514,16758
71514,72270
71514,49942
71514,34076
71514,7536
71514,1829
71514,11238
71514,5059
71514,62851
71514,84135
71514,32176
71514,79102
71514,28112
71514,39058
71514,17185
71514,29290
71514,9835
71514,74594
71514,42982
71514,97567
71514,37735
71514,99473
71514,30568
71514,96211
71514,16291
71514,86447
71514,30692
71514,9169
71514,61976
71514,91043
71514,19794
71514,89096
71514,89967
71514,39496
71514,35079
71514,51334
71514,46196
71514,85528
71514,30776
71514,74088
71514,52110
71514,44128
18761,94791
18761,69909
18761,57372
18761,695
18761,37605
18761,37711
18761,65887
18761,29759
18761,14613
18761,2126
18761,14210
18761,84178
18761,79650
18761,8980
18761,50306
18761,43092
18761,3545
18761,95607
18761,22517
18761,72594
18761,1503
18761,39824
18761,49372
18761,46159
18761,69427
18761,39079
18761,78355
18761,38335
18761,50802
18761,49983
18761,10563
18761,5957
18761,48196
18761,1795
18761,58424
18761,60979
18761,7959
18761,72149
18761,59292
18761,87765
18761,76017
18761,60388
18761,50015
18761,82315
18761,36866
18761,41435
18761,41190
18761,51451
18761,46431
18761,77441
18761,70782
18761,3193
18761,62803
18761,2418
18761,10079
18761,66992
18761,50055
18761,44582
18761,13914
18761,30883
18761,90375
18761,474
18761,72277
18761,78983
18761,17936
18761,36215
18761,16081
18761,48721
18761,5949
18761,51431
18761,68964
18761,74853
18761,9915
18761,34274
18761,62905
18761,85851
18761,84441
18761,13512
18761,3086
18761,27254
18761,30860
18761,25460
18761,24548
18761,64747
18761,22807
18761,2500
18761,23525
18761,26935
18761,62153
18761,97475
18761,14421
18761,74365
18761,21793
18761,14290
18761,54129
18761,99057
18761,7926
18761,21092
18761,91832
18761,43003
18761,18030
18761,34523
18761,66075
18761,80321
18761,82093
18761,86538
18761,22110
18761,89459
18761,25706
18761,88950
18761,48898
18761,84595
18761,24234
18761,44313
18761,47003
18761,37512
18761,26261
18761,81927
18761,55814
18761,20079
18761,46828
18761,82814
18761,95970
18761,68658
18761,10042
18761,96149
18761,82847
18761,11766
18761,42819
18761,26544
18761,62943
18761,36851
18761,13968
18761,11733
18761,16012
18761,11775
18761,1349
18761,86161
18761,72659
18761,37840
18761,53495
18761,59817
18761,90219
18761,70167
18761,70254
18761,26638
18761,42987
18761,78995
18761,30846
18761,6856
18761,30481
18761,58159
18761,76511
18761,56359
18761,19147
18761,6927
18761,79589
18761,13613
18761,43746
18761,51956
18761,57967
18761,12407
18761,62224
18761,77942
18761,61326
18761,67009
18761,79515
18761,68857
18761,10353
18761,22436
18761,44244
18761,67747
18761,63620
18761,6463
18761,76147
18761,85225
18761,78591
18761,37106
18761,97900
18761,8536
18761,29704
18761,3913
18761,90546
18761,74499
18761,82993
18761,77844
18761,52708
18761,7536
18761,1829
18761,11238
18761,56407
18761,61238
18761,92100
18761,18218
18761,17185
18761,38591
18761,45696
18761,61825
18761,97754
18761,18808
18761,41543
18761,96211
18761,16216
18761,18064
18761,82704
18761,9320
18761,52638
18761,19794
18761,90085
18761,65114
18761,697
18761,80686
18761,74088
49037,84844
49037,46602
49037,70994
49037,28620
49037,53926
49037,69909
49037,99322
49037,17253
49037,25155
49037,37711
49037,91845
49037,14613
49037,88731
49037,40029
49037,84178
49037,59135
49037,3545
49037,77939
49037,3805
49037,72594
49037,10428
49037,66638
49037,83129
49037,30965
49037,79095
49037,59176
49037,10564
49037,76581
49037,65268
49037,8287
49037,47260
49037,50015
49037,50426
49037,65681
49037,78373
49037,41190
49037,39491
49037,22648
49037,4731
49037,40875
49037,78824
49037,51710
49037,13748
49037,64607
49037,26030
49037,83365
49037,63866
49037,98684
49037,30883
49037,17936
49037,49612
49037,47722
49037,47066
49037,28110
49037,63951
49037,51431
49037,80996
49037,68964
49037,66326
49037,41019
49037,6346
49037,92655
49037,30860
49037,30719
49037,86289
49037,27522
49037,70282
49037,78229
49037,22799
49037,57494
49037,97475
49037,34924
49037,16722
49037,84059
49037,14421
49037,27199
49037,80887
49037,99057
49037,18674
49037,65432
49037,4071
49037,54974
49037,29358
49037,36891
49037,82093
49037,45216
49037,24070
49037,71128
49037,81052
49037,1198
49037,94363
49037,28495
49037,113
49037,48391
49037,7021
49037,24234
49037,96472
49037,40753
49037,49424
49037,37512
49037,70511
49037,87941
49037,13122
49037,66004
49037,55814
49037,13705
49037,74421
49037,9031
49037,8669
49037,91314
49037,54466
49037,10042
49037,82847
49037,47881
49037,52905
49037,82639
49037,11766
49037,72410
49037,5943
49037,4272
49037,55319
49037,14425
49037,11775
49037,93735
49037,1349
49037,72659
49037,47187
49037,73704
49037,37840
49037,59113
49037,39888
49037,47884
49037,62293
49037,18845
49037,58578
49037,87505
49037,95265
49037,42923
49037,56747
49037,30481
49037,44348
49037,58159
49037,10513
49037,83902
49037,64039
49037,37372
49037,9239
49037,29040
49037,12237
49037,82703
49037,6815
49037,48745
49037,57782
49037,94730
49037,94202
49037,12407
49037,77942
49037,21683
49037,24497
49037,10692
49037,45770
49037,11038
49037,22436
49037,67747
49037,1674
49037,8536
49037,17736
49037,76145
49037,33196
49037,55184
49037,40938
49037,72270
49037,52708
49037,66713
49037,84135
49037,58681
49037,13278
49037,43081
49037,18218
49037,20445
49037,29290
49037,998
49037,31910
49037,35093
49037,84551
49037,65334
49037,13373
49037,82704
49037,30692
49037,36323
49037,42374
49037,9169
49037,78277
49037,19794
49037,88311
49037,17930
49037,75733
49037,65114
49037,90808
49037,94637
49037,74888
49037,52110
49037,59530
49037,7197
2478,84844
2478,12376
2478,97522
2478,39243
2478,28620
2478,53926
2478,90965
2478,73918
2478,17253
2478,99710
2478,96311
2478,29838
2478,37711
2478,40029
2478,73945
2478,37624
2478,50306
2478,81332
2478,3545
2478,7612
2478,64451
2478,83129
2478,91713
2478,30965
2478,49372
2478,46159
2478,11960
2478,79095
2478,87781
2478,38335
2478,50136
2478,38932
2478,22048
2478,68556
2478,47260
2478,29210
2478,62725
2478,87765
2478,76017
2478,60388
2478,50015
2478,50426
2478,54857
2478,73798
2478,60211
2478,39080
2478,51846
2478,65681
2478,30083
2478,41190
2478,62803
2478,2418
2478,10079
2478,23385
2478,58143
2478,43461
2478,97872
2478,50055
2478,69711
2478,44582
2478,16897
2478,63866
2478,76214
2478,29628
2478,72277
2478,78983
2478,80519
2478,18765
2478,6262
2478,47722
2478,89332
2478,46099
2478,8862
2478,92882
2478,63951
2478,51431
2478,94560
2478,84786
2478,30205
2478,34274
2478,98151
2478,48244
2478,38505
2478,92548
2478,27254
2478,30719
2478,86289
2478,19897
2478,49679
2478,2500
2478,1608
2478,97475
2478,63112
2478,21793
2478,96691
2478,14290
2478,80887
2478,36838
2478,19487
2478,18674
2478,21092
2478,80999
2478,72188
2478,65432
2478,4071
2478,27455
2478,65664
2478,51810
2478,11158
2478,29358
2478,36891
2478,31024
2478,86538
2478,24070
2478,71128
2478,12242
2478,1198
2478,61524
2478,88161
2478,113
2478,12138
2478,15718
2478,75920
2478,59054
2478,34808
2478,37654
2478,47003
2478,68416
2478,37512
2478,48430
2478,71951
2478,66004
2478,55814
2478,96507
2478,13705
2478,74421
2478,86997
2478,69465
2478,95970
2478,61309
2478,64757
2478,58660
2478,68658
2478,18276
2478,82847
2478,57173
2478,60670
2478,15096
2478,95408
2478,76900
2478,11733
2478,16012
2478,65295
2478,1349
2478,21026
2478,26761
2478,87379
2478,47187
2478,28935
2478,59817
2478,39501
2478,29682
2478,56529
2478,84280
2478,99792
2478,80842
2478,26074
2478,48302
2478,76793
2478,84622
2478,21334
2478,6856
2478,78374
2478,42923
2478,62837
2478,30481
2478,76511
2478,3
2478,56359
2478,7339
2478,13613
2478,78665
2478,7025
2478,24497
2478,44244
2478,48609
2478,2584
2478,75529
2478,37787
2478,4312
2478,85225
2478,29704
2478,3913
2478,33196
2478,49942
2478,10188
2478,69125
2478,74722
2478,58681
2478,92100
2478,13278
2478,39310
2478,18218
2478,48933
2478,9835
2478,74594
2478,79138
2478,42982
2478,97754
2478,31910
2478,90034
2478,2677
2478,30568
2478,16291
2478,65334
2478,82704
2478,35240
2478,89249
2478,30692
2478,37022
2478,36323
2478,64575
2478,9169
2478,52638
2478,91043
2478,53056
2478,78277
2478,89642
2478,88311
2478,17930
2478,32666
2478,10059
2478,39496
2478,652
2478,74088
2478,52110
2478,80200
2478,44128
47013,12999
47013,69909
47013,12361
47013,37711
47013,20082
47013,79650
47013,3545
47013,77939
47013,34874
47013,66638
47013,1272
47013,70392
47013,46461
47013,38578
47013,11960
47013,95763
47013,10564
47013,68556
47013,69995
47013,9150
47013,51846
47013,43461
47013,26030
47013,51855
47013,3228
47013,28429
47013,72277
47013,49612
47013,47066
47013,34053
47013,63951
47013,74853
47013,63871
47013,65271
47013,1332
47013,86289
47013,90997
47013,27522
47013,70282
47013,13285
47013,28928
47013,46692
47013,65664
47013,51810
47013,11158
47013,98615
47013,40584
47013,87269
47013,94363
47013,48898
47013,4177
47013,91374
47013,63663
47013,3793
47013,37512
47013,87941
47013,66004
47013,81927
47013,96507
47013,59338
47013,69465
47013,53695
47013,82814
47013,58951
47013,58660
47013,11766
47013,62943
47013,14765
47013,9076
47013,93735
47013,21026
47013,73704
47013,29682
47013,99792
47013,26638
47013,95265
47013,21334
47013,97247
47013,58159
47013,28714
47013,9239
47013,43946
47013,79067
47013,38589
47013,45185
47013,77841
47013,20130
47013,62224
47013,77942
47013,11038
47013,19851
47013,10353
47013,44244
47013,1674
47013,75529
47013,59844
47013,92503
47013,29704
47013,76145
47013,90546
47013,49942
47013,45506
47013,10188
47013,69125
47013,74722
47013,1829
47013,6374
47013,84135
47013,58681
47013,32176
47013,92100
47013,17185
47013,28282
47013,29290
47013,41543
47013,85038
47013,65334
47013,13373
47013,16219
47013,88311
47013,89096
47013,5062
47013,697
47013,33252
47013,80200
47013,59530
86521,65887
86521,14210
86521,59135
86521,3805
86521,87810
86521,30965
86521,46461
86521,38578
86521,95763
86521,69995
86521,41190
86521,77441
86521,13748
86521,83365
86521,2820
86521,3228
86521,49612
86521,29884
86521,97386
86521,34053
86521,43875
86521,65271
86521,21230
86521,43175
86521,26935
86521,97475
86521,16722
86521,4071
86521,45216
86521,28495
86521,91374
86521,3793
86521,24353
86521,59338
86521,58951
86521,79834
86521,93735
86521,47187
86521,73704
86521,84280
86521,47884
86521,8982
86521,28136
86521,21334
86521,6856
86521,44348
86521,99290
86521,78665
86521,68857
86521,22436
86521,48609
86521,59844
86521,16758
86521,72270
86521,52708
86521,62851
86521,17185
86521,61825
86521,85038
86521,9169
86521,91043
86521,90650
86521,89096
86521,697
86521,7197
99597,50797
99597,94649
99597,79668
99597,65887
99597,59135
99597,87030
99597,44305
99597,3805
99597,34874
99597,30965
99597,51625
99597,11960
99597,10563
99597,8287
99597,88384
99597,69995
99597,36162
99597,73798
99597,78373
99597,51055
99597,51451
99597,40875
99597,13748
99597,58143
99597,43461
99597,83365
99597,63866
99597,2820
99597,72277
99597,36215
99597,47066
99597,43875
99597,45177
99597,98151
99597,50886
99597,96678
99597,21230
99597,23594
99597,2500
99597,1608
99597,48489
99597,7926
99597,18674
99597,91832
99597,4071
99597,54974
99597,45216
99597,1198
99597,15889
99597,61524
99597,48898
99597,15718
99597,75920
99597,59054
99597,40753
99597,63663
99597,48756
99597,55814
99597,84822
99597,9031
99597,58660
99597,91314
99597,76900
99597,73704
99597,37840
99597,28935
99597,41473
99597,78675
99597,39888
99597,99792
99597,45841
99597,36296
99597,26074
99597,93464
99597,30170
99597,95853
99597,6594
99597,95995
99597,85542
99597,99290
99597,23664
99597,60730
99597,57967
99597,12407
99597,24497
99597,68857
99597,1674
99597,76147
99597,78177
99597,98306
99597,18882
99597,59844
99597,76145
99597,90546
99597,74499
99597,72270
99597,56489
99597,55334
99597,97567
99597,37735
99597,72466
99597,16291
99597,52703
99597,12515
99597,91043
99597,13395
99597,90650
99597,89096
99597,85528
99597,5062
99597,697
37618,54084
37618,39243
37618,70994
37618,90965
37618,17253
37618,99710
37618,14613
37618,88731
37618,98122
37618,20082
37618,81332
37618,95607
37618,3805
37618,1272
37618,51625
37618,95763
37618,49983
37618,10563
37618,5957
37618,65268
37618,8287
37618,47260
37618,7959
37618,76017
37618,50015
37618,54857
37618,57289
37618,51055
37618,39491
37618,4731
37618,11125
37618,29923
37618,68169
37618,62704
37618,58143
37618,43461
37618,44043
37618,3003
37618,50055
37618,44672
37618,28429
37618,72277
37618,18765
37618,6262
37618,89332
37618,80996
37618,68964
37618,70954
37618,39863
37618,30205
37618,66501
37618,7315
37618,92655
37618,92548
37618,3086
37618,1332
37618,57494
37618,2500
37618,97475
37618,3924
37618,96691
37618,80887
37618,21092
37618,54974
37618,29358
37618,80321
37618,81052
37618,87269
37618,12242
37618,48391
37618,4177
37618,59063
37618,34808
37618,49424
37618,68416
37618,73295
37618,62444
37618,13122
37618,56254
37618,50883
37618,96507
37618,48612
37618,20079
37618,46428
37618,82847
37618,9621
37618,34016
37618,72410
37618,42819
37618,95408
37618,14765
37618,75444
37618,11733
37618,65295
37618,9076
37618,15566
37618,49068
37618,87379
37618,37840
37618,59113
37618,56529
37618,30170
37618,6594
37618,8982
37618,15956
37618,44976
37618,26638
37618,42987
37618,30846
37618,97247
37618,78374
37618,42923
37618,62837
37618,27266
37618,9239
37618,29040
37618,79067
37618,13613
37618,85262
37618,44949
37618,7025
37618,90275
37618,71663
37618,36956
37618,68857
37618,22436
37618,44244
37618,48609
37618,1674
37618,98306
37618,85225
37618,78591
37618,3101
37618,17736
37618,40938
37618,82993
37618,72270
37618,49942
37618,7536
37618,18841
37618,51097
37618,55334
37618,18445
37618,79102
37618,28112
37618,17185
37618,84098
37618,88089
37618,79138
37618,21831
37618,85617
37618,18808
37618,16291
37618,12515
37618,95796
37618,65334
37618,18064
37618,35240
37618,30692
37618,37022
37618,61976
37618,52638
37618,19794
37618,90307
37618,90085
37618,75733
37618,39496
37618,1318
37618,85528
37618,697
37618,33252
37618,21236
37618,33470
37618,97957
29041,41477
29041,84230
29041,17253
29041,12361
29041,32818
29041,28680
29041,43561
29041,15989
29041,91845
29041,2126
29041,98122
29041,14340
29041,44305
29041,64416
29041,64451
29041,1503
29041,92369
29041,81015
29041,36458
29041,51625
29041,70392
29041,39079
29041,79095
29041,10564
29041,50802
29041,8013
29041,8287
29041,96937
29041,60979
29041,29210
29041,7959
29041,87765
29041,78373
29041,37570
29041,11125
29041,46431
29041,77441
29041,2418
29041,62704
29041,58143
29041,44043
29041,89624
29041,69711
29041,97893
29041,82739
29041,62707
29041,7685
29041,91
29041,16081
29041,47722
29041,47066
29041,12812
29041,39863
29041,42451
29041,74853
29041,45177
29041,50886
29041,46061
29041,85851
29041,6
29041,13512
29041,42102
29041,86289
29041,96678
29041,64747
29041,22807
29041,43175
29041,97475
29041,14421
29041,74365
29041,3924
29041,51181
29041,7926
29041,80999
29041,53082
29041,65746
29041,54974
29041,18030
29041,29358
29041,80321
29041,82093
29041,40584
29041,81052
29041,87269
29041,12242
29041,12138
29041,75920
29041,96472
29041,59054
29041,47003
29041,70511
29041,56254
29041,50883
29041,81927
29041,47292
29041,59338
29041,53695
29041,95970
29041,79834
29041,6525
29041,96149
29041,57173
29041,72929
29041,15096
29041,95408
29041,5943
29041,62943
29041,4272
29041,47820
29041,55587
29041,49068
29041,59113
29041,28935
29041,53495
29041,39501
29041,99792
29041,90219
29041,76793
29041,35999
29041,44976
29041,84622
29041,78995
29041,21334
29041,62837
29041,38211
29041,66626
29041,10513
29041,3
29041,19147
29041,29040
29041,79067
29041,44949
29041,94730
29041,23664
29041,60730
29041,62224
29041,36956
29041,45770
29041,67747
29041,63777
29041,48609
29041,98306
29041,18882
29041,37106
29041,8536
29041,33196
29041,67921
29041,72270
29041,45506
29041,77844
29041,34076
29041,10188
29041,74722
29041,56407
29041,61238
29041,84135
29041,18445
29041,58681
29041,32176
29041,28112
29041,17185
29041,20445
29041,49957
29041,45696
29041,87993
29041,42982
29041,85617
29041,35093
29041,84551
29041,4809
29041,85038
29041,99473
29041,27660
29041,92282
29041,73409
29041,53352
29041,7137
29041,13395
29041,90650
29041,51334
29041,25838
29041,85528
29041,5062
29041,697
29041,25417
29041,64597
29041,49307
29041,33252
29041,74888
91367,54084
91367,46602
91367,53926
91367,90965
91367,57372
91367,37711
91367,91845
91367,88731
91367,37624
91367,61726
91367,50306
91367,1503
91367,91713
91367,92369
91367,78355
91367,87781
91367,20460
91367,36875
91367,93944
91367,50802
91367,68556
91367,48196
91367,26312
91367,47260
91367,96937
91367,60979
91367,60388
91367,60211
91367,92155
91367,30083
91367,51055
91367,88776
91367,29923
91367,23385
91367,63014
91367,66992
91367,94556
91367,26030
91367,83365
91367,62707
91367,98684
91367,30883
91367,3228
91367,29628
91367,90375
91367,6262
91367,16081
91367,29884
91367,5949
91367,12812
91367,54361
91367,71346
91367,68964
91367,1862
91367,9915
91367,63871
91367,7315
91367,62905
91367,1836
91367,6
91367,13512
91367,34524
91367,81497
91367,92866
91367,85293
91367,48489
91367,63112
91367,3924
91367,14290
91367,80887
91367,75147
91367,7926
91367,99162
91367,43003
91367,65432
91367,65664
91367,18030
91367,66075
91367,32541
91367,71128
91367,12906
91367,4177
91367,75920
91367,24234
91367,97287
91367,37654
91367,63042
91367,73346
91367,98521
91367,82814
91367,79834
91367,46428
91367,54466
91367,34016
91367,5943
91367,21947
91367,14425
91367,39351
91367,47820
91367,93735
91367,1349
91367,92622
91367,56529
91367,45841
91367,20149
91367,80842
91367,14299
91367,6594
91367,8982
91367,71569
91367,35999
91367,70254
91367,26638
91367,95265
91367,38211
91367,30481
91367,44348
91367,70679
91367,64039
91367,7339
91367,38589
91367,6090
91367,17354
91367,4027
91367,45185
91367,90275
91367,64317
91367,57967
91367,61326
91367,10692
91367,10353
91367,67747
91367,63777
91367,48609
91367,96932
91367,59844
91367,12599
91367,78591
91367,37106
91367,49942
91367,52708
91367,10188
91367,18841
91367,56407
91367,82741
91367,33249
91367,18218
91367,28112
91367,20445
91367,79138
91367,21831
91367,61825
91367,84551
91367,86447
91367,99454
91367,89249
91367,30692
91367,73873
91367,61976
91367,52638
91367,90650
91367,19794
91367,80572
91367,66677
91367,65114
91367,10958
91367,21236
91367,33470
77461,41477
77461,84230
77461,94649
77461,28680
77461,64451
77461,46159
77461,49983
77461,8287
77461,60979
77461,7959
77461,59292
77461,58245
77461,92155
77461,78373
77461,63014
77461,43461
77461,474
77461,47066
77461,66501
77461,45177
77461,1608
77461,7926
77461,18674
77461,80999
77461,34808
77461,16425
77461,13705
77461,91314
77461,72929
77461,55587
77461,59817
77461,62293
77461,30170
77461,6594
77461,97247
77461,28714
77461,77964
77461,28799
77461,23664
77461,57967
77461,36956
77461,78177
77461,18882
77461,78591
77461,86833
77461,8536
77461,72598
77461,73855
77461,61238
77461,58681
77461,33450
77461,2677
77461,24072
77461,41543
77461,12515
77461,64575
77461,13395
77461,10059
77461,652
77461,80200
87113,94791
87113,53643
87113,32818
87113,25155
87113,40029
87113,20082
87113,61726
87113,59135
87113,66638
87113,70434
87113,70392
87113,69427
87113,11960
87113,38932
87113,48196
87113,6510
87113,54857
87113,60211
87113,92155
87113,78373
87113,4731
87113,40875
87113,78824
87113,26405
87113,47172
87113,66992
87113,17936
87113,14531
87113,54361
87113,30860
87113,22799
87113,62153
87113,22528
87113,18674
87113,43003
87113,4071
87113,5199
87113,66075
87113,45216
87113,94363
87113,113
87113,37512
87113,73295
87113,85606
87113,58660
87113,82639
87113,26544
87113,5943
87113,65295
87113,1349
87113,21026
87113,37840
87113,80842
87113,6594
87113,48302
87113,35999
87113,87505
87113,95265
87113,42923
87113,19147
87113,99290
87113,18165
87113,70600
87113,82703
87113,57837
87113,62224
87113,67747
87113,8628
87113,37106
87113,97900
87113,73855
87113,61238
87113,74594
87113,88486
87113,68607
87113,99757
87113,99473
87113,92966
87113,12515
87113,99454
87113,9169
87113,53056
87113,80572
87113,25838
87113,46196
87113,94637
87113,652
86177,84844
86177,12376
86177,53926
86177,17253
86177,53643
86177,57372
86177,96311
86177,29838
86177,98122
86177,20082
86177,87030
86177,79650
86177,44305
86177,64416
86177,64451
86177,66638
86177,30965
86177,81015
86177,70392
86177,46159
86177,39983
86177,39079
86177,95594
86177,93944
86177,10520
86177,49983
86177,38932
86177,65268
86177,8287
86177,58424
86177,62725
86177,59292
86177,76017
86177,98463
86177,54857
86177,36162
86177,58245
86177,22648
86177,4731
86177,11125
86177,46431
86177,88776
86177,77441
86177,3193
86177,26405
86177,62704
86177,43461
86177,44043
86177,16897
86177,39301
86177,98684
86177,27671
86177,6262
86177,36215
86177,16081
86177,97386
86177,28110
86177,12812
86177,51431
86177,54361
86177,9915
86177,34274
86177,46061
86177,19897
86177,81497
86177,23594
86177,74600
86177,22799
86177,43175
86177,26935
86177,49806
86177,97475
86177,34924
86177,14421
86177,96691
86177,19487
86177,99057
86177,18674
86177,36854
86177,79278
86177,91832
86177,72188
86177,4071
86177,58876
86177,34523
86177,95994
86177,113
86177,37195
86177,12138
86177,75920
86177,96472
86177,42635
86177,34808
86177,42723
86177,47003
86177,73295
86177,87941
86177,62444
86177,66004
86177,85606
86177,74421
86177,20079
86177,6525
86177,58660
86177,18276
86177,57173
86177,82639
86177,11766
86177,5943
86177,62943
86177,11733
86177,16012
86177,4272
86177,39383
86177,26761
86177,49068
86177,92622
86177,39501
86177,29682
86177,78675
86177,84280
86177,45841
86177,90219
86177,47884
86177,26074
86177,62293
86177,8982
86177,2997
86177,26638
86177,42987
86177,6856
86177,42923
86177,56747
86177,57837
86177,94202
86177,21683
86177,22436
86177,2584
86177,75529
86177,98306
86177,97900
86177,76145
86177,49233
86177,82993
86177,67921
86177,10188
86177,7536
86177,51097
86177,96402
86177,74176
86177,18218
86177,38591
86177,69661
86177,9835
86177,8697
86177,62826
86177,998
86177,65163
86177,97754
86177,85617
86177,2677
86177,35093
86177,4809
86177,85038
86177,92966
86177,92282
86177,65334
86177,18064
86177,89249
86177,53352
86177,73873
86177,91043
86177,7137
86177,80572
86177,75733
86177,47458
86177,20515
86177,25838
86177,49307
86177,74888
86177,44128
39267,94791
39267,69909
39267,99322
39267,94649
39267,11003
39267,12361
39267,28680
39267,15989
39267,91845
39267,63867
39267,14210
39267,37624
39267,87030
39267,3805
39267,72594
39267,87810
39267,30965
39267,39824
39267,92369
39267,70434
39267,49372
39267,36458
39267,11960
39267,20460
39267,59176
39267,8013
39267,50136
39267,8287
39267,47260
39267,96937
39267,36162
39267,36866
39267,73445
39267,24848
39267,73798
39267,51451
39267,11125
39267,88776
39267,70782
39267,78824
39267,43461
39267,83365
39267,39301
39267,3228
39267,18765
39267,6262
39267,47066
39267,42451
39267,74853
39267,31336
39267,92655
39267,27254
39267,64775
39267,86289
39267,17740
39267,24548
39267,13285
39267,91223
39267,97475
39267,21793
39267,7926
39267,21092
39267,91832
39267,54974
39267,18030
39267,19091
39267,45216
39267,40584
39267,87269
39267,53881
39267,37195
39267,24234
39267,59054
39267,44313
39267,34808
39267,47003
39267,37512
39267,63042
39267,59114
39267,48430
39267,56254
39267,24353
39267,55814
39267,96507
39267,13705
39267,47292
39267,59338
39267,19152
39267,82814
39267,58951
39267,9031
39267,58660
39267,52905
39267,14765
39267,14425
39267,39383
39267,55639
39267,88953
39267,9588
39267,87379
39267,47187
39267,73704
39267,37840
39267,84280
39267,80842
39267,93464
39267,14299
39267,76793
39267,35999
39267,21334
39267,30846
39267,42923
39267,56359
39267,99290
39267,28714
39267,6815
39267,13613
39267,43746
39267,61326
39267,11038
39267,67747
39267,48609
39267,78177
39267,4312
39267,18882
39267,62789
39267,97900
39267,8536
39267,17736
39267,90546
39267,40938
39267,49233
39267,82993
39267,45506
39267,77844
39267,74722
39267,1829
39267,5059
39267,58681
39267,85617
39267,84551
39267,27660
39267,92282
39267,99454
39267,63531
39267,89249
39267,13395
39267,19794
39267,75733
39267,66677
39267,51334
39267,697
39267,80686
39267,1711
39267,7197
39267,97957
16755,84844
16755,41477
16755,50797
16755,94791
16755,79668
16755,53643
16755,6420
16755,96311
16755,29838
16755,37711
16755,14613
16755,7612
16755,30965
16755,92369
16755,39983
16755,53548
16755,46068
16755,48196
16755,1795
16755,29210
16755,59292
16755,82315
16755,24848
16755,11125
16755,22620
16755,63014
16755,44043
16755,83365
16755,16897
16755,30883
16755,3228
16755,29628
16755,90375
16755,30614
16755,16081
16755,29884
16755,54361
16755,46061
16755,3086
16755,86289
16755,96678
16755,74600
16755,64747
16755,16722
16755,28928
16755,36838
16755,19487
16755,75147
16755,80999
16755,65432
16755,65746
16755,19091
16755,36891
16755,82093
16755,45216
16755,98615
16755,88161
16755,113
16755,48391
16755,4177
16755,84595
16755,24234
16755,96472
16755,59063
16755,40753
16755,44313
16755,97287
16755,37654
16755,42723
16755,47003
16755,94691
16755,48430
16755,74421
16755,86997
16755,46828
16755,64757
16755,8669
16755,68658
16755,54466
16755,47881
16755,15096
16755,95408
16755,5943
16755,14425
16755,47820
16755,26761
16755,41473
16755,59817
16755,39501
16755,70167
16755,74988
16755,99173
16755,78995
16755,58159
16755,50519
16755,48745
16755,94730
16755,61326
16755,24497
16755,10692
16755,48609
16755,63620
16755,76147
16755,18882
16755,85225
16755,93507
16755,55184
16755,40938
16755,49942
16755,45506
16755,52708
16755,69125
16755,60549
16755,61238
16755,62851
16755,84135
16755,33249
16755,28112
16755,88089
16755,42982
16755,88486
16755,90034
16755,35093
16755,65334
16755,13373
16755,80572
16755,88311
16755,75733
16755,20515
16755,94637
16755,10958
16755,33470
16755,7197
51020,1064
51020,695
51020,96311
51020,91845
51020,84178
51020,94916
51020,59135
51020,87030
51020,81332
51020,77939
51020,3805
51020,87810
51020,64451
51020,83129
51020,30965
51020,53548
51020,38578
51020,11960
51020,95763
51020,93944
51020,64417
51020,58424
51020,60979
51020,59292
51020,36162
51020,24848
51020,9150
51020,41190
51020,51451
51020,40875
51020,3617
51020,2418
51020,47172
51020,83365
51020,50055
51020,69711
51020,63866
51020,45177
51020,70282
51020,26935
51020,1608
51020,14421
51020,7926
51020,18674
51020,91832
51020,4071
51020,31024
51020,15889
51020,48898
51020,34808
51020,63663
51020,42723
51020,87941
51020,48756
51020,55814
51020,96507
51020,13705
51020,85606
51020,86997
51020,82814
51020,61309
51020,46428
51020,72929
51020,34016
51020,95408
51020,62943
51020,14765
51020,93735
51020,49068
51020,47187
51020,73704
51020,37840
51020,41473
51020,78675
51020,80842
51020,62293
51020,93464
51020,3588
51020,28136
51020,85542
51020,10513
51020,28714
51020,27266
51020,43946
51020,31580
51020,61025
51020,43746
51020,28799
51020,77942
51020,67009
51020,24497
51020,10692
51020,11038
51020,12599
51020,37106
51020,73386
51020,97900
51020,93507
51020,29704
51020,16758
51020,67921
51020,69125
51020,7536
51020,1829
51020,55334
51020,43081
51020,69661
51020,17526
51020,85038
51020,52703
51020,63531
51020,37022
51020,64575
51020,9169
51020,90650
51020,85528
51020,5062
51020,652
51020,25417
46625,46602
46625,70994
46625,90965
46625,99710
46625,40029
46625,50306
46625,43092
46625,3805
46625,83129
46625,1272
46625,92369
46625,49372
46625,39983
46625,53548
46625,79095
46625,38335
46625,50136
46625,5957
46625,8287
46625,46068
46625,47260
46625,29210
46625,88384
46625,36866
46625,60211
46625,78373
46625,88776
46625,26165
46625,26405
46625,47172
46625,63014
46625,97872
46625,76214
46625,29628
46625,90375
46625,5949
46625,70954
46625,1862
46625,41019
46625,84441
46625,3086
46625,86289
46625,90997
46625,49679
46625,78229
46625,63112
46625,3924
46625,19487
46625,80999
46625,43003
46625,4071
46625,24070
46625,113
46625,53881
46625,84595
46625,24234
46625,96472
46625,3793
46625,94691
46625,13122
46625,55814
46625,29982
46625,67349
46625,6816
46625,79834
46625,10042
46625,47881
46625,15096
46625,14425
46625,9588
46625,34448
46625,87456
46625,9053
46625,59113
46625,78675
46625,99792
46625,18845
46625,78995
46625,69725
46625,30846
46625,78374
46625,42923
46625,12104
46625,38798
46625,99290
46625,64039
46625,6815
46625,6090
46625,48790
46625,94730
46625,28799
46625,62224
46625,24497
46625,22436
46625,4925
46625,2584
46625,59844
46625,76145
46625,52708
46625,92100
46625,18218
46625,28112
46625,40557
46625,65896
46625,9835
46625,97754
46625,18808
46625,41543
46625,10424
46625,65334
46625,18064
46625,13373
46625,82704
46625,89249
46625,30692
46625,36323
46625,52638
46625,53056
46625,80572
46625,95180
46625,88311
46625,17930
46625,20515
46625,1318
46625,68532
46625,10958
46625,74088
46625,74888
41211,84844
41211,40696
41211,1064
41211,41477
41211,2885
41211,28620
41211,12999
41211,11003
41211,32818
41211,28680
41211,37605
41211,74649
41211,49558
41211,14210
41211,37624
41211,94916
41211,20082
41211,90113
41211,79650
41211,87810
41211,83129
41211,1503
41211,1272
41211,30965
41211,39824
41211,70392
41211,46159
41211,46461
41211,53548
41211,69427
41211,38578
41211,20460
41211,59176
41211,10520
41211,64417
41211,5957
41211,1795
41211,96937
41211,58914
41211,88384
41211,82315
41211,36866
41211,73445
41211,24848
41211,60211
41211,92155
41211,39080
41211,57289
41211,51846
41211,78373
41211,22648
41211,88776
41211,77441
41211,39274
41211,3193
41211,40875
41211,29923
41211,64607
41211,26030
41211,3003
41211,69711
41211,16897
41211,9891
41211,36215
41211,16081
41211,48721
41211,47066
41211,28110
41211,71346
41211,84786
41211,74853
41211,9915
41211,43875
41211,66501
41211,13875
41211,63871
41211,7315
41211,46061
41211,85851
41211,65271
41211,1836
41211,97323
41211,34524
41211,30719
41211,64775
41211,27522
41211,92866
41211,57494
41211,2500
41211,26935
41211,34924
41211,14421
41211,21793
41211,80999
41211,43003
41211,65746
41211,65664
41211,66075
41211,98615
41211,24070
41211,95994
41211,88950
41211,7021
41211,84595
41211,29822
41211,59054
41211,40753
41211,91374
41211,97287
41211,47003
41211,37512
41211,73295
41211,70511
41211,55814
41211,59338
41211,86997
41211,48612
41211,95970
41211,58951
41211,79834
41211,46428
41211,9031
41211,89757
41211,68658
41211,82847
41211,34016
41211,82639
41211,11766
41211,21036
41211,13968
41211,14765
41211,14425
41211,65295
41211,55639
41211,26761
41211,86161
41211,55587
41211,87379
41211,9053
41211,73704
41211,37840
41211,56529
41211,99792
41211,36296
41211,62293
41211,93464
41211,95853
41211,58578
41211,78995
41211,95265
41211,21334
41211,6856
41211,78374
41211,42923
41211,58159
41211,58617
41211,10513
41211,19147
41211,63028
41211,99290
41211,28714
41211,9239
41211,29040
41211,45925
41211,38589
41211,44949
41211,4027
41211,43746
41211,90275
41211,77964
41211,28799
41211,77841
41211,20130
41211,67009
41211,21683
41211,11038
41211,67747
41211,48609
41211,1674
41211,59844
41211,57242
41211,73386
41211,17736
41211,29704
41211,76145
41211,33196
41211,40938
41211,72270
41211,34076
41211,60549
41211,11238
41211,18841
41211,6374
41211,62851
41211,32176
41211,79102
41211,33249
41211,39058
41211,38591
41211,28282
41211,84098
41211,48933
41211,49957
41211,87993
41211,8697
41211,42982
41211,65163
41211,84551
41211,24072
41211,85038
41211,30568
41211,96211
41211,86447
41211,99454
41211,82704
41211,37022
41211,93387
41211,42374
41211,61976
41211,13395
41211,88311
41211,17930
41211,75733
41211,66677
41211,1318
41211,68532
41211,44128
41211,97957
89531,40696
89531,41477
89531,97522
89531,39243
89531,53926
89531,84230
89531,73918
89531,17253
89531,99710
89531,12361
89531,37711
89531,43561
89531,2126
89531,94916
89531,87030
89531,8980
89531,50306
89531,81332
89531,43092
89531,22517
89531,34874
89531,66638
89531,83129
89531,55515
89531,30965
89531,46461
89531,39983
89531,53548
89531,36875
89531,38335
89531,10520
89531,10564
89531,24302
89531,89592
89531,10563
89531,5957
89531,46068
89531,26312
89531,96937
89531,72149
89531,69995
89531,42452
89531,60211
89531,65538
89531,39080
89531,51846
89531,51451
89531,46431
89531,3617
89531,26405
89531,51678
89531,63014
89531,44043
89531,89624
89531,44672
89531,98684
89531,27671
89531,3228
89531,474
89531,18765
89531,47722
89531,46099
89531,12812
89531,51431
89531,54361
89531,68964
89531,30205
89531,1862
89531,9915
89531,13875
89531,34274
89531,46061
89531,30860
89531,86289
89531,96678
89531,90997
89531,22799
89531,43175
89531,65472
89531,84059
89531,14421
89531,27199
89531,14290
89531,80887
89531,83163
89531,62515
89531,7926
89531,19451
89531,43003
89531,65432
89531,27455
89531,65664
89531,11158
89531,34523
89531,80321
89531,32541
89531,98615
89531,24070
89531,81052
89531,61524
89531,25706
89531,95994
89531,53881
89531,7021
89531,40753
89531,34808
89531,42723
89531,47003
89531,68416
89531,87941
89531,48430
89531,13122
89531,50883
89531,24353
89531,96507
89531,47292
89531,46428
89531,89757
89531,8669
89531,6525
89531,96149
89531,47881
89531,57173
89531,42819
89531,75444
89531,16012
89531,11775
89531,39383
89531,88953
89531,15566
89531,72659
89531,87456
89531,37840
89531,92622
89531,78675
89531,84280
89531,26618
89531,48302
89531,71569
89531,76327
89531,26638
89531,95995
89531,78374
89531,36422
89531,3
89531,99290
89531,28714
89531,27266
89531,6815
89531,38589
89531,57837
89531,78665
89531,57782
89531,28799
89531,79515
89531,10692
89531,45770
89531,68857
89531,48609
89531,6463
89531,98306
89531,37106
89531,72568
89531,72598
89531,3913
89531,33196
89531,40938
89531,67921
89531,45506
89531,10188
89531,56489
89531,69125
89531,1829
89531,51097
89531,55334
89531,58681
89531,57589
89531,18218
89531,39058
89531,20762
89531,38591
89531,20445
89531,69661
89531,74594
89531,79138
89531,8697
89531,88486
89531,62826
89531,97567
89531,2677
89531,18808
89531,24072
89531,85038
89531,30568
89531,92966
89531,52703
89531,18064
89531,13373
89531,82704
89531,35240
89531,89249
89531,73873
89531,73539
89531,64575
89531,61976
89531,91043
89531,13395
89531,53056
89531,19794
89531,89642
89531,80572
89531,17930
89531,75733
89531,39496
89531,20515
89531,85528
89531,68532
89531,94637
89531,25417
89531,21236
89531,59530
25923,84844
25923,70994
25923,94791
25923,69909
25923,17253
25923,12361
25923,57372
25923,88731
25923,20082
25923,87030
25923,7612
25923,3805
25923,49372
25923,81015
25923,51625
25923,79095
25923,64417
25923,50136
25923,10563
25923,22048
25923,68556
25923,46068
25923,1795
25923,60979
25923,92155
25923,41190
25923,11125
25923,26165
25923,68169
25923,62704
25923,83365
25923,44672
25923,90375
25923,80519
25923,29884
25923,51431
25923,80996
25923,70954
25923,84786
25923,13875
25923,63871
25923,65271
25923,6346
25923,19897
25923,90997
25923,27522
25923,70282
25923,92866
25923,26935
25923,16722
25923,63112
25923,74365
25923,3924
25923,28928
25923,7926
25923,21092
25923,51810
25923,11158
25923,80321
25923,31024
25923,45216
25923,71128
25923,15889
25923,15718
25923,4177
25923,84595
25923,37654
25923,47003
25923,25316
25923,39809
25923,47292
25923,37212
25923,64757
25923,6525
25923,47881
25923,15096
25923,11766
25923,95408
25923,14765
25923,75444
25923,11733
25923,47820
25923,47187
25923,28935
25923,59817
25923,6594
25923,26638
25923,78995
25923,95265
25923,97247
25923,38798
25923,58617
25923,43946
25923,79067
25923,85262
25923,7025
25923,90275
25923,64966
25923,20130
25923,77942
25923,10692
25923,68857
25923,63620
25923,12599
25923,37106
25923,74722
25923,1829
25923,18841
25923,56407
25923,61238
25923,57589
25923,92100
25923,82741
25923,43081
25923,33249
25923,28112
25923,69661
25923,62826
25923,65163
25923,65334
25923,73539
25923,42374
25923,64575
25923,52638
25923,19794
25923,95180
25923,88311
25923,5062
25923,52110
25923,97957
18004,1064
18004,39243
18004,79668
18004,61726
18004,38335
18004,24302
18004,60979
18004,29210
18004,88384
18004,58245
18004,41190
18004,60090
18004,40875
18004,26165
18004,10079
18004,13914
18004,14531
18004,5949
18004,50886
18004,19897
18004,24070
18004,88161
18004,113
18004,91374
18004,34808
18004,47003
18004,48430
18004,25316
18004,41743
18004,47292
18004,86997
18004,46828
18004,67349
18004,6816
18004,37212
18004,11766
18004,55319
18004,28935
18004,59817
18004,39888
18004,6594
18004,42987
18004,70600
18004,85262
18004,7025
18004,77841
18004,85225
18004,86833
18004,8536
18004,90546
18004,60549
18004,18841
18004,18445
18004,92100
18004,88089
18004,79138
18004,42982
18004,35093
18004,42374
18004,80572
18004,95180
18004,17930
18004,5062
18004,94637
18004,10958
18004,74088
39192,53926
39192,74649
39192,65887
39192,81332
39192,39983
39192,47260
39192,59292
39192,11153
39192,9150
39192,10079
39192,98684
39192,29628
39192,71870
39192,54361
39192,38505
39192,49679
39192,65472
39192,16722
39192,80887
39192,98615
39192,4177
39192,97287
39192,73295
39192,70511
39192,55814
39192,85606
39192,46828
39192,10042
39192,47212
39192,39383
39192,29682
39192,38211
39192,50519
39192,43946
39192,77942
39192,37787
39192,4312
39192,40938
39192,49942
39192,28112
39192,20762
39192,99473
39192,37022
39192,9320
39192,13395
39192,95180
39192,46196
39192,697
31436,90482
31436,97522
31436,39243
31436,2885
31436,53926
31436,57372
31436,25155
31436,29838
31436,91845
31436,29759
31436,36078
31436,14340
31436,43092
31436,81015
31436,78355
31436,25310
31436,36875
31436,95594
31436,64417
31436,8287
31436,58424
31436,96937
31436,60979
31436,58914
31436,72149
31436,59292
31436,50426
31436,42452
31436,82315
31436,24848
31436,11125
31436,88776
31436,3193
31436,40875
31436,3617
31436,68169
31436,10079
31436,23385
31436,51678
31436,64607
31436,47172
31436,44043
31436,66992
31436,83365
31436,50055
31436,2820
31436,78983
31436,30614
31436,6262
31436,89332
31436,48721
31436,97386
31436,47066
31436,5949
31436,12812
31436,54361
31436,42451
31436,9915
31436,7315
31436,98151
31436,50886
31436,65271
31436,6346
31436,84441
31436,3086
31436,90997
31436,49679
31436,23594
31436,70282
31436,24548
31436,13285
31436,62153
31436,84059
31436,28928
31436,19487
31436,92236
31436,7926
31436,19451
31436,65664
31436,18030
31436,34523
31436,31024
31436,45216
31436,22110
31436,89459
31436,1198
31436,15889
31436,61524
31436,88950
31436,48898
31436,7021
31436,59054
31436,44313
31436,16425
31436,87941
31436,73346
31436,56254
31436,66004
31436,55814
31436,13705
31436,69465
31436,67349
31436,6816
31436,37212
31436,61309
31436,68658
31436,96149
31436,9621
31436,60670
31436,14765
31436,75444
31436,55319
31436,53770
31436,65295
31436,39383
31436,55639
31436,88953
31436,15566
31436,47187
31436,81743
31436,92622
31436,20149
31436,70167
31436,75375
31436,28136
31436,76327
31436,26638
31436,42987
31436,42923
31436,12104
31436,58159
31436,76511
31436,12237
31436,45925
31436,43946
31436,48745
31436,85262
31436,7025
31436,48790
31436,28799
31436,64966
31436,60730
31436,64317
31436,79515
31436,36956
31436,24497
31436,44244
31436,96932
31436,4925
31436,78177
31436,18882
31436,12599
31436,3101
31436,60228
31436,8536
31436,17736
31436,74499
31436,82993
31436,72270
31436,10188
31436,69125
31436,18841
31436,51097
31436,18445
31436,32176
31436,92100
31436,43081
31436,27856
31436,20445
31436,40557
31436,69661
31436,49957
31436,74594
31436,84551
31436,52703
31436,65334
31436,86447
31436,82704
31436,89249
31436,30692
31436,93387
31436,36323
31436,9320
31436,73873
31436,73539
31436,42374
31436,64575
31436,9169
31436,90650
31436,19794
31436,16219
31436,17930
31436,65114
31436,89096
31436,20515
31436,68532
31436,80200
31436,44128
31436,7197
12956,53643
12956,15989
12956,47260
12956,7959
12956,88384
12956,36162
12956,58245
12956,51451
12956,58143
12956,86807
12956,69711
12956,474
12956,80996
12956,41019
12956,85851
12956,3086
12956,30719
12956,74600
12956,1608
12956,49806
12956,21793
12956,65432
12956,45216
12956,15889
12956,29822
12956,3793
12956,24353
12956,48756
12956,58951
12956,61309
12956,91314
12956,26544
12956,55587
12956,49068
12956,92622
12956,29682
12956,30170
12956,2997
12956,85542
12956,8796
12956,38798
12956,66626
12956,63028
12956,61025
12956,23664
12956,81307
12956,77942
12956,36956
12956,24497
12956,78177
12956,75529
12956,74499
12956,67921
12956,79102
12956,28282
12956,69661
12956,72466
12956,84551
12956,24072
12956,4809
12956,99473
12956,16216
12956,52703
12956,61976
12956,652
12956,33252
12956,74888
89109,11003
89109,37711
89109,40029
89109,59121
89109,59135
89109,7612
89109,3805
89109,72594
89109,39983
89109,95763
89109,35573
89109,58914
89109,73445
89109,22340
89109,11125
89109,26030
89109,44582
89109,62707
89109,44672
89109,98684
89109,47066
89109,68964
89109,98151
89109,62905
89109,1836
89109,85293
89109,54129
89109,43003
89109,12906
89109,48898
89109,59063
89109,13122
89109,81927
89109,14425
89109,81743
89109,44976
89109,21334
89109,63028
89109,70600
89109,79589
89109,50307
89109,13613
89109,51956
89109,57967
89109,81307
89109,11038
89109,10353
89109,67747
89109,1674
89109,37787
89109,4232
89109,12599
89109,62789
89109,17736
89109,16758
89109,45506
89109,66713
89109,84135
89109,88089
89109,21831
89109,84551
89109,13373
89109,13395
89109,19794
89109,80200
89109,59530
84322,1064
84322,50797
84322,28620
84322,12999
84322,12361
84322,695
84322,29838
84322,37711
84322,14613
84322,73945
84322,37624
84322,14340
84322,20082
84322,16021
84322,77939
84322,7612
84322,30965
84322,49372
84322,36458
84322,46461
84322,39983
84322,53548
84322,69427
84322,93944
84322,8013
84322,76581
84322,38932
84322,65268
84322,48196
84322,1795
84322,35573
84322,47260
84322,58914
84322,59292
84322,50426
84322,98463
84322,36866
84322,58245
84322,11153
84322,9150
84322,30083
84322,39491
84322,22648
84322,62803
84322,26405
84322,22620
84322,44043
84322,94556
84322,83365
84322,8309
84322,63866
84322,76214
84322,80519
84322,14531
84322,9891
84322,6262
84322,47722
84322,48721
84322,47066
84322,71870
84322,5949
84322,63951
84322,51431
84322,84786
84322,1862
84322,31336
84322,63871
84322,19581
84322,85851
84322,6346
84322,6
84322,92548
84322,82969
84322,1332
84322,27254
84322,30719
84322,64775
84322,74600
84322,13285
84322,64747
84322,62153
84322,97475
84322,16722
84322,27199
84322,63112
84322,3924
84322,54129
84322,99057
84322,99162
84322,21092
84322,19451
84322,33181
84322,65432
84322,65664
84322,5199
84322,18030
84322,82093
84322,98615
84322,71128
84322,12906
84322,15889
84322,94363
84322,28495
84322,88950
84322,7021
84322,15718
84322,59063
84322,59054
84322,84024
84322,97287
84322,34808
84322,16425
84322,37654
84322,47003
84322,3793
84322,68416
84322,87941
84322,48430
84322,66004
84322,26261
84322,96507
84322,85606
84322,39809
84322,74421
84322,53695
84322,89757
84322,64757
84322,18276
84322,9621
84322,57173
84322,79870
84322,62943
84322,76900
84322,16012
84322,55319
84322,53770
84322,65295
84322,88953
84322,86161
84322,9588
84322,15566
84322,72659
84322,87379
84322,73704
84322,39501
84322,36296
84322,90219
84322,70167
84322,95338
84322,95853
84322,14299
84322,48302
84322,71569
84322,35999
84322,99173
84322,26638
84322,95995
84322,95265
84322,21334
84322,78374
84322,85542
84322,30481
84322,44348
84322,70679
84322,76511
84322,3
84322,99290
84322,18165
84322,27266
84322,50519
84322,45925
84322,43946
84322,6815
84322,79067
84322,6090
84322,50307
84322,13613
84322,85262
84322,17354
84322,7025
84322,43746
84322,48790
84322,77964
84322,64966
84322,61573
84322,77841
84322,71663
84322,57967
84322,10692
84322,68857
84322,10353
84322,96932
84322,6463
84322,76147
84322,3101
84322,92503
84322,62789
84322,8536
84322,72598
84322,16758
84322,49942
84322,45506
84322,74722
84322,6374
84322,13278
84322,79102
84322,43081
84322,17185
84322,38591
84322,20445
84322,49957
84322,39993
84322,68607
84322,62826
84322,998
84322,35093
84322,27660
84322,52703
84322,12515
84322,18064
84322,13373
84322,99454
84322,30692
84322,93387
84322,36323
84322,9320
84322,73539
84322,42374
84322,64575
84322,9169
84322,52638
84322,7137
84322,80572
84322,35079
84322,51334
84322,1318
84322,697
84322,25417
84322,74088
84322,33470
84322,80200
84322,97957
66873,40696
66873,17253
66873,28680
66873,63867
66873,88731
66873,36078
66873,43735
66873,98122
66873,50306
66873,81332
66873,95607
66873,64416
66873,64451
66873,1272
66873,46159
66873,53548
66873,79095
66873,87781
66873,10564
66873,50802
66873,47260
66873,62725
66873,42452
66873,36162
66873,58245
66873,92155
66873,57289
66873,30083
66873,39491
66873,40875
66873,78824
66873,62704
66873,89624
66873,97893
66873,7685
66873,67649
66873,14531
66873,16081
66873,46099
66873,39863
66873,13875
66873,41019
66873,82969
66873,30719
66873,81497
66873,74600
66873,26935
66873,54129
66873,54974
66873,65664
66873,18030
66873,80321
66873,12242
66873,25706
66873,48391
66873,15718
66873,84595
66873,29822
66873,42723
66873,68416
66873,87941
66873,50883
66873,24353
66873,48756
66873,13705
66873,84822
66873,96149
66873,62943
66873,11733
66873,47820
66873,39501
66873,80842
66873,2997
66873,21334
66873,56747
66873,66626
66873,83902
66873,63028
66873,79067
66873,38589
66873,17354
66873,57967
66873,10692
66873,67747
66873,63620
66873,76147
66873,12599
66873,86833
66873,72568
66873,8536
66873,29704
66873,84135
66873,74176
66873,28112
66873,38591
66873,69661
66873,17526
66873,21831
66873,998
66873,97567
66873,2677
66873,92282
66873,42374
66873,91043
66873,53056
66873,19794
66873,51334
66873,697
66873,10958
66873,30776
66873,33252
66873,80200
66873,7197
83158,1064
83158,41477
83158,50797
83158,73918
83158,99710
83158,12361
83158,53643
83158,37711
83158,84178
83158,59135
83158,44305
83158,7612
83158,30965
83158,70434
83158,70392
83158,82241
83158,46461
83158,39983
83158,25310
83158,79095
83158,20460
83158,36875
83158,38335
83158,10564
83158,64417
83158,10563
83158,22048
83158,60979
83158,82315
83158,65538
83158,11125
83158,40875
83158,10079
83158,64607
83158,66992
83158,97872
83158,16897
83158,39301
83158,13914
83158,29628
83158,80519
83158,6262
83158,36215
83158,5949
83158,34053
83158,63951
83158,41019
83158,30719
83158,49679
83158,92866
83158,13285
83158,2500
83158,23525
83158,1608
83158,84059
83158,63112
83158,74365
83158,3924
83158,21793
83158,51181
83158,79278
83158,91832
83158,1198
83158,15889
83158,88161
83158,48898
83158,84024
83158,16425
83158,42723
83158,49424
83158,48430
83158,56254
83158,98521
83158,81927
83158,47292
83158,53695
83158,58951
83158,37212
83158,61309
83158,64757
83158,15096
83158,11766
83158,21036
83158,26544
83158,53770
83158,88953
83158,72659
83158,47187
83158,73704
83158,81743
83158,45841
83158,95853
83158,35999
83158,44976
83158,58578
83158,70254
83158,21334
83158,6856
83158,9239
83158,6927
83158,45925
83158,48790
83158,60730
83158,94202
83158,62224
83158,24497
83158,68857
83158,22436
83158,48609
83158,2584
83158,37787
83158,4232
83158,12599
83158,37106
83158,29704
83158,40938
83158,56489
83158,69125
83158,18841
83158,51097
83158,55334
83158,18218
83158,28112
83158,29290
83158,79138
83158,45696
83158,42982
83158,84551
83158,65334
83158,86447
83158,37022
83158,42374
83158,9169
83158,52638
83158,95180
83158,10059
83158,59530
92005,1064
92005,73918
92005,94649
92005,57372
92005,695
92005,37711
92005,29759
92005,16021
92005,3545
92005,95763
92005,1795
92005,82315
92005,73445
92005,73798
92005,11153
92005,30083
92005,23385
92005,43461
92005,44582
92005,62707
92005,72277
92005,49612
92005,47066
92005,39863
92005,6
92005,13512
92005,93016
92005,34524
92005,42102
92005,85293
92005,88855
92005,3924
92005,99057
92005,99162
92005,21092
92005,66075
92005,81052
92005,7021
92005,44313
92005,42635
92005,48430
92005,13122
92005,81927
92005,86997
92005,29982
92005,46828
92005,58951
92005,6525
92005,91314
92005,60670
92005,21947
92005,11733
92005,21334
92005,38211
92005,63028
92005,50307
92005,13613
92005,57967
92005,61326
92005,10692
92005,11038
92005,67747
92005,16758
92005,51097
92005,66713
92005,61825
92005,99757
92005,73409
92005,13373
92005,53352
92005,30692
92005,19794
92005,35079
92005,1318
92005,59530
36363,39885
36363,25155
36363,29838
36363,30965
36363,8013
36363,42452
36363,82315
36363,22648
36363,4731
36363,94556
36363,17936
36363,14531
36363,47722
36363,28110
36363,9915
36363,46061
36363,96678
36363,27522
36363,24548
36363,62153
36363,14421
36363,22528
36363,28928
36363,99057
36363,58876
36363,66075
36363,86538
36363,48391
36363,40753
36363,68416
36363,13705
36363,60670
36363,34016
36363,26544
36363,20149
36363,6594
36363,76327
36363,26638
36363,84622
36363,21334
36363,70679
36363,66626
36363,99290
36363,37372
36363,29040
36363,61573
36363,57967
36363,62224
36363,57242
36363,97900
36363,72598
36363,73855
36363,18218
36363,29290
36363,74594
36363,45696
36363,65163
36363,90034
36363,35093
36363,4809
36363,12515
36363,86447
36363,93387
36363,80572
36363,10059
36363,39496
36363,652
36363,33252
73896,84844
73896,54084
73896,90965
73896,69909
73896,99710
73896,79668
73896,28680
73896,57372
73896,25155
73896,37605
73896,63867
73896,59121
73896,14340
73896,50306
73896,3545
73896,64416
73896,87810
73896,64451
73896,66638
73896,82241
73896,46159
73896,25310
73896,95763
73896,64417
73896,38932
73896,22048
73896,46068
73896,35573
73896,58424
73896,60979
73896,72149
73896,62725
73896,87765
73896,60388
73896,42452
73896,36162
73896,36866
73896,24848
73896,22340
73896,73798
73896,60211
73896,65681
73896,51055
73896,39491
73896,11125
73896,88776
73896,39274
73896,3193
73896,78824
73896,26405
73896,47172
73896,44043
73896,89624
73896,66992
73896,97872
73896,16897
73896,39301
73896,13914
73896,44672
73896,63866
73896,7685
73896,98684
73896,3228
73896,474
73896,80519
73896,14531
73896,47722
73896,48721
73896,65304
73896,92882
73896,63951
73896,70954
73896,39863
73896,42451
73896,1862
73896,13875
73896,7315
73896,50886
73896,62905
73896,65271
73896,92655
73896,6
73896,97323
73896,82969
73896,3086
73896,30860
73896,30719
73896,81497
73896,23594
73896,92866
73896,2500
73896,1608
73896,97475
73896,3924
73896,14290
73896,7926
73896,19451
73896,43003
73896,33181
73896,65432
73896,51810
73896,34523
73896,36891
73896,98615
73896,40584
73896,28495
73896,95994
73896,48898
73896,12138
73896,15718
73896,44313
73896,42723
73896,94691
73896,59114
73896,87941
73896,24353
73896,98521
73896,81927
73896,59338
73896,86997
73896,29982
73896,46828
73896,79834
73896,91314
73896,26544
73896,76900
73896,16012
73896,55319
73896,14425
73896,53770
73896,65295
73896,47820
73896,55639
73896,93735
73896,15566
73896,59113
73896,59817
73896,99792
73896,90219
73896,80842
73896,63297
73896,93464
73896,30170
73896,71569
73896,84622
73896,95995
73896,78995
73896,21334
73896,8796
73896,56747
73896,30481
73896,44348
73896,58617
73896,99290
73896,64039
73896,9239
73896,70600
73896,57837
73896,31580
73896,6090
73896,17354
73896,45185
73896,90275
73896,60730
73896,20130
73896,94202
73896,62224
73896,10692
73896,11038
73896,19851
73896,68857
73896,10353
73896,48609
73896,6463
73896,76147
73896,57242
73896,97900
73896,82993
73896,1829
73896,62851
73896,18445
73896,92100
73896,13278
73896,74176
73896,43081
73896,33249
73896,39310
73896,39058
73896,17185
73896,20445
73896,40557
73896,48933
73896,74594
73896,87993
73896,33450
73896,42982
73896,68607
73896,37735
73896,85038
73896,99757
73896,99473
73896,92966
73896,16291
73896,95796
73896,73409
73896,13373
73896,63531
73896,35240
73896,30692
73896,37022
73896,7137
73896,90650
73896,53056
73896,25838
73896,90808
73896,5062
73896,64597
73896,49307
73896,33252
73896,21236
73896,44128
69975,41477
69975,53926
69975,17253
69975,53643
69975,63867
69975,14340
69975,90113
69975,50306
69975,81332
69975,64416
69975,70434
69975,10564
69975,29210
69975,62725
69975,69995
69975,36866
69975,4731
69975,11125
69975,70782
69975,26165
69975,3617
69975,58143
69975,97893
69975,82739
69975,16897
69975,7685
69975,27671
69975,72277
69975,36215
69975,16081
69975,7315
69975,84441
69975,92655
69975,3086
69975,64747
69975,49806
69975,97475
69975,34924
69975,27199
69975,3924
69975,62515
69975,54974
69975,45216
69975,87269
69975,15889
69975,25706
69975,12138
69975,16425
69975,70511
69975,87941
69975,96507
69975,85606
69975,59338
69975,19152
69975,84822
69975,72364
69975,91314
69975,82847
69975,57173
69975,72929
69975,13968
69975,19028
69975,49068
69975,28935
69975,92622
69975,29682
69975,45841
69975,90219
69975,6594
69975,74988
69975,99173
69975,83902
69975,19147
69975,38589
69975,50307
69975,48745
69975,61025
69975,90275
69975,81307
69975,75529
69975,18882
69975,37106
69975,72568
69975,8536
69975,17736
69975,29704
69975,51097
69975,56407
69975,61238
69975,55334
69975,96402
69975,13278
69975,39058
69975,28282
69975,88089
69975,79138
69975,8697
69975,21831
69975,62826
69975,65163
69975,24072
69975,41543
69975,4809
69975,30568
69975,92282
69975,91319
69975,65334
69975,93387
69975,80759
69975,64575
69975,89096
69975,5062
69975,74088
69975,74888
7487,40696
7487,94649
7487,53643
7487,25155
7487,74649
7487,29759
7487,14613
7487,84178
7487,61726
7487,87030
7487,3805
7487,34874
7487,10428
7487,1272
7487,81015
7487,36458
7487,70392
7487,46461
7487,39983
7487,53548
7487,11960
7487,38335
7487,64417
7487,24302
7487,10563
7487,65268
7487,8287
7487,48196
7487,58424
7487,6510
7487,98463
7487,54857
7487,24848
7487,73733
7487,9150
7487,78373
7487,4731
7487,51710
7487,23385
7487,58143
7487,63014
7487,44043
7487,89624
7487,16897
7487,2820
7487,29628
7487,78983
7487,48721
7487,5949
7487,28110
7487,12812
7487,51431
7487,54361
7487,66326
7487,41019
7487,50886
7487,46061
7487,13512
7487,96678
7487,2500
7487,62153
7487,84059
7487,28928
7487,14290
7487,80887
7487,75147
7487,18674
7487,80999
7487,65432
7487,54974
7487,29358
7487,31024
7487,71128
7487,87269
7487,12242
7487,94363
7487,113
7487,48898
7487,15718
7487,40753
7487,97287
7487,63663
7487,37512
7487,73295
7487,62444
7487,74421
7487,47292
7487,19152
7487,29982
7487,37212
7487,79834
7487,47212
7487,57173
7487,82639
7487,11766
7487,95408
7487,26544
7487,5943
7487,39383
7487,93735
7487,86161
7487,37840
7487,53495
7487,29682
7487,47884
7487,26074
7487,48302
7487,18845
7487,2997
7487,74988
7487,69725
7487,21334
7487,38211
7487,63028
7487,18165
7487,7339
7487,29040
7487,70600
7487,82703
7487,43946
7487,78665
7487,61573
7487,57967
7487,67009
7487,79515
7487,24497
7487,19851
7487,22436
7487,67747
7487,63620
7487,76147
7487,78177
7487,75529
7487,59844
7487,37106
7487,72568
7487,8536
7487,93507
7487,55334
7487,33249
7487,18218
7487,38591
7487,69661
7487,88089
7487,9835
7487,45696
7487,68607
7487,90034
7487,2677
7487,18808
7487,84551
7487,24072
7487,52703
7487,95796
7487,13373
7487,64575
7487,9169
7487,13395
7487,78277
7487,90085
7487,17930
7487,39496
7487,697
7487,94637
7487,33252
7487,1711
32999,59135
32999,87030
32999,3545
32999,66638
32999,39824
32999,82241
32999,46461
32999,38578
32999,95763
32999,10520
32999,10564
32999,74059
32999,10563
32999,87765
32999,54857
32999,39080
32999,39491
32999,28105
32999,51678
32999,64607
32999,26030
32999,97872
32999,13148
32999,30614
32999,84786
32999,43875
32999,41019
32999,50886
32999,27522
32999,92866
32999,43175
32999,2500
32999,1608
32999,97475
32999,74365
32999,96691
32999,46692
32999,91832
32999,31024
32999,40584
32999,91374
32999,42635
32999,3793
32999,37512
32999,66004
32999,81927
32999,19152
32999,53695
32999,58951
32999,9031
32999,91314
32999,9621
32999,60670
32999,42819
32999,14425
32999,9053
32999,14240
32999,95338
32999,99173
32999,58578
32999,26638
32999,78995
32999,95265
32999,21334
32999,12104
32999,99290
32999,27266
32999,82703
32999,45925
32999,38589
32999,31580
32999,48745
32999,17354
32999,20130
32999,77942
32999,24497
32999,68857
32999,10353
32999,63777
32999,48609
32999,1674
32999,59844
32999,12599
32999,92503
32999,93507
32999,16758
32999,52708
32999,69125
32999,74722
32999,1829
32999,61238
32999,55334
32999,57589
32999,32176
32999,92100
32999,62826
32999,65163
32999,35093
32999,92282
32999,10424
32999,65334
32999,82704
32999,37022
32999,91043
32999,90650
32999,51334
32999,5062
32999,52110
86796,53926
86796,84230
86796,12361
86796,25155
86796,37711
86796,65887
86796,88731
86796,59135
86796,55515
86796,46159
86796,87765
86796,29923
86796,62704
86796,7697
86796,64607
86796,43461
86796,50055
86796,7685
86796,29628
86796,12812
86796,42451
86796,63871
86796,92548
86796,3086
86796,97475
86796,34924
86796,80887
86796,46692
86796,7926
86796,19451
86796,65664
86796,11158
86796,87269
86796,1198
86796,113
86796,4177
86796,59054
86796,34808
86796,16425
86796,85606
86796,69465
86796,47881
86796,9621
86796,95408
86796,14425
86796,47820
86796,21026
86796,29682
86796,56529
86796,76327
86796,99173
86796,64039
86796,28714
86796,9239
86796,43946
86796,17354
86796,71663
86796,20130
86796,10353
86796,63777
86796,75529
86796,92503
86796,93507
86796,55334
86796,13278
86796,87993
86796,52638
86796,19794
86796,74088
59391,39243
59391,2885
59391,79668
59391,29838
59391,73945
59391,59121
59391,50306
59391,66638
59391,10520
59391,64417
59391,24302
59391,74059
59391,10563
59391,5957
59391,78373
59391,41190
59391,22620
59391,43461
59391,83365
59391,13914
59391,76214
59391,29628
59391,90375
59391,14531
59391,36215
59391,29884
59391,63951
59391,54361
59391,80996
59391,9915
59391,6346
59391,92548
59391,3086
59391,30719
59391,49679
59391,74600
59391,78229
59391,74365
59391,3924
59391,43003
59391,19091
59391,80321
59391,36891
59391,71128
59391,113
59391,84595
59391,96472
59391,37654
59391,47003
59391,86997
59391,67349
59391,61309
59391,60670
59391,65295
59391,95853
59391,6594
59391,42923
59391,12104
59391,70679
59391,58617
59391,12237
59391,45925
59391,7025
59391,63620
59391,75529
59391,86833
59391,90546
59391,69125
59391,7536
59391,88089
59391,39993
59391,95796
59391,65334
59391,9169
59391,52638
59391,74088
59391,74888
59391,33470
24552,84844
24552,70994
24552,90965
24552,99322
24552,79668
24552,695
24552,74649
24552,63867
24552,14613
24552,14210
24552,73945
24552,98122
24552,61726
24552,22517
24552,72594
24552,10428
24552,83129
24552,70434
24552,82241
24552,39983
24552,38578
24552,39079
24552,87781
24552,95763
24552,38335
24552,50136
24552,8287
24552,88384
24552,62725
24552,98463
24552,54857
24552,58245
24552,22340
24552,9150
24552,92155
24552,39080
24552,41435
24552,51846
24552,65681
24552,78373
24552,41190
24552,37570
24552,11125
24552,62803
24552,23385
24552,58143
24552,66992
24552,94556
24552,26030
24552,97872
24552,8309
24552,69711
24552,51855
24552,7685
24552,2820
24552,30883
24552,13148
24552,28429
24552,72277
24552,30614
24552,36215
24552,89332
24552,12812
24552,51431
24552,70954
24552,30205
24552,42451
24552,1862
24552,9915
24552,46061
24552,92548
24552,34524
24552,30860
24552,64775
24552,27522
24552,43175
24552,48489
24552,34924
24552,84059
24552,92236
24552,19451
24552,80999
24552,33181
24552,65432
24552,58876
24552,27455
24552,65664
24552,51810
24552,11158
24552,34523
24552,29358
24552,32541
24552,98615
24552,12242
24552,15889
24552,88161
24552,75920
24552,40753
24552,97287
24552,42635
24552,63663
24552,3793
24552,49424
24552,73295
24552,63042
24552,59114
24552,48430
24552,71951
24552,66004
24552,48756
24552,55814
24552,85606
24552,19152
24552,86997
24552,69465
24552,46828
24552,67349
24552,58951
24552,61309
24552,91314
24552,47881
24552,57173
24552,26544
24552,76900
24552,11733
24552,16012
24552,47820
24552,26761
24552,72659
24552,87456
24552,81743
24552,53495
24552,41473
24552,29682
24552,39888
24552,84280
24552,80842
24552,93464
24552,70167
24552,30170
24552,95853
24552,14299
24552,8982
24552,95995
24552,42987
24552,78995
24552,95265
24552,30846
24552,85542
24552,58159
24552,70679
24552,83902
24552,18165
24552,27266
24552,29040
24552,82703
24552,6927
24552,79067
24552,6090
24552,13613
24552,48745
24552,43746
24552,59783
24552,94202
24552,77942
24552,24497
24552,10692
24552,11038
24552,19851
24552,68857
24552,10353
24552,22436
24552,63620
24552,4925
24552,21855
24552,78177
24552,59844
24552,12599
24552,57242
24552,92503
24552,8536
24552,17736
24552,29704
24552,33196
24552,40938
24552,74499
24552,16758
24552,82993
24552,77844
24552,34076
24552,18841
24552,5059
24552,62851
24552,58681
24552,92100
24552,18218
24552,20762
24552,20445
24552,88486
24552,62826
24552,97754
24552,4809
24552,99454
24552,9320
24552,64575
24552,9169
24552,52638
24552,78277
24552,90085
24552,95180
24552,65114
24552,47458
24552,10059
24552,94637
24552,10958
24552,74088
24552,21236
24552,44128
24552,7197
24552,97957
15322,2885
15322,50797
15322,53926
15322,90965
15322,69909
15322,79668
15322,57372
15322,96311
15322,63867
15322,29759
15322,73945
15322,98122
15322,14340
15322,61726
15322,3545
15322,66638
15322,92369
15322,70392
15322,78355
15322,79095
15322,95594
15322,93944
15322,10520
15322,10564
15322,50136
15322,49983
15322,43652
15322,10563
15322,38932
15322,1795
15322,60979
15322,29210
15322,69995
15322,50015
15322,98463
15322,36866
15322,58245
15322,30083
15322,46431
15322,39274
15322,60090
15322,62704
15322,63014
15322,43461
15322,89624
15322,62707
15322,44672
15322,98684
15322,2820
15322,76214
15322,90375
15322,49612
15322,16081
15322,89332
15322,71870
15322,94560
15322,20562
15322,30205
15322,66326
15322,43875
15322,50886
15322,84441
15322,1836
15322,92655
15322,93016
15322,19897
15322,74600
15322,70282
15322,24548
15322,78229
15322,64747
15322,57494
15322,2500
15322,1608
15322,97475
15322,16722
15322,14421
15322,63112
15322,3924
15322,21793
15322,99162
15322,21092
15322,53082
15322,65432
15322,4071
15322,80321
15322,36891
15322,24070
15322,81052
15322,1198
15322,15889
15322,95994
15322,7021
15322,15718
15322,4177
15322,24234
15322,42723
15322,49424
15322,70511
15322,94691
15322,59114
15322,48430
15322,62444
15322,13122
15322,50883
15322,24353
15322,19152
15322,86997
15322,48612
15322,20079
15322,46828
15322,67349
15322,6816
15322,9031
15322,91314
15322,10042
15322,15096
15322,52905
15322,42819
15322,26544
15322,62943
15322,36851
15322,16012
15322,53770
15322,39383
15322,55639
15322,26761
15322,49068
15322,87379
15322,92622
15322,29682
15322,78675
15322,80842
15322,93464
15322,8982
15322,95995
15322,30846
15322,6856
15322,8796
15322,62837
15322,38211
15322,44348
15322,76511
15322,10513
15322,9239
15322,70600
15322,79067
15322,38589
15322,57837
15322,6090
15322,4027
15322,57782
15322,45185
15322,43746
15322,94730
15322,77841
15322,81307
15322,61326
15322,36956
15322,12333
15322,22436
15322,67747
15322,48609
15322,6463
15322,2584
15322,18882
15322,78591
15322,72568
15322,97900
15322,72270
15322,77844
15322,34076
15322,11238
15322,51097
15322,5059
15322,56407
15322,55334
15322,84135
15322,58681
15322,13278
15322,43081
15322,28282
15322,20445
15322,40557
15322,69661
15322,9835
15322,998
15322,65163
15322,35093
15322,16216
15322,18064
15322,35240
15322,30692
15322,36323
15322,90650
15322,53056
15322,90085
15322,95180
15322,17930
15322,10059
15322,697
15322,10958
15322,74088
15322,33252
15322,52110
15322,59530
18181,70994
18181,53643
18181,25155
18181,37711
18181,29759
18181,40029
18181,59121
18181,16021
18181,61726
18181,3545
18181,7612
18181,66638
18181,83129
18181,70392
18181,46461
18181,95594
18181,8013
18181,35573
18181,6510
18181,42452
18181,82315
18181,22340
18181,11153
18181,4731
18181,11125
18181,78824
18181,3617
18181,86807
18181,43461
18181,39301
18181,91
18181,29884
18181,28110
18181,98151
18181,46061
18181,92655
18181,6
18181,13512
18181,27254
18181,86289
18181,57494
18181,14421
18181,27199
18181,22528
18181,3924
18181,18674
18181,72188
18181,4071
18181,5199
18181,19091
18181,80321
18181,86538
18181,113
18181,4177
18181,37512
18181,73295
18181,13122
18181,81927
18181,55814
18181,13705
18181,85606
18181,86997
18181,37212
18181,89757
18181,6525
18181,58660
18181,10042
18181,96149
18181,47881
18181,57173
18181,42819
18181,26544
18181,14425
18181,65295
18181,47820
18181,88953
18181,84280
18181,20149
18181,62293
18181,44976
18181,87505
18181,95995
18181,42923
18181,38211
18181,10343
18181,37372
18181,82703
18181,79589
18181,57837
18181,13613
18181,63620
18181,75529
18181,37787
18181,18882
18181,37106
18181,92503
18181,40938
18181,74499
18181,16758
18181,72270
18181,73855
18181,82741
18181,43081
18181,33249
18181,20445
18181,49957
18181,74594
18181,68607
18181,41543
18181,99454
18181,61976
18181,10059
18181,51334
18181,1318
18181,46196
18181,697
18181,80686
18181,33252
18181,74888
18181,80200
20457,97522
20457,46602
20457,50797
20457,53926
20457,90965
20457,57372
20457,96311
20457,88731
20457,2126
20457,84178
20457,8980
20457,81332
20457,7612
20457,1272
20457,70434
20457,53548
20457,69427
20457,38335
20457,76581
20457,10563
20457,58424
20457,60979
20457,76017
20457,36866
20457,24848
20457,11153
20457,65538
20457,4731
20457,11125
20457,3617
20457,2418
20457,10079
20457,23385
20457,63014
20457,44043
20457,8309
20457,63866
20457,98684
20457,30883
20457,474
20457,49195
20457,29884
20457,48721
20457,71870
20457,54361
20457,41019
20457,3086
20457,42102
20457,64775
20457,81497
20457,27522
20457,92866
20457,64747
20457,43175
20457,2500
20457,62153
20457,84059
20457,63112
20457,74365
20457,43003
20457,31024
20457,22110
20457,71128
20457,25706
20457,48898
20457,7021
20457,4177
20457,84024
20457,70511
20457,48430
20457,73346
20457,13122
20457,85606
20457,46828
20457,67349
20457,61309
20457,10042
20457,42819
20457,13968
20457,39383
20457,15566
20457,49068
20457,72659
20457,87456
20457,59817
20457,70167
20457,15956
20457,6856
20457,83902
20457,63028
20457,27266
20457,70600
20457,43946
20457,6815
20457,6090
20457,48745
20457,85262
20457,61326
20457,10353
20457,44244
20457,63620
20457,4312
20457,59844
20457,57242
20457,8536
20457,76145
20457,67921
20457,52708
20457,56489
20457,66713
20457,62851
20457,55334
20457,84135
20457,92100
20457,13278
20457,20762
20457,17185
20457,65896
20457,33450
20457,42982
20457,97567
20457,90034
20457,85617
20457,41543
20457,99473
20457,16216
20457,12515
20457,13373
20457,37022
20457,73539
20457,52638
20457,91043
20457,53056
20457,90085
20457,75733
20457,46196
20457,94637
20457,10958
60860,12376
60860,94791
60860,53926
60860,99710
60860,96311
60860,88731
60860,43735
60860,84178
60860,98122
60860,59135
60860,43092
60860,3545
60860,64451
60860,55515
60860,91713
60860,70392
60860,11960
60860,25310
60860,79095
60860,8013
60860,49983
60860,76581
60860,38932
60860,48196
60860,58424
60860,60979
60860,58914
60860,59292
60860,76017
60860,42452
60860,82315
60860,36866
60860,11153
60860,9150
60860,39491
60860,37570
60860,51451
60860,22648
60860,77441
60860,3193
60860,78824
60860,51710
60860,47172
60860,66992
60860,44582
60860,16897
60860,13914
60860,98684
60860,30883
60860,72277
60860,47722
60860,89332
60860,71870
60860,28110
60860,12812
60860,50886
60860,48244
60860,65271
60860,92655
60860,92548
60860,30860
60860,30719
60860,96678
60860,49679
60860,24548
60860,22799
60860,43175
60860,2500
60860,1608
60860,49806
60860,97475
60860,82707
60860,14421
60860,19487
60860,83163
60860,65432
60860,18030
60860,29358
60860,66075
60860,31024
60860,45216
60860,71128
60860,94363
60860,48391
60860,59063
60860,42635
60860,16425
60860,3793
60860,68416
60860,37512
60860,70511
60860,48430
60860,50883
60860,81927
60860,29982
60860,79834
60860,96149
60860,47212
60860,57173
60860,72929
60860,34016
60860,42819
60860,26544
60860,36851
60860,13968
60860,53770
60860,39383
60860,93735
60860,1349
60860,15566
60860,73704
60860,41473
60860,92622
60860,99792
60860,45841
60860,62293
60860,35999
60860,95995
60860,69725
60860,38211
60860,64039
60860,37372
60860,50519
60860,29040
60860,6815
60860,79067
60860,13613
60860,45185
60860,7025
60860,43746
60860,77964
60860,57967
60860,12407
60860,61326
60860,79515
60860,45770
60860,19851
60860,68857
60860,22436
60860,18882
60860,59844
60860,57242
60860,72568
60860,97900
60860,93507
60860,76145
60860,3913
60860,90546
60860,49942
60860,69125
60860,7536
60860,74722
60860,5059
60860,61238
60860,84135
60860,32176
60860,79102
60860,79138
60860,21831
60860,998
60860,35093
60860,37735
60860,84551
60860,4809
60860,99757
60860,99473
60860,92966
60860,73409
60860,91319
60860,93387
60860,73539
60860,64575
60860,61976
60860,90650
60860,19794
60860,80572
60860,90085
60860,95180
60860,47458
60860,39496
60860,1318
60860,697
60860,652
60860,44128
60860,7197
16393,90482
16393,1064
16393,41477
16393,97522
16393,2885
16393,50797
16393,94649
16393,6420
16393,65887
16393,15989
16393,59121
16393,81332
16393,43092
16393,7612
16393,72594
16393,70434
16393,49372
16393,46159
16393,78355
16393,20460
16393,36875
16393,38335
16393,76581
16393,8287
16393,48196
16393,1795
16393,47260
16393,96937
16393,72149
16393,59292
16393,73445
16393,22340
16393,92155
16393,26165
16393,10079
16393,47172
16393,43461
16393,97872
16393,16897
16393,39301
16393,90375
16393,78983
16393,17936
16393,9891
16393,97386
16393,71870
16393,5949
16393,46061
16393,6346
16393,3086
16393,49679
16393,23594
16393,70282
16393,24548
16393,78229
16393,13285
16393,27199
16393,63112
16393,74365
16393,14290
16393,36838
16393,79278
16393,43003
16393,4071
16393,51810
16393,80321
16393,31024
16393,32541
16393,15889
16393,88161
16393,4177
16393,84595
16393,96472
16393,91374
16393,44313
16393,42635
16393,34808
16393,49424
16393,73295
16393,70511
16393,48430
16393,50883
16393,13705
16393,74421
16393,47292
16393,29982
16393,82814
16393,37212
16393,9031
16393,8669
16393,68658
16393,15096
16393,34016
16393,11766
16393,5943
16393,14425
16393,1349
16393,88953
16393,72659
16393,73704
16393,59113
16393,41473
16393,92622
16393,45841
16393,75375
16393,35999
16393,12104
16393,58159
16393,19147
16393,27266
16393,50519
16393,6927
16393,6815
16393,13613
16393,45185
16393,62224
16393,61326
16393,22436
16393,44244
16393,2584
16393,37787
16393,4312
16393,86833
16393,8536
16393,55184
16393,40938
16393,82993
16393,49942
16393,34076
16393,52708
16393,60549
16393,51097
16393,33249
16393,17185
16393,69661
16393,45696
16393,998
16393,97754
16393,85617
16393,2677
16393,84551
16393,73409
16393,86447
16393,30692
16393,37022
16393,73873
16393,61976
16393,90650
16393,80572
16393,88311
16393,17930
16393,21236
16393,80200
16393,7197
18414,97522
18414,2885
18414,92369
18414,39983
18414,69427
18414,36875
18414,38335
18414,64417
18414,41435
18414,39491
18414,77441
18414,63014
18414,39301
18414,36215
18414,39863
18414,30205
18414,6
18414,42102
18414,49679
18414,78229
18414,57494
18414,96691
18414,80999
18414,13122
18414,66004
18414,67349
18414,8669
18414,11766
18414,72410
18414,53770
18414,39383
18414,34448
18414,15566
18414,18845
18414,42987
18414,69725
18414,8796
18414,58617
18414,76511
18414,64039
18414,27266
18414,7339
18414,38589
18414,6090
18414,85262
18414,45185
18414,1674
18414,59844
18414,52708
18414,66713
18414,13278
18414,18218
18414,17185
18414,79138
18414,33450
18414,2677
18414,18808
18414,41543
18414,65334
18414,73539
18414,20515
18414,33470
89790,84178
89790,87030
89790,3805
89790,83129
89790,1272
89790,53548
89790,69427
89790,87781
89790,10563
89790,5957
89790,46068
89790,47260
89790,98463
89790,36866
89790,41435
89790,4731
89790,2418
89790,10079
89790,87239
89790,7697
89790,44582
89790,39301
89790,63866
89790,474
89790,68964
89790,39863
89790,41019
89790,6
89790,42102
89790,96691
89790,36838
89790,19487
89790,19091
89790,48391
89790,7021
89790,13122
89790,66004
89790,61309
89790,9031
89790,5943
89790,26618
89790,26638
89790,42987
89790,8796
89790,7339
89790,6090
89790,85262
89790,22436
89790,1674
89790,85225
89790,90546
89790,69125
89790,79102
89790,33249
89790,9835
89790,97754
89790,90034
89790,2677
89790,16216
89790,27660
89790,91319
89790,63531
89790,64575
89790,91043
89790,90808
89790,652
89790,1711
89790,59530
80846,41477
80846,70994
80846,12999
80846,90965
80846,99322
80846,99710
80846,37605
80846,74649
80846,65887
80846,63867
80846,49558
80846,14210
80846,98122
80846,59121
80846,3805
80846,72594
80846,1272
80846,91713
80846,70392
80846,53548
80846,20460
80846,59176
80846,10520
80846,10564
80846,10563
80846,65268
80846,48196
80846,59292
80846,98463
80846,65538
80846,51451
80846,3193
80846,7697
80846,64607
80846,44043
80846,26030
80846,83365
80846,44582
80846,63866
80846,90375
80846,78983
80846,49612
80846,9891
80846,18765
80846,80996
80846,66326
80846,1862
80846,98151
80846,48244
80846,42102
80846,49679
80846,78229
80846,13285
80846,57494
80846,1608
80846,16722
80846,36838
80846,19487
80846,18674
80846,33181
80846,72188
80846,65432
80846,58876
80846,18030
80846,45216
80846,15889
80846,25706
80846,88161
80846,94363
80846,12138
80846,59054
80846,40753
80846,84024
80846,16425
80846,98521
80846,55814
80846,96507
80846,13705
80846,67349
80846,79834
80846,8669
80846,91314
80846,47881
80846,95408
80846,26544
80846,36851
80846,14425
80846,55639
80846,34448
80846,81743
80846,78675
80846,93464
80846,95853
80846,6594
80846,75375
80846,99173
80846,58578
80846,70254
80846,70679
80846,58617
80846,76511
80846,56359
80846,64039
80846,6090
80846,48745
80846,78665
80846,45185
80846,28799
80846,94202
80846,22436
80846,48609
80846,21855
80846,85225
80846,90546
80846,40938
80846,72270
80846,45506
80846,77844
80846,52708
80846,56489
80846,7536
80846,74722
80846,57589
80846,17185
80846,42982
80846,61825
80846,90034
80846,16216
80846,99454
80846,73539
80846,64575
80846,61976
80846,90650
80846,53056
80846,89642
80846,90085
80846,80200
15163,12376
15163,97522
15163,12999
15163,90965
15163,69909
15163,99322
15163,12361
15163,28680
15163,25155
15163,65887
15163,49558
15163,59121
15163,87030
15163,43092
15163,70434
15163,11960
15163,10520
15163,64417
15163,10563
15163,1795
15163,58424
15163,42452
15163,39080
15163,51846
15163,39491
15163,28105
15163,88776
15163,29923
15163,68169
15163,13748
15163,87239
15163,62704
15163,66992
15163,26030
15163,83365
15163,51855
15163,44672
15163,2820
15163,72277
15163,16081
15163,12812
15163,34274
15163,84441
15163,82969
15163,90997
15163,17740
15163,70282
15163,34924
15163,84059
15163,96691
15163,14290
15163,36838
15163,19487
15163,21092
15163,33181
15163,72188
15163,54974
15163,27455
15163,51810
15163,11158
15163,19091
15163,45216
15163,40584
15163,81052
15163,87269
15163,12242
15163,48898
15163,4177
15163,16425
15163,63663
15163,68416
15163,59114
15163,13122
15163,24353
15163,19152
15163,69465
15163,53695
15163,46428
15163,58660
15163,91314
15163,54466
15163,10042
15163,47881
15163,9621
15163,52905
15163,11766
15163,62943
15163,13968
15163,14425
15163,15566
15163,49068
15163,72659
15163,37840
15163,56529
15163,26074
15163,93464
15163,99173
15163,42987
15163,69725
15163,95265
15163,97247
15163,42923
15163,30481
15163,56359
15163,7339
15163,82703
15163,85262
15163,29811
15163,71663
15163,10353
15163,44244
15163,48609
15163,78177
15163,75529
15163,18882
15163,59844
15163,86833
15163,97900
15163,29704
15163,72270
15163,56489
15163,7536
15163,74722
15163,6374
15163,88089
15163,74594
15163,61825
15163,31910
15163,90034
15163,35093
15163,37735
15163,41543
15163,16291
15163,12515
15163,73409
15163,82704
15163,35240
15163,30692
15163,93387
15163,73539
15163,42374
15163,80572
15163,90085
15163,75733
15163,89967
15163,20515
15163,1318
15163,33470
57572,54084
57572,39243
57572,70994
57572,69909
57572,73918
57572,94649
57572,17253
57572,79668
57572,53643
57572,32818
57572,57372
57572,49558
57572,88731
57572,43735
57572,73945
57572,98122
57572,94916
57572,43092
57572,66638
57572,83129
57572,55515
57572,30965
57572,51625
57572,46461
57572,69427
57572,50136
57572,43652
57572,5957
57572,29210
57572,88384
57572,59292
57572,60388
57572,50015
57572,73445
57572,65681
57572,51055
57572,51451
57572,22648
57572,70782
57572,39274
57572,3617
57572,23385
57572,7697
57572,47172
57572,69711
57572,27671
57572,76214
57572,67649
57572,28110
57572,80996
57572,68964
57572,42451
57572,9915
57572,66501
57572,13875
57572,19581
57572,48244
57572,62905
57572,1836
57572,6
57572,92548
57572,97323
57572,25460
57572,64775
57572,86289
57572,64747
57572,97475
57572,82707
57572,14421
57572,51181
57572,54129
57572,99057
57572,80999
57572,65432
57572,4071
57572,54974
57572,29358
57572,80321
57572,31024
57572,45216
57572,24070
57572,12906
57572,15889
57572,61524
57572,88161
57572,113
57572,48898
57572,42635
57572,34808
57572,37654
57572,49424
57572,73295
57572,25316
57572,50883
57572,13705
57572,85606
57572,47292
57572,46828
57572,6816
57572,58951
57572,6525
57572,10042
57572,47881
57572,15096
57572,26761
57572,9588
57572,49068
57572,9053
57572,37840
57572,41473
57572,29682
57572,26618
57572,20149
57572,90219
57572,14299
57572,28136
57572,15956
57572,2997
57572,44976
57572,26638
57572,95995
57572,69725
57572,95265
57572,21334
57572,56747
57572,44348
57572,66626
57572,28714
57572,10343
57572,45925
57572,79589
57572,17354
57572,4027
57572,43746
57572,48790
57572,94730
57572,77964
57572,60730
57572,21683
57572,36956
57572,10692
57572,12333
57572,1674
57572,6463
57572,75529
57572,4312
57572,37106
57572,97900
57572,93507
57572,76145
57572,3913
57572,67921
57572,56489
57572,61238
57572,18445
57572,32176
57572,92100
57572,13278
57572,28282
57572,20445
57572,49957
57572,45696
57572,62826
57572,97567
57572,65163
57572,97754
57572,90034
57572,37735
57572,99757
57572,12515
57572,95796
57572,18064
57572,73539
57572,64575
57572,7137
57572,89642
57572,75733
57572,35079
57572,90808
57572,1318
57572,49307
57572,33252
81748,39243
81748,50797
81748,73918
81748,28680
81748,96311
81748,37711
81748,14613
81748,40029
81748,36078
81748,98122
81748,22551
81748,20082
81748,79650
81748,81332
81748,77939
81748,87810
81748,59176
81748,10520
81748,8013
81748,76581
81748,65268
81748,58424
81748,47260
81748,76017
81748,69995
81748,50015
81748,36162
81748,73445
81748,22340
81748,73798
81748,9150
81748,78428
81748,77441
81748,39274
81748,60090
81748,13748
81748,10079
81748,43461
81748,39301
81748,62707
81748,29628
81748,49612
81748,18765
81748,47066
81748,65304
81748,54361
81748,1862
81748,50886
81748,62905
81748,1836
81748,6
81748,42102
81748,30719
81748,27522
81748,43175
81748,27199
81748,96691
81748,54129
81748,4071
81748,58876
81748,29358
81748,82093
81748,98615
81748,40584
81748,12906
81748,1198
81748,61524
81748,88161
81748,28495
81748,48391
81748,7021
81748,84595
81748,96472
81748,59063
81748,84024
81748,3793
81748,37512
81748,70511
81748,73346
81748,50883
81748,66004
81748,81927
81748,19152
81748,82814
81748,46428
81748,6525
81748,95408
81748,5943
81748,11733
81748,16012
81748,53770
81748,9053
81748,37840
81748,41473
81748,92622
81748,84280
81748,36296
81748,28136
81748,99173
81748,95995
81748,6856
81748,38211
81748,30481
81748,76511
81748,10513
81748,84083
81748,83902
81748,99290
81748,64039
81748,43946
81748,50307
81748,61025
81748,28799
81748,94202
81748,67009
81748,19851
81748,68857
81748,78177
81748,78591
81748,57242
81748,97900
81748,8536
81748,90546
81748,40938
81748,16758
81748,67921
81748,56489
81748,69125
81748,7536
81748,74722
81748,1829
81748,56407
81748,84135
81748,58681
81748,13278
81748,17185
81748,38591
81748,33450
81748,8697
81748,21831
81748,85038
81748,92282
81748,52703
81748,12515
81748,73409
81748,99454
81748,89249
81748,30692
81748,9169
81748,61976
81748,19794
81748,90085
81748,75733
81748,65114
81748,89096
81748,32666
81748,10059
81748,90808
81748,697
81748,80686
81748,94637
81748,33252
81748,1711
12991,84844
12991,41477
12991,94791
12991,99710
12991,79668
12991,53643
12991,57372
12991,74649
12991,14613
12991,98122
12991,79650
12991,44305
12991,22517
12991,46159
12991,39079
12991,20460
12991,10520
12991,49983
12991,5957
12991,60211
12991,92155
12991,65538
12991,91642
12991,78373
12991,40875
12991,2418
12991,3003
12991,69711
12991,39301
12991,78983
12991,36215
12991,5949
12991,65304
12991,63951
12991,66501
12991,45177
12991,97475
12991,34924
12991,82707
12991,62515
12991,7926
12991,36854
12991,4071
12991,32541
12991,37195
12991,29822
12991,84024
12991,97287
12991,47003
12991,63042
12991,98521
12991,55814
12991,67349
12991,53695
12991,82814
12991,61309
12991,47881
12991,62943
12991,39383
12991,55639
12991,59817
12991,99792
12991,45841
12991,80842
12991,30170
12991,95995
12991,85542
12991,38798
12991,56747
12991,83902
12991,56359
12991,63028
12991,99290
12991,79067
12991,6090
12991,57967
12991,81307
12991,94202
12991,10692
12991,4232
12991,37106
12991,5059
12991,61238
12991,57589
12991,92100
12991,17185
12991,28282
12991,17526
12991,33450
12991,97567
12991,72466
12991,84551
12991,99454
12991,73873
12991,80759
12991,64575
12991,61976
12991,19794
12991,75733
12991,66677
12991,10059
12991,89967
12991,74888
12991,21236
31760,54084
31760,39885
31760,70994
31760,94791
31760,695
31760,29838
31760,37711
31760,29759
31760,49558
31760,59121
31760,20082
31760,61726
31760,43092
31760,1503
31760,92369
31760,49372
31760,69427
31760,11960
31760,8013
31760,43652
31760,5957
31760,6510
31760,54857
31760,22340
31760,30083
31760,88776
31760,47172
31760,86807
31760,63014
31760,69711
31760,27671
31760,90375
31760,72277
31760,14531
31760,49612
31760,47722
31760,12812
31760,54361
31760,39863
31760,30205
31760,66326
31760,98151
31760,50886
31760,46061
31760,19581
31760,65271
31760,1836
31760,97323
31760,93016
31760,13285
31760,57494
31760,62153
31760,97475
31760,48489
31760,74365
31760,54129
31760,18674
31760,21092
31760,91832
31760,65432
31760,58876
31760,19091
31760,80321
31760,94363
31760,7021
31760,59063
31760,44313
31760,42635
31760,68416
31760,73295
31760,70511
31760,13122
31760,13705
31760,74421
31760,29982
31760,46828
31760,89757
31760,58660
31760,47881
31760,57173
31760,79870
31760,34016
31760,21947
31760,11733
31760,4272
31760,55639
31760,86161
31760,9053
31760,47187
31760,62293
31760,93464
31760,48302
31760,28136
31760,95265
31760,30846
31760,84083
31760,63028
31760,37372
31760,43946
31760,38589
31760,57837
31760,78665
31760,61326
31760,63620
31760,6463
31760,8628
31760,75529
31760,3101
31760,62789
31760,40938
31760,16758
31760,72270
31760,45506
31760,34076
31760,11238
31760,73855
31760,74594
31760,87993
31760,68607
31760,35093
31760,4809
31760,99473
31760,92966
31760,35240
31760,61976
31760,13395
31760,16219
31760,66677
31760,39496
31760,35079
31760,652
31760,74888
78947,28620
78947,53643
78947,40029
78947,91713
78947,11960
78947,8013
78947,5957
78947,38932
78947,6510
78947,7959
78947,92155
78947,22648
78947,88776
78947,66992
78947,94556
78947,69711
78947,39301
78947,17936
78947,14531
78947,47066
78947,66326
78947,19581
78947,3086
78947,96678
78947,27522
78947,13285
78947,48489
78947,74365
78947,21793
78947,96691
78947,14290
78947,5199
78947,66075
78947,48391
78947,15718
78947,4177
78947,73295
78947,19152
78947,58660
78947,57173
78947,34016
78947,4272
78947,88953
78947,37840
78947,81743
78947,78675
78947,84280
78947,8982
78947,76793
78947,26638
78947,95265
78947,66626
78947,82703
78947,61573
78947,63620
78947,78591
78947,37106
78947,34076
78947,10188
78947,74594
78947,87993
78947,88486
78947,35093
78947,24072
78947,99473
78947,53056
78947,10059
78947,51334
78947,85528
17661,54084
17661,1064
17661,53926
17661,84230
17661,12361
17661,53643
17661,40029
17661,79650
17661,7612
17661,3805
17661,66638
17661,81015
17661,68556
17661,58424
17661,51451
17661,51678
17661,43461
17661,50055
17661,51855
17661,29628
17661,28429
17661,48721
17661,97386
17661,66326
17661,13875
17661,98151
17661,65271
17661,92548
17661,19897
17661,26935
17661,97475
17661,19451
17661,51810
17661,11158
17661,1198
17661,4177
17661,59054
17661,91374
17661,42635
17661,34808
17661,71951
17661,81927
17661,69465
17661,6525
17661,72929
17661,14765
17661,39351
17661,9076
17661,47187
17661,92622
17661,56529
17661,42923
17661,64039
17661,9239
17661,82703
17661,43946
17661,17354
17661,90275
17661,44244
17661,75529
17661,18882
17661,92503
17661,49942
17661,1829
17661,18841
17661,55334
17661,92100
17661,28112
17661,65163
17661,31910
17661,35093
17661,16291
17661,10424
17661,65334
17661,64575
17661,5062
78992,46602
78992,65887
78992,29759
78992,2126
78992,92369
78992,36458
78992,1795
78992,24848
78992,9150
78992,60090
78992,3617
78992,10079
78992,63014
78992,44582
78992,2820
78992,30614
78992,46061
78992,38505
78992,13512
78992,30719
78992,81497
78992,65472
78992,48489
78992,80887
78992,43003
78992,72188
78992,65746
78992,98615
78992,22110
78992,61524
78992,48898
78992,4177
78992,48430
78992,55814
78992,9031
78992,68658
78992,95408
78992,26761
78992,39501
78992,70167
78992,35999
78992,44976
78992,38211
78992,76511
78992,63028
78992,43946
78992,94202
78992,77942
78992,79515
78992,10353
78992,18882
78992,78591
78992,40938
78992,67921
78992,42982
78992,97567
78992,90034
78992,27660
78992,18064
78992,9320
78992,13395
78992,47458
78992,697
78992,10958
78992,30776
78992,52110
78992,7197
39293,84844
39293,40696
39293,54084
39293,53926
39293,90965
39293,84230
39293,94649
39293,79668
39293,65887
39293,14613
39293,49558
39293,88731
39293,36078
39293,94916
39293,14340
39293,20082
39293,7612
39293,3805
39293,72594
39293,10428
39293,64451
39293,66638
39293,1272
39293,49372
39293,36458
39293,51625
39293,79095
39293,10564
39293,74059
39293,5957
39293,8287
39293,29210
39293,88384
39293,87765
39293,69995
39293,82315
39293,58245
39293,22340
39293,60211
39293,92155
39293,57289
39293,39491
39293,37570
39293,4731
39293,88776
39293,70782
39293,26165
39293,2418
39293,7697
39293,47172
39293,44043
39293,50055
39293,16897
39293,51855
39293,39301
39293,63866
39293,7685
39293,3228
39293,28429
39293,90375
39293,9891
39293,29884
39293,48721
39293,47066
39293,46099
39293,65304
39293,94560
39293,20562
39293,70954
39293,84786
39293,30205
39293,45177
39293,85851
39293,84441
39293,38505
39293,93016
39293,30719
39293,19897
39293,96678
39293,78765
39293,17740
39293,24548
39293,57494
39293,43175
39293,97475
39293,82707
39293,27199
39293,80887
39293,75147
39293,62515
39293,99162
39293,43003
39293,53082
39293,65746
39293,11158
39293,82093
39293,31024
39293,87269
39293,12242
39293,1198
39293,25706
39293,113
39293,29822
39293,96472
39293,59063
39293,44313
39293,71951
39293,48756
39293,84822
39293,72364
39293,47212
39293,72929
39293,60670
39293,82639
39293,5943
39293,36851
39293,75444
39293,19028
39293,4272
39293,14425
39293,39383
39293,88953
39293,9588
39293,9053
39293,47187
39293,41473
39293,20149
39293,90219
39293,76793
39293,28136
39293,15956
39293,78995
39293,85542
39293,62837
39293,36422
39293,84083
39293,63028
39293,18165
39293,37372
39293,9239
39293,29040
39293,70600
39293,79589
39293,57837
39293,13613
39293,61025
39293,78665
39293,4027
39293,28799
39293,29811
39293,77841
39293,71663
39293,62224
39293,61326
39293,10353
39293,44244
39293,67747
39293,63620
39293,6463
39293,98306
39293,97900
39293,8536
39293,17736
39293,76145
39293,3913
39293,40938
39293,74722
39293,11238
39293,56407
39293,6374
39293,55334
39293,57589
39293,13278
39293,82741
39293,79102
39293,20762
39293,49957
39293,33450
39293,42982
39293,88486
39293,2677
39293,35093
39293,24072
39293,30568
39293,96211
39293,52703
39293,73409
39293,86447
39293,82704
39293,30692
39293,37022
39293,64575
39293,9169
39293,52638
39293,13395
39293,19794
39293,90307
39293,16219
39293,95180
39293,88311
39293,66677
39293,10059
39293,35079
39293,90808
39293,46196
39293,697
39293,10958
39293,49307
39293,30776
39293,74088
39293,33252
39293,74888
39293,80200
95401,12376
95401,84230
95401,17253
95401,57372
95401,695
95401,43561
95401,14613
95401,88731
95401,2126
95401,87030
95401,44305
95401,95607
95401,72594
95401,64451
95401,83129
95401,81015
95401,46159
95401,39079
95401,78355
95401,95763
95401,93944
95401,64417
95401,42452
95401,54857
95401,36162
95401,36866
95401,58245
95401,51451
95401,4731
95401,46431
95401,98684
95401,90375
95401,474
95401,72277
95401,78983
95401,49612
95401,48721
95401,12812
95401,51431
95401,9915
95401,98151
95401,62905
95401,65271
95401,93016
95401,3086
95401,34524
95401,27254
95401,30860
95401,30719
95401,27522
95401,24548
95401,13285
95401,57494
95401,2500
95401,26935
95401,34924
95401,84059
95401,14421
95401,27199
95401,74365
95401,21793
95401,54129
95401,99057
95401,99162
95401,80999
95401,53082
95401,65432
95401,4071
95401,58876
95401,54974
95401,66075
95401,82093
95401,31024
95401,45216
95401,12906
95401,15889
95401,61524
95401,25706
95401,94363
95401,53881
95401,40753
95401,63663
95401,3793
95401,87941
95401,13122
95401,98521
95401,85606
95401,84822
95401,20079
95401,58951
95401,61309
95401,9031
95401,58660
95401,10042
95401,82847
95401,72410
95401,26544
95401,13968
95401,21026
95401,9588
95401,72659
95401,47187
95401,81743
95401,62293
95401,95853
95401,18845
95401,78995
95401,85542
95401,8796
95401,36422
95401,58617
95401,99290
95401,18165
95401,73973
95401,43946
95401,79067
95401,45185
95401,51956
95401,28799
95401,81307
95401,61326
95401,21683
95401,12333
95401,10353
95401,76147
95401,2584
95401,75529
95401,98306
95401,57242
95401,72568
95401,97900
95401,8536
95401,17736
95401,29704
95401,40938
95401,34076
95401,69125
95401,60549
95401,73855
95401,66713
95401,13278
95401,33249
95401,28112
95401,38591
95401,20445
95401,65896
95401,49957
95401,29290
95401,74594
95401,45696
95401,42982
95401,61825
95401,998
95401,97754
95401,2677
95401,35093
95401,16216
95401,27660
95401,95796
95401,91319
95401,86447
95401,13373
95401,30692
95401,61976
95401,53056
95401,17930
95401,75733
95401,66677
95401,32666
95401,85528
95401,94637
95401,652
95401,33252
95401,33470
67247,1064
67247,97522
67247,2885
67247,6420
67247,2126
67247,3805
67247,72594
67247,34874
67247,10428
67247,70434
67247,49372
67247,36458
67247,46159
67247,39983
67247,79095
67247,87781
67247,38335
67247,95594
67247,93944
67247,43652
67247,60979
67247,62725
67247,60388
67247,58245
67247,22340
67247,65681
67247,30083
67247,39491
67247,11125
67247,40875
67247,68169
67247,62704
67247,22620
67247,47172
67247,83365
67247,29628
67247,90375
67247,80519
67247,14531
67247,46099
67247,8862
67247,65304
67247,94560
67247,68964
67247,20562
67247,39863
67247,42451
67247,74853
67247,65271
67247,3086
67247,17740
67247,74600
67247,92866
67247,64747
67247,57494
67247,34924
67247,27199
67247,99057
67247,7926
67247,99162
67247,21092
67247,43003
67247,45216
67247,40584
67247,24070
67247,12906
67247,95994
67247,37195
67247,12138
67247,4177
67247,84595
67247,40753
67247,25316
67247,98521
67247,74421
67247,84822
67247,86997
67247,67349
67247,95970
67247,58951
67247,37212
67247,64757
67247,91314
67247,10042
67247,79870
67247,34016
67247,11766
67247,11733
67247,55319
67247,88953
67247,73704
67247,78675
67247,39888
67247,90219
67247,30170
67247,6594
67247,21334
67247,30846
67247,38211
67247,70679
67247,76511
67247,84083
67247,79067
67247,57837
67247,85262
67247,78665
67247,7025
67247,28799
67247,57967
67247,36956
67247,24497
67247,67747
67247,63620
67247,2584
67247,75529
67247,4312
67247,37106
67247,17736
67247,76145
67247,69125
67247,1829
67247,18841
67247,5059
67247,43081
67247,33249
67247,28112
67247,38591
67247,79138
67247,87993
67247,97754
67247,31910
67247,85617
67247,2677
67247,16216
67247,92282
67247,18064
67247,82704
67247,89249
67247,73539
67247,9169
67247,13395
67247,90650
67247,19794
67247,95180
67247,88311
67247,66677
67247,89096
67247,39496
67247,51334
67247,33470
67247,80200
13270,84844
13270,40696
13270,50797
13270,53643
13270,44305
13270,51625
13270,60211
13270,92155
13270,51451
13270,26165
13270,3617
13270,26405
13270,7697
13270,58143
13270,86807
13270,69711
13270,39301
13270,27671
13270,89332
13270,47066
13270,13875
13270,41019
13270,13512
13270,96678
13270,97475
13270,7926
13270,75920
13270,42723
13270,96507
13270,58951
13270,91314
13270,15096
13270,82639
13270,92622
13270,99792
13270,45841
13270,95853
13270,6594
13270,3588
13270,2997
13270,85542
13270,8796
13270,63028
13270,43946
13270,38589
13270,61573
13270,60730
13270,62224
13270,36956
13270,73386
13270,8536
13270,74499
13270,5059
13270,58681
13270,79102
13270,17526
13270,2677
13270,72466
13270,99757
13270,80759
13270,64575
13270,10059
13270,89967
13270,46196
13270,44128
65532,70994
65532,73918
65532,17253
65532,28680
65532,6420
65532,59121
65532,50306
65532,70434
65532,36458
65532,53548
65532,50136
65532,10563
65532,58914
65532,60388
65532,42452
65532,58245
65532,92155
65532,65681
65532,26165
65532,23385
65532,64607
65532,80519
65532,29884
65532,39863
65532,50886
65532,38505
65532,3086
65532,30719
65532,86289
65532,70282
65532,92866
65532,74365
65532,65432
65532,24070
65532,113
65532,48391
65532,84595
65532,91374
65532,44313
65532,48430
65532,55814
65532,47292
65532,46828
65532,37212
65532,15096
65532,11766
65532,21947
65532,65295
65532,9588
65532,9053
65532,59817
65532,95853
65532,6594
65532,15956
65532,42923
65532,8796
65532,9239
65532,12237
65532,64966
65532,77841
65532,12407
65532,36956
65532,24497
65532,2584
65532,4232
65532,85225
65532,86833
65532,8536
65532,93507
65532,69125
65532,33249
65532,40557
65532,69661
65532,35093
65532,95796
65532,13373
65532,42374
65532,16219
65532,68532
65532,74088
65532,52110
65532,33470
21883,12376
21883,97522
21883,2885
21883,70994
21883,94649
21883,79668
21883,32818
21883,57372
21883,6420
21883,25155
21883,29838
21883,15989
21883,63867
21883,29759
21883,88731
21883,40029
21883,22551
21883,16021
21883,59135
21883,79650
21883,77939
21883,64416
21883,72594
21883,34874
21883,83129
21883,70434
21883,49372
21883,81015
21883,46159
21883,53548
21883,69427
21883,36875
21883,38335
21883,10564
21883,50136
21883,38932
21883,8287
21883,58424
21883,96937
21883,6510
21883,29210
21883,88384
21883,62725
21883,69995
21883,42452
21883,65538
21883,22648
21883,70782
21883,39274
21883,40875
21883,26165
21883,3617
21883,10079
21883,23385
21883,63014
21883,89624
21883,97872
21883,83365
21883,3003
21883,97893
21883,39301
21883,13914
21883,63866
21883,27671
21883,2820
21883,76214
21883,29628
21883,80519
21883,9891
21883,16081
21883,71870
21883,80996
21883,94560
21883,70954
21883,30205
21883,42451
21883,98151
21883,1836
21883,6
21883,93016
21883,30860
21883,42102
21883,30719
21883,74600
21883,92866
21883,24548
21883,78229
21883,43175
21883,2500
21883,62153
21883,88855
21883,1608
21883,27199
21883,21793
21883,19487
21883,99057
21883,46692
21883,99162
21883,91832
21883,54974
21883,66075
21883,45216
21883,32541
21883,22110
21883,81052
21883,25706
21883,28495
21883,48391
21883,4177
21883,75920
21883,84595
21883,29822
21883,59063
21883,34808
21883,63663
21883,42723
21883,49424
21883,68416
21883,63042
21883,94691
21883,59338
21883,53695
21883,6816
21883,46428
21883,54466
21883,47212
21883,15096
21883,72410
21883,26544
21883,21947
21883,16012
21883,4272
21883,55319
21883,1349
21883,26761
21883,49068
21883,87379
21883,73704
21883,14240
21883,29682
21883,26618
21883,80842
21883,62293
21883,30170
21883,95853
21883,75375
21883,18845
21883,74988
21883,69725
21883,30846
21883,6856
21883,58159
21883,36422
21883,76511
21883,9239
21883,29040
21883,6927
21883,45925
21883,43946
21883,85262
21883,61025
21883,4027
21883,57782
21883,45185
21883,48790
21883,60730
21883,57967
21883,48609
21883,96932
21883,4925
21883,1674
21883,6463
21883,8628
21883,2584
21883,4312
21883,85225
21883,37106
21883,60228
21883,62789
21883,29704
21883,55184
21883,40938
21883,82993
21883,45506
21883,56489
21883,69125
21883,1829
21883,11238
21883,73855
21883,55334
21883,96402
21883,18445
21883,57589
21883,79102
21883,43081
21883,20445
21883,40557
21883,69661
21883,88089
21883,49957
21883,8697
21883,88486
21883,68607
21883,998
21883,85617
21883,84551
21883,27660
21883,63531
21883,30692
21883,37022
21883,7137
21883,53056
21883,78277
21883,19794
21883,17930
21883,66677
21883,65114
21883,32666
21883,10059
21883,5062
21883,80686
21883,94637
21883,33252
21883,52110
21883,33470
21883,80200
21883,59530
21883,7197
47965,54084
47965,39885
47965,46602
47965,94791
47965,28620
47965,90965
47965,57372
47965,91845
47965,2126
47965,8980
47965,43092
47965,83129
47965,70434
47965,36458
47965,25310
47965,87781
47965,95594
47965,10520
47965,6510
47965,58914
47965,62725
47965,54857
47965,82315
47965,73798
47965,92155
47965,65681
47965,39491
47965,22648
47965,4731
47965,3617
47965,7697
47965,86807
47965,44043
47965,83365
47965,62707
47965,63866
47965,91
47965,16081
47965,80996
47965,39863
47965,66326
47965,1862
47965,19581
47965,62905
47965,13512
47965,3086
47965,86289
47965,19897
47965,49679
47965,27522
47965,13285
47965,74365
47965,96691
47965,83163
47965,79278
47965,53082
47965,4071
47965,45216
47965,15718
47965,4177
47965,75920
47965,40753
47965,42635
47965,16425
47965,49424
47965,56254
47965,39809
47965,53695
47965,8669
47965,60670
47965,34016
47965,11766
47965,42819
47965,95408
47965,26544
47965,16012
47965,39383
47965,1349
47965,86161
47965,26618
47965,20149
47965,35999
47965,44976
47965,87505
47965,26638
47965,42923
47965,28714
47965,37372
47965,6815
47965,57837
47965,94730
47965,61573
47965,57967
47965,77942
47965,36956
47965,67747
47965,63777
47965,63620
47965,76147
47965,8628
47965,8536
47965,49233
47965,74499
47965,52708
47965,18445
47965,57589
47965,43081
47965,39310
47965,38591
47965,79138
47965,87993
47965,42982
47965,68607
47965,90034
47965,41543
47965,16216
47965,86447
47965,30692
47965,9169
47965,7137
47965,25838
47965,46196
40052,40696
40052,54084
40052,1064
40052,41477
40052,70994
40052,53926
40052,73918
40052,17253
40052,32818
40052,695
40052,63867
40052,43735
40052,84178
40052,59121
40052,14340
40052,20082
40052,87030
40052,79650
40052,81332
40052,3545
40052,64416
40052,34874
40052,55515
40052,1503
40052,36458
40052,51625
40052,46159
40052,38578
40052,36875
40052,93944
40052,89592
40052,10563
40052,8287
40052,48196
40052,26312
40052,6510
40052,7959
40052,72149
40052,60388
40052,50015
40052,82315
40052,9150
40052,57289
40052,91642
40052,37570
40052,51451
40052,3193
40052,26165
40052,2418
40052,94556
40052,26030
40052,83365
40052,16897
40052,98684
40052,27671
40052,90375
40052,78983
40052,67649
40052,9891
40052,18765
40052,30614
40052,36215
40052,48721
40052,97386
40052,47066
40052,46099
40052,65304
40052,94560
40052,39863
40052,42451
40052,1862
40052,7315
40052,98151
40052,50886
40052,48244
40052,84441
40052,27254
40052,86289
40052,19897
40052,27522
40052,74600
40052,64747
40052,22807
40052,57494
40052,23525
40052,26935
40052,62153
40052,82707
40052,16722
40052,14421
40052,27199
40052,14290
40052,36838
40052,99057
40052,62515
40052,18674
40052,33181
40052,65432
40052,65664
40052,5199
40052,19091
40052,29358
40052,31024
40052,98615
40052,61524
40052,94363
40052,37195
40052,29822
40052,96472
40052,97287
40052,34808
40052,63663
40052,56254
40052,81927
40052,96507
40052,13705
40052,39809
40052,86997
40052,67349
40052,53695
40052,82814
40052,58951
40052,46428
40052,89757
40052,8669
40052,58660
40052,47881
40052,57173
40052,60670
40052,15096
40052,34016
40052,62943
40052,36851
40052,19028
40052,53770
40052,49068
40052,73704
40052,41473
40052,39888
40052,99792
40052,36296
40052,80842
40052,26074
40052,6594
40052,48302
40052,28136
40052,15956
40052,76327
40052,58578
40052,87505
40052,97247
40052,85542
40052,8796
40052,38798
40052,76511
40052,83902
40052,99290
40052,27266
40052,37372
40052,7339
40052,29040
40052,38589
40052,57837
40052,31580
40052,61025
40052,43746
40052,94730
40052,77942
40052,67009
40052,67747
40052,73386
40052,8536
40052,72598
40052,29704
40052,82993
40052,49942
40052,10188
40052,1829
40052,5059
40052,73855
40052,58681
40052,32176
40052,82741
40052,79102
40052,28112
40052,39058
40052,17185
40052,20445
40052,9835
40052,87993
40052,8697
40052,61825
40052,97754
40052,37735
40052,24072
40052,41543
40052,30568
40052,92966
40052,27660
40052,12515
40052,73409
40052,91319
40052,35240
40052,53352
40052,30692
40052,42374
40052,64575
40052,10059
40052,1318
40052,46196
40052,5062
40052,652
40052,10958
40052,49307
40052,33252
40052,21236
40052,33470
40052,80200
40052,59530
40428,43561
40428,91845
40428,14340
40428,43092
40428,1503
40428,70434
40428,46159
40428,46461
40428,39983
40428,11960
40428,25310
40428,79095
40428,5957
40428,60979
40428,7959
40428,62725
40428,87765
40428,36162
40428,39080
40428,65681
40428,41190
40428,39491
40428,51451
40428,39274
40428,40875
40428,62803
40428,58143
40428,43461
40428,18765
40428,16081
40428,48721
40428,65304
40428,66501
40428,13875
40428,85851
40428,42102
40428,30719
40428,49679
40428,74600
40428,13285
40428,43175
40428,84059
40428,14290
40428,7926
40428,53082
40428,4071
40428,65746
40428,54974
40428,34523
40428,80321
40428,45216
40428,25706
40428,95994
40428,113
40428,15718
40428,40753
40428,97287
40428,37654
40428,47003
40428,63042
40428,70511
40428,59338
40428,82814
40428,58660
40428,36851
40428,4272
40428,55639
40428,86161
40428,59113
40428,81743
40428,39501
40428,63297
40428,93464
40428,30170
40428,8982
40428,74988
40428,70254
40428,36422
40428,6090
40428,50307
40428,78665
40428,28799
40428,94202
40428,36956
40428,68857
40428,48609
40428,85225
40428,33196
40428,72270
40428,74722
40428,1829
40428,51097
40428,96402
40428,58681
40428,57589
40428,92100
40428,13278
40428,39058
40428,84098
40428,48933
40428,45696
40428,21831
40428,27660
40428,92282
40428,63531
40428,53352
40428,90650
40428,66677
40428,39496
40428,51334
40428,68532
40428,30776
40428,44128
90893,17253
90893,53643
90893,57372
90893,20082
90893,66638
90893,69427
90893,95763
90893,8013
90893,5957
90893,6510
90893,82315
90893,92155
90893,78373
90893,4731
90893,78824
90893,26405
90893,23385
90893,69711
90893,62707
90893,17936
90893,14531
90893,47066
90893,28110
90893,46061
90893,97323
90893,3086
90893,86289
90893,22799
90893,18674
90893,54974
90893,51810
90893,5199
90893,80321
90893,84024
90893,73295
90893,47881
90893,60670
90893,1349
90893,21026
90893,73704
90893,81743
90893,84280
90893,26618
90893,20149
90893,93464
90893,95995
90893,56747
90893,70679
90893,58617
90893,29040
90893,78665
90893,94730
90893,21683
90893,11038
90893,63777
90893,8628
90893,37787
90893,74499
90893,73855
90893,13278
90893,39310
90893,20445
90893,29290
90893,45696
90893,88486
90893,65163
90893,99454
90893,93387
90893,7137
90893,53056
90893,19794
90893,5062
90893,94637
90893,652
42578,84844
42578,1064
42578,41477
42578,94791
42578,69909
42578,73918
42578,94649
42578,79668
42578,53643
42578,695
42578,49558
42578,94916
42578,43092
42578,3805
42578,64451
42578,55515
42578,92369
42578,49372
42578,36458
42578,39983
42578,39079
42578,78355
42578,25310
42578,95763
42578,8013
42578,43652
42578,8287
42578,46068
42578,35573
42578,58424
42578,7959
42578,50015
42578,73445
42578,22340
42578,73798
42578,11153
42578,30083
42578,26165
42578,2418
42578,68169
42578,23385
42578,47172
42578,97893
42578,16897
42578,13914
42578,27671
42578,14531
42578,9891
42578,48721
42578,46099
42578,94560
42578,45177
42578,65271
42578,93016
42578,3086
42578,64775
42578,17740
42578,22807
42578,43175
42578,26935
42578,1608
42578,14421
42578,54129
42578,99057
42578,21092
42578,72188
42578,5199
42578,18030
42578,66075
42578,82093
42578,40584
42578,88950
42578,113
42578,53881
42578,48898
42578,34808
42578,70511
42578,50883
42578,24353
42578,48756
42578,98521
42578,81927
42578,48612
42578,58951
42578,6525
42578,58660
42578,10042
42578,96149
42578,82847
42578,72929
42578,79870
42578,4272
42578,14425
42578,9588
42578,55587
42578,26618
42578,90219
42578,62837
42578,38211
42578,70679
42578,63028
42578,99290
42578,10343
42578,6815
42578,78665
42578,51956
42578,77964
42578,28799
42578,61573
42578,81307
42578,62224
42578,36956
42578,10692
42578,12333
42578,68857
42578,10353
42578,37787
42578,37106
42578,29704
42578,74499
42578,49942
42578,1829
42578,11238
42578,56407
42578,84135
42578,96402
42578,32176
42578,13278
42578,79102
42578,20445
42578,17526
42578,9835
42578,79138
42578,33450
42578,42982
42578,62826
42578,97567
42578,65163
42578,37735
42578,41543
42578,4809
42578,30568
42578,16216
42578,92282
42578,12515
42578,91319
42578,13373
42578,30692
42578,93387
42578,64575
42578,52638
42578,91043
42578,89642
42578,35079
42578,51334
42578,697
42578,652
42578,33252
42578,80200
42578,59530
9968,84844
9968,53926
9968,84230
9968,12361
9968,57372
9968,65887
9968,49558
9968,40029
9968,14210
9968,84178
9968,37624
9968,20082
9968,77939
9968,3805
9968,66638
9968,1272
9968,46159
9968,46461
9968,10563
9968,1795
9968,87765
9968,54857
9968,60211
9968,9150
9968,41190
9968,39491
9968,88776
9968,62803
9968,64607
9968,7685
9968,3228
9968,28429
9968,48721
9968,63951
9968,71346
9968,74853
9968,43875
9968,41019
9968,50886
9968,38505
9968,19897
9968,81497
9968,90997
9968,2500
9968,48489
9968,14421
9968,96691
9968,33181
9968,54974
9968,11158
9968,87269
9968,1198
9968,59054
9968,91374
9968,42635
9968,63663
9968,68416
9968,87941
9968,71951
9968,13122
9968,81927
9968,85606
9968,39809
9968,59338
9968,79834
9968,9031
9968,58660
9968,14425
9968,39351
9968,47820
9968,9076
9968,93735
9968,92622
9968,56529
9968,47884
9968,93464
9968,14299
9968,58578
9968,21334
9968,97247
9968,6856
9968,82703
9968,31580
9968,48745
9968,45185
9968,43746
9968,11038
9968,19851
9968,68857
9968,10353
9968,18882
9968,3101
9968,86833
9968,72270
9968,34076
9968,1829
9968,61238
9968,62851
9968,84135
9968,58681
9968,13278
9968,43081
9968,17185
9968,28282
9968,74594
9968,62826
9968,31910
9968,16291
9968,73409
9968,37022
9968,42374
9968,9169
9968,89642
9968,74088
9968,52110
9968,80200
9968,7197
71465,40696
71465,1064
71465,12999
71465,99710
71465,79668
71465,53643
71465,28680
71465,695
71465,29838
71465,43561
71465,40029
71465,14210
71465,14340
71465,59135
71465,87030
71465,3545
71465,66638
71465,83129
71465,55515
71465,70434
71465,69427
71465,87781
71465,50136
71465,74059
71465,10563
71465,38932
71465,48196
71465,1795
71465,58424
71465,29210
71465,50015
71465,36866
71465,24848
71465,22340
71465,11153
71465,92155
71465,78428
71465,65681
71465,78373
71465,51055
71465,88776
71465,77441
71465,40875
71465,26165
71465,3617
71465,13748
71465,10079
71465,64607
71465,94556
71465,26030
71465,50055
71465,44582
71465,82739
71465,44672
71465,98684
71465,13148
71465,474
71465,49612
71465,91
71465,47722
71465,89332
71465,46099
71465,71870
71465,34053
71465,28110
71465,63951
71465,54361
71465,68964
71465,20562
71465,66501
71465,62905
71465,6
71465,93016
71465,19897
71465,88855
71465,51181
71465,54129
71465,83163
71465,99162
71465,91832
71465,19091
71465,80321
71465,86538
71465,45216
71465,24070
71465,71128
71465,12906
71465,88161
71465,95994
71465,37195
71465,15718
71465,44313
71465,42635
71465,34808
71465,42723
71465,68416
71465,73295
71465,94691
71465,87941
71465,25316
71465,26261
71465,55814
71465,48612
71465,67349
71465,82814
71465,95970
71465,6816
71465,46428
71465,58660
71465,91314
71465,54466
71465,47881
71465,57173
71465,15096
71465,55639
71465,1349
71465,26761
71465,72659
71465,59113
71465,78675
71465,39888
71465,99792
71465,45841
71465,36296
71465,80842
71465,48302
71465,8982
71465,76793
71465,28136
71465,35999
71465,26638
71465,69725
71465,95265
71465,85542
71465,19147
71465,63028
71465,7339
71465,9239
71465,29040
71465,12237
71465,82703
71465,43946
71465,6815
71465,48745
71465,57782
71465,45185
71465,43746
71465,51956
71465,94730
71465,28799
71465,64966
71465,77841
71465,62224
71465,24497
71465,10692
71465,68857
71465,67747
71465,63777
71465,63620
71465,4925
71465,6463
71465,76147
71465,98306
71465,85225
71465,86833
71465,97900
71465,40938
71465,77844
71465,34076
71465,69125
71465,60549
71465,1829
71465,96402
71465,18445
71465,13278
71465,39310
71465,18218
71465,28112
71465,84098
71465,69661
71465,48933
71465,88089
71465,74594
71465,998
71465,90034
71465,85617
71465,84551
71465,99757
71465,92966
71465,16216
71465,27660
71465,95796
71465,73409
71465,99454
71465,89249
71465,19794
71465,80572
71465,89096
71465,35079
71465,68532
71465,30776
71465,74088
49437,12376
49437,41477
49437,39243
49437,99322
49437,2126
49437,84178
49437,59121
49437,43092
49437,7612
49437,87810
49437,66638
49437,55515
49437,49372
49437,81015
49437,11960
49437,50802
49437,24302
49437,36866
49437,40875
49437,78824
49437,3617
49437,10079
49437,44043
49437,83365
49437,16897
49437,90375
49437,80519
49437,30614
49437,66501
49437,41019
49437,50886
49437,65271
49437,84441
49437,38505
49437,64775
49437,96678
49437,27522
49437,43175
49437,2500
49437,97475
49437,48489
49437,34924
49437,16722
49437,27199
49437,63112
49437,19487
49437,65746
49437,82093
49437,45216
49437,40584
49437,4177
49437,29822
49437,59054
49437,97287
49437,37512
49437,70511
49437,48430
49437,73346
49437,84822
49437,82814
49437,42819
49437,95408
49437,26544
49437,5943
49437,4272
49437,55319
49437,39383
49437,47820
49437,87379
49437,47187
49437,73704
49437,39501
49437,39888
49437,84280
49437,47884
49437,93464
49437,70167
49437,8982
49437,74988
49437,69725
49437,21334
49437,97247
49437,42923
49437,38211
49437,44348
49437,6815
49437,31580
49437,48745
49437,94202
49437,77942
49437,76147
49437,37787
49437,4312
49437,78591
49437,37106
49437,55184
49437,74499
49437,45506
49437,34076
49437,56489
49437,69125
49437,74722
49437,18841
49437,61238
49437,62851
49437,61825
49437,27660
49437,92282
49437,12515
49437,73409
49437,9169
49437,95180
49437,89096
49437,46196
49437,30776
49437,59530
16456,90482
16456,53926
16456,73918
16456,17253
16456,79668
16456,53643
16456,57372
16456,37605
16456,96311
16456,43561
16456,65887
16456,63867
16456,14613
16456,43735
16456,59121
16456,94916
16456,14340
16456,87030
16456,81332
16456,44305
16456,72594
16456,66638
16456,83129
16456,55515
16456,1272
16456,91713
16456,70434
16456,51625
16456,39983
16456,69427
16456,79095
16456,20460
16456,50802
16456,64417
16456,22048
16456,96937
16456,62725
16456,59292
16456,36162
16456,60211
16456,11153
16456,9150
16456,57289
16456,4731
16456,88776
16456,70782
16456,39274
16456,51710
16456,2418
16456,62704
16456,23385
16456,22620
16456,58143
16456,86807
16456,66992
16456,44672
16456,27671
16456,14531
16456,9891
16456,18765
16456,8862
16456,5949
16456,28110
16456,51431
16456,80996
16456,70954
16456,84786
16456,74853
16456,50886
16456,46061
16456,19581
16456,84441
16456,92655
16456,13512
16456,30719
16456,78765
16456,90997
16456,17740
16456,24548
16456,64747
16456,22807
16456,22799
16456,62153
16456,1608
16456,97475
16456,48489
16456,27199
16456,28928
16456,92236
16456,36854
16456,80999
16456,91832
16456,58876
16456,54974
16456,19091
16456,34523
16456,80321
16456,36891
16456,31024
16456,45216
16456,98615
16456,71128
16456,81052
16456,89459
16456,95994
16456,113
16456,48391
16456,48898
16456,4177
16456,75920
16456,59054
16456,40753
16456,44313
16456,42635
16456,42723
16456,49424
16456,37512
16456,56254
16456,50883
16456,66004
16456,98521
16456,55814
16456,74421
16456,69465
16456,82814
16456,61309
16456,46428
16456,64757
16456,6525
16456,91314
16456,68658
16456,47212
16456,47881
16456,57173
16456,11766
16456,42819
16456,26544
16456,19028
16456,4272
16456,14425
16456,65295
16456,39383
16456,9076
16456,26761
16456,88953
16456,86161
16456,47187
16456,59113
16456,14240
16456,39888
16456,99792
16456,45841
16456,20149
16456,63297
16456,70167
16456,30170
16456,8982
16456,75375
16456,71569
16456,76793
16456,2997
16456,35999
16456,99173
16456,44976
16456,6856
16456,78374
16456,12104
16456,38798
16456,62837
16456,38211
16456,30481
16456,58617
16456,56359
16456,19147
16456,73973
16456,50519
16456,9239
16456,12237
16456,79067
16456,38589
16456,6090
16456,45185
16456,48790
16456,77964
16456,28799
16456,64966
16456,60730
16456,77841
16456,64317
16456,59783
16456,57967
16456,62224
16456,79515
16456,36956
16456,10692
16456,63620
16456,76147
16456,4232
16456,12599
16456,85225
16456,78591
16456,72568
16456,76145
16456,3913
16456,49942
16456,10188
16456,18841
16456,73855
16456,82741
16456,43081
16456,39310
16456,20762
16456,17185
16456,20445
16456,84098
16456,29290
16456,79138
16456,87993
16456,97567
16456,37735
16456,84551
16456,4809
16456,85038
16456,99757
16456,91319
16456,65334
16456,82704
16456,63531
16456,80759
16456,13395
16456,53056
16456,19794
16456,80572
16456,17930
16456,66677
16456,10059
16456,25838
16456,85528
16456,697
16456,74088
16456,74888
71929,1064
71929,94649
71929,99710
71929,88731
71929,59121
71929,50306
71929,3545
71929,64451
71929,83129
71929,36458
71929,93944
71929,50136
71929,47260
71929,58914
71929,62725
71929,42452
71929,65681
71929,51055
71929,11125
71929,10079
71929,86807
71929,83365
71929,72277
71929,36215
71929,66501
71929,41019
71929,46061
71929,92548
71929,30719
71929,19897
71929,96678
71929,90997
71929,70282
71929,27199
71929,63112
71929,3924
71929,21793
71929,28928
71929,14290
71929,65664
71929,32541
71929,24070
71929,15889
71929,113
71929,75920
71929,29822
71929,47003
71929,25316
71929,24353
71929,96507
71929,85606
71929,37212
71929,64757
71929,34016
71929,82639
71929,26544
71929,14425
71929,47820
71929,88953
71929,55587
71929,9053
71929,78675
71929,99792
71929,26074
71929,62293
71929,2997
71929,26638
71929,21334
71929,42923
71929,12104
71929,38798
71929,38211
71929,99290
71929,45925
71929,79067
71929,13613
71929,85262
71929,61025
71929,28799
71929,60730
71929,62224
71929,68857
71929,76147
71929,78177
71929,2584
71929,18882
71929,12599
71929,85225
71929,78591
71929,8536
71929,45506
71929,7536
71929,5059
71929,73855
71929,32176
71929,33249
71929,88089
71929,39993
71929,87993
71929,8697
71929,42982
71929,97754
71929,16291
71929,92282
71929,12515
71929,89249
71929,37022
71929,36323
71929,64575
71929,9169
71929,91043
71929,10059
71929,5062
71929,94637
71929,33470
71929,7197
49408,84844
49408,90482
49408,94791
49408,73918
49408,17253
49408,88731
49408,73945
49408,66638
49408,49372
49408,38335
49408,64417
49408,35573
49408,58914
49408,92155
49408,10079
49408,64607
49408,97872
49408,16897
49408,76214
49408,29628
49408,8862
49408,5949
49408,70954
49408,9915
49408,50886
49408,46061
49408,6346
49408,38505
49408,86289
49408,19897
49408,49679
49408,78229
49408,31024
49408,32541
49408,24070
49408,113
49408,48391
49408,15718
49408,94691
49408,48430
49408,25316
49408,47292
49408,86997
49408,67349
49408,6816
49408,15566
49408,28935
49408,15956
49408,42923
49408,8796
49408,44348
49408,9239
49408,94730
49408,63620
49408,4232
49408,37106
49408,8536
49408,18841
49408,18445
49408,39993
49408,87993
49408,31910
49408,84551
49408,16291
49408,92282
49408,95796
49408,65334
49408,13373
49408,37022
49408,36323
49408,73539
49408,42374
49408,9169
49408,52638
49408,17930
49408,66677
49408,68532
49408,10958
49408,33470
38836,84844
38836,39243
38836,99322
38836,99710
38836,49558
38836,77939
38836,3805
38836,34874
38836,70434
38836,11960
38836,95763
38836,10520
38836,10564
38836,50136
38836,58424
38836,69995
38836,36162
38836,39491
38836,77441
38836,78824
38836,50055
38836,2820
38836,13148
38836,90375
38836,49612
38836,66326
38836,66501
38836,65271
38836,91223
38836,26935
38836,97475
38836,48489
38836,34924
38836,21793
38836,98615
38836,28495
38836,91374
38836,3793
38836,37512
38836,59114
38836,81927
38836,19152
38836,42819
38836,55319
38836,47187
38836,37840
38836,84280
38836,36296
38836,8982
38836,6856
38836,99290
38836,22436
38836,1674
38836,76145
38836,52708
38836,55334
38836,74594
38836,9169
38836,91043
38836,94637
38836,59530
49226,54084
49226,39243
49226,46602
49226,50797
49226,90965
49226,12361
49226,695
49226,37605
49226,74649
49226,96311
49226,29759
49226,14613
49226,84178
49226,94916
49226,59135
49226,87030
49226,44305
49226,3805
49226,34874
49226,39824
49226,49372
49226,93944
49226,50802
49226,50136
49226,10563
49226,8287
49226,48196
49226,96937
49226,58914
49226,72149
49226,62725
49226,50015
49226,11153
49226,9150
49226,91642
49226,3193
49226,63014
49226,39301
49226,98684
49226,3228
49226,80519
49226,29884
49226,97386
49226,65304
49226,66326
49226,66501
49226,46061
49226,92548
49226,64775
49226,86289
49226,27522
49226,13285
49226,43175
49226,2500
49226,23525
49226,26935
49226,62153
49226,1608
49226,48489
49226,14421
49226,74365
49226,51181
49226,75147
49226,4071
49226,54974
49226,19091
49226,31024
49226,32541
49226,40584
49226,24070
49226,12242
49226,28495
49226,53881
49226,48898
49226,96472
49226,59063
49226,40753
49226,84024
49226,42635
49226,34808
49226,37654
49226,42723
49226,73295
49226,70511
49226,55814
49226,84822
49226,86997
49226,58951
49226,9031
49226,68658
49226,10042
49226,15096
49226,34016
49226,11766
49226,21036
49226,95408
49226,87379
49226,73704
49226,53495
49226,84280
49226,63297
49226,8982
49226,28136
49226,15956
49226,44976
49226,69725
49226,83902
49226,19147
49226,63028
49226,28714
49226,6927
49226,31580
49226,12407
49226,24497
49226,11038
49226,48609
49226,59844
49226,74499
49226,52708
49226,1829
49226,18841
49226,51097
49226,55334
49226,18445
49226,57589
49226,17185
49226,49957
49226,29290
49226,74594
49226,45696
49226,42982
49226,998
49226,30568
49226,92282
49226,52703
49226,37022
49226,17930
49226,66677
49226,65114
49226,1711
94284,97522
94284,46602
94284,50797
94284,94649
94284,695
94284,14613
94284,40029
94284,43735
94284,14210
94284,84178
94284,37624
94284,14340
94284,81332
94284,3545
94284,7612
94284,34874
94284,1272
94284,49372
94284,51625
94284,39983
94284,39079
94284,87781
94284,59176
94284,93944
94284,50136
94284,5957
94284,8287
94284,48196
94284,88384
94284,62725
94284,59292
94284,36162
94284,36866
94284,73798
94284,65538
94284,41435
94284,4731
94284,70782
94284,40875
94284,51710
94284,26165
94284,2418
94284,13748
94284,62704
94284,64607
94284,66992
94284,8309
94284,44582
94284,16897
94284,39301
94284,13914
94284,27671
94284,2820
94284,29628
94284,80519
94284,49195
94284,30614
94284,36215
94284,16081
94284,97386
94284,51431
94284,54361
94284,30205
94284,42451
94284,66326
94284,1862
94284,41019
94284,82969
94284,30719
94284,96678
94284,23594
94284,13285
94284,43175
94284,65472
94284,84059
94284,21793
94284,96691
94284,14290
94284,36838
94284,7926
94284,18674
94284,33181
94284,58876
94284,18030
94284,29358
94284,31024
94284,22110
94284,87269
94284,1198
94284,53881
94284,7021
94284,24234
94284,84024
94284,97287
94284,42635
94284,37654
94284,3793
94284,47292
94284,84822
94284,67349
94284,8669
94284,72929
94284,15096
94284,52905
94284,21036
94284,42819
94284,26544
94284,5943
94284,62943
94284,53770
94284,15566
94284,72659
94284,73704
94284,41473
94284,39888
94284,84280
94284,26618
94284,47884
94284,63297
94284,62293
94284,70167
94284,95853
94284,14299
94284,71569
94284,76793
94284,28136
94284,2997
94284,58578
94284,26638
94284,42923
94284,38211
94284,30481
94284,58159
94284,58617
94284,27266
94284,50519
94284,6815
94284,38589
94284,31580
94284,48745
94284,61025
94284,57782
94284,7025
94284,43746
94284,60730
94284,62224
94284,22436
94284,44244
94284,48609
94284,63620
94284,75529
94284,18882
94284,73386
94284,3913
94284,33196
94284,45506
94284,34076
94284,52708
94284,56489
94284,1829
94284,18841
94284,73855
94284,62851
94284,32176
94284,28112
94284,20762
94284,29290
94284,9835
94284,90034
94284,35093
94284,4809
94284,52703
94284,10424
94284,18064
94284,82704
94284,9320
94284,80572
94284,89096
94284,10059
94284,89967
94284,51334
94284,697
94284,652
19641,40696
19641,2885
19641,50797
19641,28620
19641,695
19641,15989
19641,63867
19641,29759
19641,49558
19641,43735
19641,94916
19641,16021
19641,64451
19641,83129
19641,55515
19641,70434
19641,36458
19641,70392
19641,53548
19641,78355
19641,25310
19641,79095
19641,95763
19641,5957
19641,38932
19641,46068
19641,60979
19641,29210
19641,7959
19641,36162
19641,58245
19641,11153
19641,92155
19641,51055
19641,37570
19641,22648
19641,39274
19641,78824
19641,23385
19641,63014
19641,66992
19641,69711
19641,44582
19641,62707
19641,14531
19641,16081
19641,71870
19641,74853
19641,41019
19641,98151
19641,19581
19641,1836
19641,92655
19641,13512
19641,34524
19641,27254
19641,42102
19641,30719
19641,25460
19641,96678
19641,78765
19641,17740
19641,49679
19641,13285
19641,48489
19641,27199
19641,74365
19641,36838
19641,83163
19641,7926
19641,53082
19641,54974
19641,65664
19641,18030
19641,80321
19641,86538
19641,61524
19641,88950
19641,4177
19641,29822
19641,59063
19641,44313
19641,42635
19641,42723
19641,37512
19641,73295
19641,13122
19641,24353
19641,85606
19641,19152
19641,29982
19641,46828
19641,58951
19641,37212
19641,8669
19641,58660
19641,91314
19641,82639
19641,95408
19641,4272
19641,86161
19641,55587
19641,59113
19641,28935
19641,78675
19641,47884
19641,30170
19641,6594
19641,71569
19641,28136
19641,76327
19641,26638
19641,84622
19641,8796
19641,38211
19641,70679
19641,3
19641,83902
19641,29040
19641,79589
19641,79067
19641,13613
19641,43746
19641,51956
19641,90275
19641,61573
19641,77841
19641,57967
19641,21683
19641,11038
19641,67747
19641,63777
19641,78177
19641,98306
19641,12599
19641,62789
19641,76145
19641,40938
19641,56489
19641,11238
19641,5059
19641,61238
19641,84135
19641,58681
19641,32176
19641,33249
19641,17526
19641,33450
19641,88486
19641,61825
19641,85617
19641,37735
19641,10424
19641,73409
19641,86447
19641,13373
19641,35240
19641,80759
19641,64575
19641,52638
19641,13395
19641,90808
19641,46196
19641,85528
19641,697
19641,25417
19641,10958
19641,49307
19641,1711
95790,1064
95790,53926
95790,88731
95790,87030
95790,79650
95790,81015
95790,51625
95790,46159
95790,5957
95790,51846
95790,39491
95790,51451
95790,28105
95790,29923
95790,10079
95790,62704
95790,7697
95790,97872
95790,28429
95790,51431
95790,71346
95790,41019
95790,65271
95790,90997
95790,34924
95790,96691
95790,92236
95790,11158
95790,91374
95790,42635
95790,16425
95790,66004
95790,96507
95790,69465
95790,58660
95790,68658
95790,47881
95790,9621
95790,11766
95790,21036
95790,14765
95790,93735
95790,26761
95790,47187
95790,78995
95790,97247
95790,12104
95790,28714
95790,9239
95790,29040
95790,82703
95790,17354
95790,90275
95790,29811
95790,71663
95790,10353
95790,44244
95790,75529
95790,18882
95790,10188
95790,74722
95790,84135
95790,87993
95790,35093
95790,16291
95790,82704
95790,16219
95790,88311
95790,10958
95790,33252
95790,80200
11239,39243
11239,46602
11239,53926
11239,90965
11239,84230
11239,11003
11239,28680
11239,695
11239,74649
11239,96311
11239,49558
11239,40029
11239,2126
11239,59121
11239,22551
11239,79650
11239,44305
11239,3805
11239,10428
11239,46159
11239,78355
11239,87781
11239,24302
11239,43652
11239,50015
11239,73445
11239,73798
11239,73733
11239,39274
11239,40875
11239,2418
11239,10079
11239,23385
11239,43461
11239,8309
11239,69711
11239,44582
11239,13914
11239,2820
11239,30883
11239,3228
11239,29884
11239,89332
11239,54361
11239,9915
11239,31336
11239,65271
11239,34524
11239,30719
11239,25460
11239,81497
11239,17740
11239,85293
11239,57494
11239,3924
11239,80887
11239,75147
11239,21092
11239,80999
11239,91832
11239,98615
11239,89459
11239,88950
11239,53881
11239,48898
11239,24234
11239,70511
11239,55814
11239,11733
11239,4272
11239,14425
11239,53770
11239,1349
11239,47187
11239,59113
11239,81743
11239,41473
11239,76793
11239,74988
11239,69725
11239,30846
11239,97247
11239,63028
11239,99290
11239,7339
11239,13613
11239,85262
11239,61025
11239,43746
11239,59783
11239,62224
11239,22436
11239,44244
11239,37787
11239,78591
11239,3101
11239,92503
11239,8536
11239,40938
11239,16758
11239,72270
11239,28112
11239,88486
11239,97567
11239,90034
11239,2677
11239,99757
11239,99473
11239,16291
11239,18064
11239,99454
11239,82704
11239,52638
11239,90650
11239,80686
11239,10958
11239,74888
11239,80200
40072,90482
40072,40696
40072,41477
40072,39885
40072,46602
40072,70994
40072,94791
40072,28620
40072,79668
40072,53643
40072,25155
40072,74649
40072,91845
40072,29759
40072,36078
40072,73945
40072,98122
40072,59121
40072,37624
40072,14340
40072,20082
40072,79650
40072,8980
40072,44305
40072,10564
40072,22048
40072,46068
40072,26312
40072,47260
40072,60979
40072,7959
40072,50015
40072,50426
40072,54857
40072,36162
40072,22340
40072,60211
40072,11153
40072,78428
40072,91642
40072,78373
40072,39491
40072,3193
40072,51710
40072,2418
40072,23385
40072,63014
40072,66992
40072,97872
40072,3003
40072,69711
40072,44582
40072,13914
40072,62707
40072,29628
40072,474
40072,71870
40072,65304
40072,80996
40072,66501
40072,7315
40072,45177
40072,50886
40072,92655
40072,6
40072,13512
40072,82969
40072,64775
40072,64747
40072,85293
40072,49806
40072,84059
40072,3924
40072,14290
40072,99162
40072,21092
40072,79278
40072,58876
40072,54974
40072,51810
40072,19091
40072,15889
40072,48391
40072,91374
40072,42635
40072,42723
40072,47003
40072,49424
40072,37512
40072,73295
40072,70511
40072,48430
40072,25316
40072,50883
40072,98521
40072,13705
40072,39809
40072,29982
40072,61309
40072,79834
40072,6525
40072,58660
40072,54466
40072,96149
40072,60670
40072,15096
40072,79870
40072,42819
40072,95408
40072,76900
40072,16012
40072,39383
40072,49068
40072,37840
40072,81743
40072,41473
40072,14240
40072,39501
40072,39888
40072,71569
40072,42987
40072,21334
40072,30846
40072,12104
40072,8796
40072,58617
40072,18165
40072,10343
40072,9239
40072,29040
40072,82703
40072,6927
40072,6815
40072,61025
40072,17354
40072,51956
40072,90275
40072,64966
40072,61573
40072,60730
40072,64317
40072,81307
40072,94202
40072,61326
40072,10692
40072,12333
40072,63777
40072,63620
40072,1674
40072,78177
40072,37787
40072,78591
40072,72598
40072,49233
40072,16758
40072,67921
40072,51097
40072,56407
40072,66713
40072,79102
40072,39310
40072,28112
40072,38591
40072,20445
40072,45696
40072,87993
40072,8697
40072,88486
40072,68607
40072,21831
40072,97567
40072,90034
40072,2677
40072,84551
40072,4809
40072,99757
40072,99473
40072,30568
40072,16216
40072,27660
40072,95796
40072,99454
40072,53352
40072,36323
40072,73873
40072,73539
40072,13395
40072,88311
40072,94637
40072,652
40072,30776
40072,74888
40072,21236
40072,33470
40072,1711
40072,97957
73634,39243
73634,69909
73634,84230
73634,99710
73634,74649
73634,91845
73634,49558
73634,88731
73634,2126
73634,84178
73634,14340
73634,59135
73634,81332
73634,3545
73634,3805
73634,39824
73634,49372
73634,46461
73634,25310
73634,36875
73634,48196
73634,26312
73634,60979
73634,62725
73634,69995
73634,50015
73634,36866
73634,24848
73634,9150
73634,41435
73634,51846
73634,4731
73634,11125
73634,77441
73634,51710
73634,2418
73634,13748
73634,7697
73634,64607
73634,2820
73634,49612
73634,9891
73634,68964
73634,42451
73634,66326
73634,43875
73634,50886
73634,85851
73634,3086
73634,23594
73634,24548
73634,91223
73634,57494
73634,43175
73634,1608
73634,84059
73634,22528
73634,21793
73634,96691
73634,7926
73634,79278
73634,54974
73634,18030
73634,34523
73634,86538
73634,40584
73634,24070
73634,94363
73634,28495
73634,40753
73634,91374
73634,16425
73634,42723
73634,3793
73634,49424
73634,87941
73634,55814
73634,61309
73634,79834
73634,58660
73634,18276
73634,47881
73634,57173
73634,60670
73634,52905
73634,11766
73634,21036
73634,14765
73634,39383
73634,93735
73634,49068
73634,87379
73634,53495
73634,26618
73634,99792
73634,36296
73634,63297
73634,6594
73634,15956
73634,99173
73634,95995
73634,30846
73634,78374
73634,44348
73634,76511
73634,27266
73634,38589
73634,6090
73634,85262
73634,43746
73634,28799
73634,94202
73634,12407
73634,62224
73634,36956
73634,19851
73634,4925
73634,59844
73634,57242
73634,72568
73634,8536
73634,29704
73634,67921
73634,56489
73634,7536
73634,51097
73634,18445
73634,13278
73634,20445
73634,88089
73634,29290
73634,45696
73634,18808
73634,41543
73634,16216
73634,27660
73634,12515
73634,18064
73634,13373
73634,99454
73634,73873
73634,9169
73634,17930
73634,75733
73634,90808
73634,697
73634,59530
44658,84844
44658,12376
44658,90482
44658,40696
44658,1064
44658,97522
44658,50797
44658,53926
44658,11003
44658,12361
44658,28680
44658,695
44658,25155
44658,63867
44658,14613
44658,40029
44658,84178
44658,14340
44658,90113
44658,41448
44658,10428
44658,81015
44658,36458
44658,46159
44658,69427
44658,11960
44658,95763
44658,38335
44658,74059
44658,49983
44658,5957
44658,48196
44658,47260
44658,50426
44658,54857
44658,22340
44658,73798
44658,11153
44658,39080
44658,65681
44658,41190
44658,46431
44658,77441
44658,3193
44658,29923
44658,62803
44658,2418
44658,68169
44658,62704
44658,23385
44658,51678
44658,64607
44658,58143
44658,43461
44658,97872
44658,50055
44658,44582
44658,97893
44658,39301
44658,7685
44658,98684
44658,3228
44658,29628
44658,28429
44658,9891
44658,16081
44658,89332
44658,48721
44658,47066
44658,46099
44658,65304
44658,92882
44658,63951
44658,70954
44658,84786
44658,30205
44658,1862
44658,31336
44658,41019
44658,34274
44658,62905
44658,1836
44658,38505
44658,6
44658,92548
44658,93016
44658,27254
44658,42102
44658,78765
44658,70282
44658,85293
44658,1608
44658,48489
44658,3924
44658,80887
44658,36838
44658,46692
44658,7926
44658,53082
44658,65664
44658,5199
44658,19091
44658,29358
44658,80321
44658,36891
44658,32541
44658,98615
44658,40584
44658,24070
44658,71128
44658,12242
44658,61524
44658,25706
44658,48391
44658,37195
44658,15718
44658,4177
44658,75920
44658,84595
44658,24234
44658,29822
44658,59063
44658,59054
44658,40753
44658,37654
44658,49424
44658,68416
44658,87941
44658,73346
44658,13122
44658,41743
44658,24353
44658,26261
44658,85606
44658,48612
44658,29982
44658,69465
44658,46828
44658,53695
44658,6816
44658,91314
44658,10042
44658,9621
44658,11766
44658,42819
44658,26544
44658,11733
44658,4272
44658,55319
44658,14425
44658,65295
44658,9076
44658,15566
44658,37840
44658,29682
44658,20149
44658,80842
44658,62293
44658,95338
44658,95853
44658,3588
44658,74988
44658,35999
44658,99173
44658,44976
44658,42987
44658,95265
44658,6856
44658,38798
44658,62837
44658,36422
44658,66626
44658,83902
44658,99290
44658,64039
44658,18165
44658,28714
44658,50519
44658,9239
44658,45925
44658,43946
44658,6815
44658,79589
44658,79067
44658,50307
44658,13613
44658,85262
44658,61025
44658,45185
44658,51956
44658,61573
44658,57967
44658,81307
44658,11038
44658,67747
44658,2584
44658,18882
44658,85225
44658,78591
44658,93507
44658,17736
44658,33196
44658,55184
44658,16758
44658,67921
44658,49942
44658,77844
44658,56489
44658,18841
44658,56407
44658,61238
44658,84135
44658,32176
44658,82741
44658,27856
44658,48933
44658,88089
44658,29290
44658,39993
44658,88486
44658,97567
44658,65163
44658,37735
44658,24072
44658,99473
44658,27660
44658,92282
44658,13373
44658,82704
44658,63531
44658,73539
44658,42374
44658,52638
44658,66677
44658,46196
44658,5062
44658,697
44658,59530
16353,12376
16353,94649
16353,74649
16353,65887
16353,15989
16353,29759
16353,2126
16353,59121
16353,61726
16353,7612
16353,72594
16353,87781
16353,1795
16353,60979
16353,36162
16353,11153
16353,60090
16353,40875
16353,62803
16353,23385
16353,30614
16353,29884
16353,1862
16353,13512
16353,42102
16353,30719
16353,92866
16353,65472
16353,46692
16353,43003
16353,65746
16353,82093
16353,48898
16353,4177
16353,24234
16353,59063
16353,37654
16353,73295
16353,29982
16353,8669
16353,47212
16353,34016
16353,95408
16353,5943
16353,53770
16353,39383
16353,47820
16353,1349
16353,86161
16353,37840
16353,15956
16353,44976
16353,69725
16353,50519
16353,59783
16353,94202
16353,77942
16353,61326
16353,79515
16353,44244
16353,18882
16353,93507
16353,17736
16353,67921
16353,56489
16353,55334
16353,28112
16353,49957
16353,27660
16353,12515
16353,18064
16353,37022
16353,80572
16353,30776
77267,2885
77267,84230
77267,94649
77267,37711
77267,63867
77267,49558
77267,16021
77267,92369
77267,43652
77267,58424
77267,47260
77267,22340
77267,30083
77267,11125
77267,70782
77267,13914
77267,49612
77267,18765
77267,47066
77267,65304
77267,30205
77267,46061
77267,27254
77267,49679
77267,88855
77267,14421
77267,3924
77267,21092
77267,31024
77267,24234
77267,44313
77267,10042
77267,79870
77267,42819
77267,21947
77267,26761
77267,90219
77267,76793
77267,30846
77267,38211
77267,70679
77267,10343
77267,79589
77267,51956
77267,81307
77267,67747
77267,4232
77267,62789
77267,17736
77267,40938
77267,49942
77267,45506
77267,34076
77267,11238
77267,51097
77267,66713
77267,61825
77267,85617
77267,10424
77267,18064
77267,53352
77267,73539
77267,61976
77267,52638
77267,91043
77267,16219
77267,66677
77267,35079
77267,90808
77267,80200
178,1064
178,90965
178,99322
178,37605
178,74649
178,65887
178,49558
178,2126
178,14340
178,87030
178,34874
178,87810
178,66638
178,30965
178,39824
178,92369
178,81015
178,39983
178,25310
178,95763
178,50802
178,76581
178,10563
178,48196
178,58914
178,72149
178,88384
178,69995
178,50015
178,65538
178,88776
178,3193
178,78824
178,8309
178,50055
178,39301
178,13914
178,6262
178,16081
178,97386
178,66501
178,41019
178,50886
178,46061
178,85851
178,84441
178,64775
178,81497
178,91223
178,23525
178,62153
178,65472
178,48489
178,34924
178,16722
178,14290
178,51181
178,75147
178,46692
178,7926
178,36854
178,79278
178,54974
178,18030
178,12242
178,61524
178,94363
178,75920
178,84595
178,24234
178,40753
178,91374
178,84024
178,73295
178,87941
178,48430
178,59338
178,86997
178,46828
178,58951
178,58660
178,10042
178,96149
178,62943
178,11733
178,87379
178,81743
178,53495
178,41473
178,84280
178,45841
178,14299
178,8982
178,15956
178,38798
178,38211
178,58617
178,76511
178,56359
178,19147
178,27266
178,43946
178,57782
178,60730
178,77841
178,12407
178,77942
178,61326
178,24497
178,68857
178,4232
178,3101
178,37106
178,76145
178,3913
178,55184
178,74499
178,16758
178,34076
178,52708
178,74722
178,18841
178,56407
178,55334
178,20762
178,29290
178,74594
178,79138
178,45696
178,42982
178,61825
178,62826
178,2677
178,99473
178,18064
178,13373
178,30692
178,9169
178,91043
178,66677
178,30776
178,1711
44300,12376
44300,50797
44300,15989
44300,91845
44300,94916
44300,50802
44300,8287
44300,9150
44300,60090
44300,29628
44300,30614
44300,54361
44300,84441
44300,30719
44300,49679
44300,64747
44300,62153
44300,65472
44300,27199
44300,46692
44300,43003
44300,65432
44300,65746
44300,98615
44300,61524
44300,4177
44300,48430
44300,10042
44300,47212
44300,4272
44300,86161
44300,37840
44300,92622
44300,6594
44300,15956
44300,74988
44300,69725
44300,38211
44300,58159
44300,70600
44300,85262
44300,57782
44300,94202
44300,36956
44300,24497
44300,76147
44300,21855
44300,37787
44300,67921
44300,49942
44300,52708
44300,79138
44300,998
44300,97567
44300,2677
44300,12515
44300,13373
44300,99454
44300,52638
44300,13395
44300,95180
44300,65114
44300,46196
44300,697
44300,33470
84709,12376
84709,50797
84709,94791
84709,94649
84709,17253
84709,57372
84709,29838
84709,91845
84709,20082
84709,59135
84709,66638
84709,91713
84709,92369
84709,81015
84709,46461
84709,69427
84709,76581
84709,38932
84709,1795
84709,59292
84709,42452
84709,54857
84709,36866
84709,24848
84709,78824
84709,51710
84709,89624
84709,8309
84709,98684
84709,30883
84709,47722
84709,47066
84709,71870
84709,66326
84709,9915
84709,84441
84709,92655
84709,30860
84709,42102
84709,86289
84709,81497
84709,92866
84709,64747
84709,43175
84709,74365
84709,21793
84709,14290
84709,36838
84709,19487
84709,4071
84709,51810
84709,82093
84709,31024
84709,45216
84709,48898
84709,84595
84709,29822
84709,58660
84709,54466
84709,10042
84709,88953
84709,92622
84709,20149
84709,48302
84709,8982
84709,15956
84709,87505
84709,84622
84709,95995
84709,56747
84709,70679
84709,66626
84709,76511
84709,63028
84709,50519
84709,6815
84709,38589
84709,57837
84709,48745
84709,7025
84709,94202
84709,21683
84709,36956
84709,68857
84709,22436
84709,44244
84709,76147
84709,75529
84709,98306
84709,97900
84709,34076
84709,10188
84709,69661
84709,42982
84709,97567
84709,35093
84709,12515
84709,95796
84709,18064
84709,9320
84709,13395
84709,53056
84709,95180
84709,39496
84709,20515
84709,51334
84709,1318
84709,49307
84709,30776
84709,52110
84709,33470
84709,7197
40039,1064
40039,74649
40039,15989
40039,59121
40039,43092
40039,72594
40039,10428
40039,24302
40039,76581
40039,8287
40039,60979
40039,59292
40039,24848
40039,9150
40039,3193
40039,23385
40039,8309
40039,13914
40039,3228
40039,29628
40039,90375
40039,16081
40039,46061
40039,38505
40039,92548
40039,42102
40039,30719
40039,96678
40039,49679
40039,64747
40039,43175
40039,62153
40039,72188
40039,65432
40039,89459
40039,53881
40039,84595
40039,59063
40039,55814
40039,53770
40039,26761
40039,92622
40039,6594
40039,15956
40039,76511
40039,50519
40039,85262
40039,94202
40039,12407
40039,62224
40039,61326
40039,22436
40039,96932
40039,76147
40039,21855
40039,55334
40039,20762
40039,49957
40039,88486
40039,97567
40039,52703
40039,18064
40039,52638
40039,65114
40039,10958
42193,97522
42193,46602
42193,94649
42193,99710
42193,37605
42193,74649
42193,91845
42193,36078
42193,37624
42193,94916
42193,90113
42193,59135
42193,81332
42193,22517
42193,72594
42193,91713
42193,87781
42193,20460
42193,74059
42193,8287
42193,48196
42193,47260
42193,59292
42193,22340
42193,73733
42193,51055
42193,51451
42193,10079
42193,94556
42193,44582
42193,16897
42193,28429
42193,5949
42193,65304
42193,51431
42193,54361
42193,38505
42193,92548
42193,30860
42193,96678
42193,90997
42193,49679
42193,92866
42193,26935
42193,65472
42193,97475
42193,34924
42193,22528
42193,96691
42193,28928
42193,14290
42193,19487
42193,75147
42193,19451
42193,4071
42193,11158
42193,82093
42193,98615
42193,22110
42193,1198
42193,61524
42193,4177
42193,96472
42193,59063
42193,63663
42193,47003
42193,68416
42193,63042
42193,48430
42193,71951
42193,81927
42193,55814
42193,58951
42193,46428
42193,6525
42193,58660
42193,96149
42193,95408
42193,75444
42193,14425
42193,53770
42193,65295
42193,39351
42193,21026
42193,26761
42193,37840
42193,53495
42193,20149
42193,90219
42193,95338
42193,75375
42193,70254
42193,78995
42193,95265
42193,6856
42193,58617
42193,83902
42193,64039
42193,7339
42193,9239
42193,70600
42193,48745
42193,61025
42193,60730
42193,77841
42193,59783
42193,12407
42193,62224
42193,36956
42193,10353
42193,75529
42193,37787
42193,4312
42193,59844
42193,12599
42193,3101
42193,93507
42193,17736
42193,3913
42193,55184
42193,49233
42193,82993
42193,18841
42193,61238
42193,6374
42193,62851
42193,55334
42193,92100
42193,28112
42193,49957
42193,74594
42193,45696
42193,31910
42193,2677
42193,37735
42193,16291
42193,52703
42193,10424
42193,73409
42193,18064
42193,86447
42193,9320
42193,89642
42193,65114
42193,47458
42193,89096
42193,64597
42193,21236
42193,52110
42193,97957
59124,84844
59124,97522
59124,46602
59124,28620
59124,84230
59124,17253
59124,12361
59124,74649
59124,40029
59124,43735
59124,61726
59124,3805
59124,1272
59124,49372
59124,81015
59124,11960
59124,79095
59124,87781
59124,36875
59124,95763
59124,38335
59124,10520
59124,50802
59124,74059
59124,5957
59124,35573
59124,88384
59124,62725
59124,42452
59124,73798
59124,11153
59124,65538
59124,37570
59124,22648
59124,28105
59124,3617
59124,63014
59124,43461
59124,89624
59124,94556
59124,69711
59124,44582
59124,39301
59124,44672
59124,7685
59124,474
59124,80519
59124,17936
59124,6262
59124,36215
59124,8862
59124,28110
59124,12812
59124,71346
59124,39863
59124,30205
59124,66501
59124,41019
59124,34274
59124,98151
59124,85851
59124,65271
59124,97323
59124,34524
59124,30860
59124,17740
59124,27522
59124,24548
59124,64747
59124,2500
59124,82707
59124,74365
59124,96691
59124,80887
59124,99057
59124,21092
59124,53082
59124,66075
59124,86538
59124,71128
59124,87269
59124,61524
59124,88161
59124,53881
59124,4177
59124,59063
59124,84024
59124,42723
59124,47003
59124,62444
59124,25316
59124,66004
59124,81927
59124,47292
59124,19152
59124,53695
59124,6816
59124,61309
59124,79834
59124,46428
59124,9031
59124,89757
59124,8669
59124,68658
59124,54466
59124,72929
59124,60670
59124,15096
59124,11766
59124,42819
59124,5943
59124,36851
59124,11733
59124,55319
59124,53770
59124,65295
59124,39351
59124,9588
59124,87456
59124,73704
59124,37840
59124,41473
59124,14240
59124,39501
59124,29682
59124,45841
59124,20149
59124,47884
59124,26074
59124,62293
59124,6594
59124,8982
59124,76793
59124,15956
59124,18845
59124,78995
59124,69725
59124,21334
59124,85542
59124,8796
59124,30481
59124,58617
59124,76511
59124,64039
59124,29040
59124,12237
59124,45925
59124,57837
59124,61025
59124,45185
59124,48790
59124,29811
59124,71663
59124,20130
59124,12407
59124,77942
59124,67009
59124,45770
59124,22436
59124,63777
59124,76147
59124,8628
59124,2584
59124,37787
59124,98306
59124,4232
59124,12599
59124,57242
59124,73386
59124,92503
59124,93507
59124,67921
59124,77844
59124,10188
59124,60549
59124,74722
59124,18841
59124,55334
59124,84135
59124,32176
59124,13278
59124,43081
59124,33249
59124,28112
59124,29290
59124,74594
59124,18808
59124,72466
59124,24072
59124,4809
59124,99757
59124,52703
59124,12515
59124,10424
59124,73409
59124,13373
59124,99454
59124,89249
59124,30692
59124,80759
59124,64575
59124,91043
59124,17930
59124,47458
59124,10059
59124,20515
59124,51334
59124,94637
59124,74888
59124,52110
59124,44128
59124,7197
22433,40696
22433,39243
22433,46602
22433,28620
22433,53926
22433,6420
22433,25155
22433,74649
22433,29838
22433,43561
22433,15989
22433,14613
22433,36078
22433,14340
22433,3545
22433,3805
22433,72594
22433,64451
22433,83129
22433,91713
22433,70434
22433,81015
22433,39983
22433,25310
22433,95763
22433,95594
22433,24302
22433,10563
22433,65268
22433,22048
22433,46068
22433,1795
22433,35573
22433,47260
22433,60979
22433,59292
22433,69995
22433,50426
22433,98463
22433,54857
22433,58245
22433,92155
22433,39080
22433,78373
22433,51055
22433,39491
22433,3193
22433,51710
22433,62803
22433,87239
22433,23385
22433,22620
22433,7697
22433,64607
22433,66992
22433,97872
22433,8309
22433,44582
22433,82739
22433,16897
22433,98684
22433,90375
22433,72277
22433,78983
22433,14531
22433,91
22433,16081
22433,29884
22433,46099
22433,28110
22433,51431
22433,80996
22433,68964
22433,70954
22433,66326
22433,9915
22433,48244
22433,6
22433,27254
22433,81497
22433,78229
22433,64747
22433,22807
22433,62153
22433,1608
22433,34924
22433,16722
22433,84059
22433,96691
22433,99057
22433,43003
22433,53082
22433,51810
22433,36891
22433,31024
22433,98615
22433,22110
22433,12242
22433,15889
22433,61524
22433,88161
22433,88950
22433,53881
22433,7021
22433,96472
22433,91374
22433,42723
22433,47003
22433,37512
22433,19152
22433,79834
22433,6525
22433,58660
22433,91314
22433,26544
22433,5943
22433,13968
22433,21947
22433,55319
22433,53770
22433,11775
22433,15566
22433,28935
22433,90219
22433,80842
22433,76793
22433,15956
22433,2997
22433,74988
22433,26638
22433,42987
22433,30846
22433,97247
22433,66626
22433,76511
22433,83902
22433,64039
22433,18165
22433,45925
22433,57782
22433,43746
22433,61573
22433,77841
22433,57967
22433,81307
22433,12407
22433,21683
22433,79515
22433,24497
22433,10692
22433,19851
22433,10353
22433,22436
22433,76147
22433,8628
22433,2584
22433,4312
22433,18882
22433,78591
22433,86833
22433,37106
22433,3913
22433,33196
22433,72270
22433,74722
22433,18841
22433,73855
22433,82741
22433,74176
22433,88089
22433,45696
22433,68607
22433,97567
22433,31910
22433,18808
22433,4809
22433,16291
22433,65334
22433,18064
22433,35240
22433,42374
22433,7137
22433,13395
22433,78277
22433,88311
22433,17930
22433,32666
22433,25838
22433,90808
22433,85528
22433,5062
22433,652
22433,49307
22433,30776
22433,74888
22433,1711
22433,44128
92147,54084
92147,1064
92147,39885
92147,53926
92147,28680
92147,695
92147,36078
92147,72594
92147,64451
92147,49372
92147,81015
92147,38932
92147,58424
92147,47260
92147,22340
92147,92155
92147,39080
92147,51846
92147,88776
92147,70782
92147,23385
92147,51678
92147,58143
92147,63014
92147,43461
92147,89624
92147,44672
92147,29628
92147,47722
92147,48721
92147,65304
92147,84786
92147,39863
92147,30205
92147,42451
92147,50886
92147,65271
92147,92655
92147,13512
92147,97323
92147,34524
92147,42102
92147,86289
92147,19897
92147,17740
92147,24548
92147,62153
92147,27199
92147,22528
92147,21793
92147,28928
92147,80887
92147,54129
92147,7926
92147,91832
92147,72188
92147,65432
92147,4071
92147,54974
92147,11158
92147,86538
92147,71128
92147,7021
92147,4177
92147,91374
92147,44313
92147,84024
92147,42635
92147,63663
92147,48430
92147,66004
92147,81927
92147,96507
92147,13705
92147,47292
92147,19152
92147,46828
92147,53695
92147,6525
92147,58660
92147,91314
92147,54466
92147,10042
92147,96149
92147,15096
92147,79870
92147,82639
92147,11766
92147,95408
92147,5943
92147,14425
92147,39351
92147,21026
92147,26761
92147,88953
92147,86161
92147,73704
92147,39501
92147,78675
92147,20149
92147,80842
92147,62293
92147,93464
92147,84622
92147,21334
92147,78374
92147,58159
92147,70679
92147,66626
92147,64039
92147,37372
92147,45925
92147,79589
92147,79067
92147,17354
92147,21683
92147,12333
92147,19851
92147,10353
92147,44244
92147,63777
92147,37787
92147,18882
92147,37106
92147,92503
92147,93507
92147,72598
92147,49942
92147,45506
92147,77844
92147,10188
92147,51097
92147,5059
92147,6374
92147,66713
92147,84135
92147,58681
92147,28112
92147,68607
92147,62826
92147,4809
92147,99757
92147,16216
92147,10424
92147,73409
92147,13373
92147,35240
92147,53352
92147,42374
92147,61976
92147,7137
92147,13395
92147,88311
92147,89967
92147,80686
92147,33252
92147,52110
92147,80200
92147,59530
63939,41477
63939,97522
63939,50797
63939,53926
63939,84230
63939,94649
63939,43561
63939,14613
63939,43735
63939,90113
63939,64416
63939,22517
63939,55515
63939,1503
63939,36458
63939,65268
63939,8287
63939,58424
63939,60979
63939,59292
63939,69995
63939,50015
63939,39080
63939,30083
63939,51055
63939,4731
63939,11125
63939,70782
63939,68169
63939,62704
63939,47172
63939,43461
63939,94556
63939,69711
63939,82739
63939,63866
63939,474
63939,67649
63939,9891
63939,46099
63939,20562
63939,39863
63939,30205
63939,42451
63939,74853
63939,34274
63939,92655
63939,13512
63939,78765
63939,49679
63939,74600
63939,22807
63939,43175
63939,26935
63939,82707
63939,21793
63939,96691
63939,36838
63939,5199
63939,45216
63939,40584
63939,25706
63939,95994
63939,113
63939,48391
63939,37195
63939,15718
63939,75920
63939,84595
63939,59054
63939,40753
63939,84024
63939,63663
63939,3793
63939,62444
63939,13122
63939,48756
63939,55814
63939,96507
63939,13705
63939,85606
63939,19152
63939,79834
63939,8669
63939,6525
63939,58660
63939,18276
63939,82639
63939,36851
63939,19028
63939,39383
63939,88953
63939,49068
63939,72659
63939,59113
63939,78675
63939,93464
63939,30170
63939,95853
63939,3588
63939,78995
63939,21334
63939,30846
63939,6856
63939,38798
63939,36422
63939,28714
63939,37372
63939,44949
63939,23664
63939,62224
63939,77942
63939,36956
63939,24497
63939,68857
63939,6463
63939,78177
63939,4312
63939,98306
63939,59844
63939,12599
63939,72568
63939,76145
63939,90546
63939,52708
63939,73855
63939,56407
63939,61238
63939,58681
63939,32176
63939,74176
63939,33249
63939,39310
63939,18218
63939,39058
63939,28282
63939,69661
63939,29290
63939,998
63939,24072
63939,99473
63939,96211
63939,52703
63939,10424
63939,91319
63939,63531
63939,64575
63939,61976
63939,91043
63939,53056
63939,78277
63939,89642
63939,32666
63939,85528
63939,94637
63939,25417
63939,49307
63939,30776
63939,33252
98577,40696
98577,2885
98577,50797
98577,94791
98577,88731
98577,40029
98577,59135
98577,87030
98577,50306
98577,39824
98577,49372
98577,81015
98577,51625
98577,25310
98577,50802
98577,5957
98577,1795
98577,36162
98577,60211
98577,39491
98577,3617
98577,68169
98577,26405
98577,64607
98577,58143
98577,86807
98577,39301
98577,63866
98577,7685
98577,29628
98577,41019
98577,7315
98577,92548
98577,96678
98577,96691
98577,80887
98577,62515
98577,80999
98577,91832
98577,53082
98577,65664
98577,45216
98577,37195
98577,15718
98577,63663
98577,24353
98577,48756
98577,96507
98577,85606
98577,53695
98577,68658
98577,96149
98577,47881
98577,72929
98577,52905
98577,34016
98577,76900
98577,14425
98577,93735
98577,9053
98577,28935
98577,92622
98577,29682
98577,26618
98577,26074
98577,3588
98577,71569
98577,2997
98577,99173
98577,97247
98577,42923
98577,85542
98577,83902
98577,99290
98577,9239
98577,43946
98577,79067
98577,17354
98577,7025
98577,77964
98577,77841
98577,36956
98577,10353
98577,63777
98577,78177
98577,98306
98577,18882
98577,86833
98577,74499
98577,67921
98577,82741
98577,28112
98577,69661
98577,79138
98577,33450
98577,97567
98577,37735
98577,84551
98577,99473
98577,16216
98577,93387
98577,88311
98577,46196
98577,80200
86382,39243
86382,46602
86382,57372
86382,37605
86382,98122
86382,37624
86382,14340
86382,50306
86382,36458
86382,39983
86382,26312
86382,36866
86382,65681
86382,41190
86382,83365
86382,65304
86382,1862
86382,98151
86382,85851
86382,79278
86382,96472
86382,97287
86382,42723
86382,49424
86382,37512
86382,56254
86382,39809
86382,4272
86382,65295
86382,39383
86382,28935
86382,14240
86382,45841
86382,75375
86382,15956
86382,44976
86382,95995
86382,38798
86382,58617
86382,66626
86382,6815
86382,6090
86382,45185
86382,64317
86382,36956
86382,37787
86382,97900
86382,72270
86382,52708
86382,56407
86382,79138
86382,97754
86382,99454
86382,53352
86382,37022
86382,66677
86382,10059
86382,80200
88151,12376
88151,2885
88151,46602
88151,84230
88151,73918
88151,36078
88151,59121
88151,59135
88151,8980
88151,43092
88151,95607
88151,10428
88151,87810
88151,82241
88151,11960
88151,78355
88151,79095
88151,95763
88151,38335
88151,95594
88151,93944
88151,64417
88151,76581
88151,10563
88151,8287
88151,46068
88151,1795
88151,47260
88151,58914
88151,76017
88151,24848
88151,73733
88151,11153
88151,78824
88151,62803
88151,2418
88151,50055
88151,97893
88151,3228
88151,78983
88151,6262
88151,36215
88151,16081
88151,29884
88151,48721
88151,97386
88151,71870
88151,51431
88151,54361
88151,20562
88151,43875
88151,13875
88151,46061
88151,48244
88151,84441
88151,6
88151,64775
88151,96678
88151,70282
88151,92866
88151,22807
88151,91223
88151,43175
88151,48489
88151,63112
88151,3924
88151,75147
88151,83163
88151,33181
88151,72188
88151,58876
88151,54974
88151,80321
88151,12242
88151,25706
88151,95994
88151,48391
88151,12138
88151,84595
88151,59054
88151,84024
88151,13122
88151,81927
88151,86997
88151,82814
88151,9031
88151,8669
88151,58660
88151,57173
88151,60670
88151,11766
88151,21036
88151,62943
88151,16012
88151,53770
88151,11775
88151,15566
88151,72659
88151,37840
88151,78675
88151,26618
88151,8982
88151,15956
88151,8796
88151,30481
88151,44348
88151,58617
88151,10513
88151,27266
88151,7339
88151,70600
88151,6815
88151,79067
88151,38589
88151,50307
88151,13613
88151,48745
88151,44949
88151,78665
88151,28799
88151,12407
88151,77942
88151,24497
88151,19851
88151,22436
88151,44244
88151,48609
88151,96932
88151,37787
88151,3101
88151,97900
88151,8536
88151,93507
88151,76145
88151,56489
88151,61238
88151,62851
88151,13278
88151,79102
88151,39310
88151,20762
88151,17185
88151,84098
88151,48933
88151,49957
88151,9835
88151,74594
88151,8697
88151,998
88151,97754
88151,85617
88151,35093
88151,18808
88151,41543
88151,30568
88151,16216
88151,82704
88151,93387
88151,42374
88151,9169
88151,52638
88151,91043
88151,13395
88151,17930
88151,94637
88151,30776
88151,1711
2550,94649
2550,53643
2550,43735
2550,98122
2550,90113
2550,50306
2550,44305
2550,64451
2550,51625
2550,53548
2550,10564
2550,49983
2550,8287
2550,46068
2550,47260
2550,60979
2550,60211
2550,3617
2550,2418
2550,7697
2550,58143
2550,72277
2550,47066
2550,80996
2550,74853
2550,13875
2550,13512
2550,3086
2550,30719
2550,96678
2550,21793
2550,7926
2550,18674
2550,37195
2550,15718
2550,84595
2550,63663
2550,48756
2550,13705
2550,67349
2550,57173
2550,15096
2550,82639
2550,59817
2550,99792
2550,26074
2550,6594
2550,71569
2550,76793
2550,26638
2550,63028
2550,28714
2550,70600
2550,38589
2550,78665
2550,81307
2550,75529
2550,78591
2550,8536
2550,93507
2550,73855
2550,28282
2550,97567
2550,2677
2550,37735
2550,41543
2550,10059
2550,89967
2550,25417
2550,74888
2550,44128
20012,1064
20012,94791
20012,99710
20012,36078
20012,84178
20012,94916
20012,14340
20012,8980
20012,55515
20012,70434
20012,36458
20012,53548
20012,69427
20012,25310
20012,10564
20012,8013
20012,46068
20012,60979
20012,7959
20012,60211
20012,37570
20012,51451
20012,4731
20012,2418
20012,43461
20012,39301
20012,474
20012,72277
20012,78983
20012,89332
20012,48721
20012,5949
20012,65304
20012,20562
20012,7315
20012,45177
20012,84441
20012,3086
20012,96678
20012,92866
20012,64747
20012,22807
20012,43175
20012,82707
20012,27199
20012,65664
20012,70511
20012,87941
20012,55814
20012,58660
20012,57173
20012,72929
20012,76900
20012,53770
20012,65295
20012,47820
20012,49068
20012,87379
20012,29682
20012,26618
20012,80842
20012,30170
20012,95853
20012,2997
20012,26638
20012,21334
20012,36422
20012,37372
20012,70600
20012,43946
20012,44949
20012,28799
20012,57967
20012,36956
20012,78177
20012,2584
20012,78591
20012,37106
20012,8536
20012,93507
20012,72598
20012,17736
20012,74499
20012,45506
20012,77844
20012,5059
20012,74176
20012,79102
20012,28112
20012,84098
20012,9835
20012,72466
20012,24072
20012,30568
20012,89096
20012,89967
20012,85528
20012,697
20012,30776
20012,44128
20012,97957
14993,54084
14993,41477
14993,2885
14993,50797
14993,94791
14993,90965
14993,94649
14993,99710
14993,37605
14993,96311
14993,15989
14993,63867
14993,2126
14993,22551
14993,94916
14993,59135
14993,81332
14993,44305
14993,10428
14993,1503
14993,81015
14993,39983
14993,10520
14993,10564
14993,64417
14993,46068
14993,47260
14993,29210
14993,7959
14993,24848
14993,9150
14993,65538
14993,60090
14993,62803
14993,23385
14993,63014
14993,66992
14993,3003
14993,50055
14993,62707
14993,44672
14993,30883
14993,78983
14993,17936
14993,18765
14993,16081
14993,29884
14993,48721
14993,47066
14993,65304
14993,80996
14993,70954
14993,13875
14993,7315
14993,85851
14993,6
14993,13512
14993,96678
14993,17740
14993,23594
14993,74600
14993,57494
14993,62153
14993,49806
14993,34924
14993,16722
14993,84059
14993,27199
14993,22528
14993,51181
14993,99057
14993,46692
14993,7926
14993,99162
14993,36854
14993,21092
14993,79278
14993,72188
14993,29358
14993,15889
14993,75920
14993,40753
14993,84024
14993,16425
14993,42723
14993,70511
14993,87941
14993,73346
14993,56254
14993,98521
14993,39809
14993,46828
14993,67349
14993,53695
14993,79834
14993,9031
14993,6525
14993,10042
14993,42819
14993,16012
14993,4272
14993,39383
14993,41473
14993,39501
14993,63297
14993,14299
14993,48302
14993,8982
14993,75375
14993,28136
14993,26638
14993,8796
14993,38798
14993,70679
14993,76511
14993,10513
14993,27266
14993,79067
14993,78665
14993,4027
14993,45185
14993,61573
14993,94202
14993,62224
14993,36956
14993,10692
14993,44244
14993,63620
14993,59844
14993,86833
14993,73386
14993,72568
14993,33196
14993,16758
14993,82993
14993,72270
14993,34076
14993,7536
14993,51097
14993,56407
14993,61238
14993,18445
14993,58681
14993,79102
14993,20762
14993,20445
14993,17526
14993,45696
14993,33450
14993,88486
14993,37735
14993,16216
14993,52703
14993,18064
14993,86447
14993,89249
14993,37022
14993,9320
14993,64575
14993,52638
14993,13395
14993,90650
14993,19794
14993,89642
14993,80572
14993,10059
14993,89967
14993,51334
14993,90808
14993,5062
14993,697
14993,64597
14993,30776
14993,33252
14993,74888
14993,21236
14993,1711
14993,97957
20020,39243
20020,46602
20020,17253
20020,79668
20020,37711
20020,73945
20020,59121
20020,7612
20020,66638
20020,53548
20020,38335
20020,5957
20020,22048
20020,46068
20020,82315
20020,11125
20020,47172
20020,16897
20020,14531
20020,36215
20020,29884
20020,8862
20020,39863
20020,38505
20020,92548
20020,19897
20020,74365
20020,65432
20020,80321
20020,24070
20020,71128
20020,84595
20020,42635
20020,37654
20020,47003
20020,74421
20020,67349
20020,6816
20020,60670
20020,15096
20020,34016
20020,11766
20020,14425
20020,28935
20020,95853
20020,99173
20020,78995
20020,8796
20020,38211
20020,44348
20020,12237
20020,28799
20020,77841
20020,10692
20020,75529
20020,4232
20020,12599
20020,85225
20020,86833
20020,90546
20020,7536
20020,60549
20020,40557
20020,79138
20020,35093
20020,4809
20020,13373
20020,37022
20020,42374
20020,17930
20020,68532
20020,74088
20853,84844
20853,12376
20853,90482
20853,39243
20853,94791
20853,94649
20853,79668
20853,53643
20853,6420
20853,15989
20853,29759
20853,40029
20853,94916
20853,14340
20853,20082
20853,90113
20853,50306
20853,81332
20853,3545
20853,64451
20853,83129
20853,91713
20853,78355
20853,87781
20853,64417
20853,8013
20853,76581
20853,89592
20853,5957
20853,1795
20853,59292
20853,87765
20853,36162
20853,82315
20853,24848
20853,26165
20853,29923
20853,3617
20853,68169
20853,23385
20853,7697
20853,44043
20853,66992
20853,50055
20853,44582
20853,16897
20853,51855
20853,39301
20853,44672
20853,7685
20853,2820
20853,76214
20853,29628
20853,78983
20853,80519
20853,91
20853,28110
20853,92882
20853,80996
20853,1862
20853,63871
20853,34524
20853,30719
20853,27522
20853,70282
20853,78229
20853,65472
20853,97475
20853,63112
20853,3924
20853,19487
20853,92236
20853,18674
20853,58876
20853,54974
20853,65664
20853,51810
20853,5199
20853,19091
20853,82093
20853,24070
20853,22110
20853,15889
20853,48391
20853,84595
20853,29822
20853,59054
20853,91374
20853,84024
20853,97287
20853,47003
20853,49424
20853,37512
20853,73295
20853,70511
20853,48430
20853,73346
20853,13122
20853,41743
20853,55814
20853,13705
20853,39809
20853,29982
20853,58951
20853,37212
20853,9031
20853,89757
20853,54466
20853,72929
20853,95408
20853,75444
20853,11733
20853,1349
20853,26761
20853,37840
20853,39501
20853,78675
20853,26618
20853,95338
20853,48302
20853,99173
20853,44976
20853,78374
20853,58159
20853,56359
20853,9239
20853,12237
20853,82703
20853,6815
20853,48745
20853,61025
20853,78665
20853,57782
20853,45185
20853,94730
20853,90275
20853,61573
20853,77841
20853,57967
20853,20130
20853,94202
20853,21683
20853,10692
20853,68857
20853,22436
20853,4925
20853,8628
20853,75529
20853,98306
20853,4232
20853,85225
20853,74499
20853,67921
20853,45506
20853,60549
20853,61238
20853,55334
20853,18445
20853,33249
20853,38591
20853,74594
20853,45696
20853,42982
20853,998
20853,31910
20853,2677
20853,24072
20853,86447
20853,13373
20853,93387
20853,42374
20853,9169
20853,7137
20853,19794
20853,16219
20853,89642
20853,65114
20853,10059
20853,39496
20853,1318
20853,68532
20853,10958
20853,30776
20853,74888
20853,52110
20853,80200
20853,97957
61655,84844
61655,50797
61655,84230
61655,73918
61655,28680
61655,74649
61655,29759
61655,49558
61655,14210
61655,90113
61655,59135
61655,87030
61655,43092
61655,44305
61655,22517
61655,1503
61655,91713
61655,30965
61655,92369
61655,70434
61655,36458
61655,70392
61655,38578
61655,78355
61655,25310
61655,36875
61655,64417
61655,8013
61655,10563
61655,65268
61655,68556
61655,1795
61655,26312
61655,60979
61655,69995
61655,98463
61655,73798
61655,60211
61655,9150
61655,51846
61655,30083
61655,46431
61655,70782
61655,2418
61655,10079
61655,26405
61655,58143
61655,89624
61655,94556
61655,82739
61655,16897
61655,39301
61655,63866
61655,29628
61655,17936
61655,36215
61655,16081
61655,29884
61655,89332
61655,97386
61655,71870
61655,12812
61655,39863
61655,30205
61655,42451
61655,1862
61655,7315
61655,50886
61655,6
61655,92548
61655,1332
61655,27254
61655,30860
61655,30719
61655,19897
61655,17740
61655,27522
61655,64747
61655,2500
61655,97475
61655,34924
61655,22528
61655,80887
61655,83163
61655,7926
61655,99162
61655,36854
61655,80999
61655,33181
61655,65746
61655,27455
61655,18030
61655,34523
61655,81052
61655,12242
61655,113
61655,7021
61655,75920
61655,59063
61655,91374
61655,97287
61655,49424
61655,37512
61655,87941
61655,62444
61655,13122
61655,50883
61655,81927
61655,84822
61655,86997
61655,46828
61655,58951
61655,61309
61655,79834
61655,54466
61655,52905
61655,79870
61655,95408
61655,62943
61655,36851
61655,55319
61655,14425
61655,53770
61655,93735
61655,21026
61655,26761
61655,88953
61655,86161
61655,34448
61655,87456
61655,78675
61655,56529
61655,39888
61655,99792
61655,30170
61655,14299
61655,48302
61655,8982
61655,75375
61655,71569
61655,44976
61655,26638
61655,30481
61655,58159
61655,28714
61655,10343
61655,29040
61655,82703
61655,6815
61655,79589
61655,50307
61655,48745
61655,78665
61655,4027
61655,45185
61655,43746
61655,71663
61655,20130
61655,62224
61655,22436
61655,44244
61655,63777
61655,63620
61655,59844
61655,12599
61655,85225
61655,78591
61655,57242
61655,92503
61655,72568
61655,8536
61655,17736
61655,29704
61655,67921
61655,34076
61655,10188
61655,7536
61655,11238
61655,56407
61655,57589
61655,92100
61655,79102
61655,43081
61655,38591
61655,48933
61655,45696
61655,87993
61655,42982
61655,65163
61655,41543
61655,4809
61655,73409
61655,89249
61655,30692
61655,73539
61655,61976
61655,91043
61655,13395
61655,90650
61655,53056
61655,90307
61655,47458
61655,39496
61655,51334
61655,85528
61655,5062
61655,80686
61655,64597
61655,74888
61655,21236
61655,52110
61655,1711
61655,97957
17358,94791
17358,84230
17358,11003
17358,28680
17358,40029
17358,20082
17358,43092
17358,44305
17358,3545
17358,7612
17358,1503
17358,49372
17358,8013
17358,43652
17358,1795
17358,82315
17358,11125
17358,43461
17358,69711
17358,80519
17358,47066
17358,71870
17358,39863
17358,30205
17358,1836
17358,93016
17358,25460
17358,24548
17358,97475
17358,99162
17358,12906
17358,24234
17358,58951
17358,6525
17358,59113
17358,62293
17358,48302
17358,95995
17358,21334
17358,58159
17358,84083
17358,63028
17358,99290
17358,10343
17358,43746
17358,77841
17358,57967
17358,61326
17358,67747
17358,6463
17358,4312
17358,12599
17358,3101
17358,17736
17358,49942
17358,45506
17358,34076
17358,51097
17358,38591
17358,61825
17358,84551
17358,18064
17358,86447
17358,89249
17358,9169
17358,89642
17358,1318
17358,30776
17358,33252
17358,59530
96411,39243
96411,2885
96411,94791
96411,28620
96411,84230
96411,79668
96411,32818
96411,91845
96411,79650
96411,3545
96411,39824
96411,92369
96411,70434
96411,36458
96411,46461
96411,38335
96411,50802
96411,8013
96411,50136
96411,10563
96411,22048
96411,48196
96411,6510
96411,29210
96411,7959
96411,54857
96411,73445
96411,92155
96411,78373
96411,41190
96411,37570
96411,4731
96411,23385
96411,51678
96411,64607
96411,47172
96411,58143
96411,89624
96411,66992
96411,97872
96411,51855
96411,62707
96411,29628
96411,474
96411,72277
96411,78983
96411,14531
96411,36215
96411,47066
96411,5949
96411,28110
96411,92882
96411,54361
96411,80996
96411,41019
96411,7315
96411,98151
96411,50886
96411,48244
96411,85851
96411,82969
96411,34524
96411,86289
96411,96678
96411,49679
96411,13285
96411,22799
96411,49806
96411,97475
96411,48489
96411,63112
96411,22528
96411,74365
96411,28928
96411,19451
96411,32541
96411,87269
96411,61524
96411,48391
96411,75920
96411,96472
96411,59063
96411,91374
96411,16425
96411,49424
96411,25316
96411,41743
96411,24353
96411,96507
96411,13705
96411,39809
96411,74421
96411,47292
96411,58951
96411,46428
96411,60670
96411,52905
96411,11766
96411,14765
96411,4272
96411,88953
96411,9588
96411,55587
96411,49068
96411,73704
96411,14240
96411,56529
96411,80842
96411,6594
96411,8982
96411,28136
96411,95995
96411,42987
96411,85542
96411,8796
96411,56747
96411,3
96411,37372
96411,9239
96411,12237
96411,13613
96411,61025
96411,94730
96411,23664
96411,64966
96411,81307
96411,21683
96411,19851
96411,4925
96411,1674
96411,8628
96411,98306
96411,4232
96411,12599
96411,85225
96411,93507
96411,3913
96411,34076
96411,18841
96411,5059
96411,57589
96411,82741
96411,43081
96411,18218
96411,68607
96411,97754
96411,31910
96411,84551
96411,4809
96411,85038
96411,99473
96411,92282
96411,52703
96411,95796
96411,35240
96411,7137
96411,19794
96411,89642
96411,95180
96411,17930
96411,89096
96411,10059
96411,10958
96411,74088
96411,74888
96411,1711
96411,80200
96411,97957
4573,41477
4573,11003
4573,28680
4573,57372
4573,91845
4573,98122
4573,22551
4573,72594
4573,10428
4573,64451
4573,66638
4573,55515
4573,36458
4573,69427
4573,79095
4573,49983
4573,46068
4573,88384
4573,22340
4573,11125
4573,23385
4573,58143
4573,94556
4573,13914
4573,63866
4573,98684
4573,72277
4573,80519
4573,49612
4573,6262
4573,36215
4573,29884
4573,47066
4573,80996
4573,68964
4573,13875
4573,41019
4573,45177
4573,62905
4573,84441
4573,1836
4573,6
4573,82969
4573,93016
4573,3086
4573,96678
4573,49679
4573,27522
4573,74600
4573,1608
4573,82707
4573,14421
4573,99162
4573,43003
4573,72188
4573,29358
4573,45216
4573,88950
4573,37195
4573,84595
4573,29822
4573,42635
4573,16425
4573,3793
4573,87941
4573,48756
4573,86997
4573,91314
4573,72929
4573,15096
4573,26544
4573,11733
4573,55639
4573,26761
4573,88953
4573,86161
4573,9588
4573,59113
4573,80842
4573,71569
4573,76793
4573,95995
4573,21334
4573,30846
4573,38798
4573,70679
4573,66626
4573,83902
4573,6815
4573,61025
4573,62224
4573,12333
4573,67747
4573,6463
4573,78177
4573,75529
4573,40938
4573,67921
4573,72270
4573,77844
4573,1829
4573,5059
4573,79102
4573,38591
4573,17526
4573,88486
4573,61825
4573,24072
4573,16291
4573,52703
4573,12515
4573,86447
4573,53352
4573,19794
4573,35079
4573,5062
4573,10958
4573,7197
54826,90482
54826,39243
54826,90965
54826,29838
54826,37711
54826,43561
54826,14210
54826,59121
54826,8980
54826,50306
54826,66638
54826,51625
54826,79095
54826,87781
54826,95594
54826,50136
54826,7959
54826,58914
54826,62725
54826,57289
54826,51451
54826,62803
54826,10079
54826,97872
54826,69711
54826,82739
54826,16897
54826,13914
54826,76214
54826,65304
54826,63951
54826,94560
54826,39863
54826,13875
54826,6346
54826,6
54826,13512
54826,92548
54826,27254
54826,86289
54826,96678
54826,81497
54826,90997
54826,92866
54826,22807
54826,26935
54826,74365
54826,21793
54826,28928
54826,54129
54826,99057
54826,80999
54826,43003
54826,53082
54826,51810
54826,71128
54826,95994
54826,15718
54826,96472
54826,59054
54826,91374
54826,44313
54826,42723
54826,87941
54826,25316
54826,74421
54826,59338
54826,84822
54826,86997
54826,46828
54826,67349
54826,95970
54826,37212
54826,64757
54826,6525
54826,47881
54826,13968
54826,53770
54826,88953
54826,9588
54826,15566
54826,72659
54826,73704
54826,28935
54826,42987
54826,62837
54826,44348
54826,76511
54826,12237
54826,13613
54826,85262
54826,78665
54826,77841
54826,10353
54826,4925
54826,78591
54826,8536
54826,17736
54826,72270
54826,69125
54826,60549
54826,84135
54826,57589
54826,13278
54826,74176
54826,33249
54826,38591
54826,20445
54826,48933
54826,42982
54826,65163
54826,96211
54826,10424
54826,13373
54826,82704
54826,9169
54826,53056
54826,90307
54826,80572
54826,95180
54826,66677
54826,89096
54826,51334
54826,5062
54826,697
54826,68532
54826,94637
54826,74088
54826,74888
54826,7197
28177,14210
28177,84178
28177,14340
28177,64416
28177,41448
28177,70434
28177,81015
28177,46159
28177,39079
28177,79095
28177,36162
28177,11125
28177,40875
28177,62803
28177,7697
28177,97893
28177,98684
28177,78983
28177,48721
28177,65304
28177,20562
28177,66501
28177,84441
28177,13512
28177,42102
28177,3924
28177,82093
28177,59054
28177,50883
28177,96507
28177,84822
28177,72364
28177,48612
28177,95970
28177,91314
28177,34016
28177,59113
28177,78995
28177,36422
28177,76511
28177,79067
28177,50307
28177,68857
28177,4312
28177,78591
28177,29704
28177,84135
28177,20445
28177,84098
28177,9835
28177,42982
28177,4809
28177,95796
28177,93387
28177,91043
28177,46196
28177,10958
28177,74088
93089,41477
93089,50797
93089,99710
93089,53643
93089,88731
93089,36078
93089,90113
93089,44305
93089,10428
93089,64451
93089,66638
93089,10564
93089,50802
93089,8287
93089,7959
93089,36162
93089,92155
93089,37570
93089,47172
93089,63866
93089,9891
93089,74853
93089,13875
93089,82969
93089,78765
93089,82707
93089,21793
93089,62515
93089,7926
93089,65664
93089,45216
93089,42723
93089,3793
93089,24353
93089,55814
93089,85606
93089,91314
93089,15096
93089,82639
93089,26544
93089,76900
93089,41473
93089,59817
93089,29682
93089,80842
93089,62293
93089,95853
93089,6594
93089,71569
93089,21334
93089,83902
93089,63028
93089,61025
93089,7025
93089,23664
93089,81307
93089,62224
93089,75529
93089,98306
93089,12599
93089,37106
93089,73386
93089,8536
93089,74499
93089,73855
93089,79138
93089,33450
93089,8697
93089,37735
93089,41543
93089,52703
93089,19794
93089,25417
93089,10958
93089,33252
93089,7197
72175,43561
72175,63867
72175,2126
72175,84178
72175,64416
72175,81015
72175,46159
72175,11960
72175,58914
72175,42452
72175,4731
72175,70782
72175,62803
72175,68169
72175,89624
72175,82739
72175,98684
72175,78983
72175,14531
72175,13875
72175,6
72175,64747
72175,22807
72175,49806
72175,7926
72175,80999
72175,82093
72175,12242
72175,95994
72175,75920
72175,59338
72175,84822
72175,95970
72175,6525
72175,91314
72175,65295
72175,86161
72175,39501
72175,45841
72175,93464
72175,99173
72175,78995
72175,28799
72175,81307
72175,68857
72175,6463
72175,72568
72175,33196
72175,72270
72175,57589
72175,28112
72175,84098
72175,48933
72175,33450
72175,42982
72175,92282
72175,95796
72175,91319
72175,91043
72175,51334
72175,10958
72175,49307
72175,30776
72175,97957
55891,41477
55891,50797
55891,53643
55891,37605
55891,43561
55891,91845
55891,14613
55891,37624
55891,94916
55891,14340
55891,50306
55891,43092
55891,44305
55891,7612
55891,64416
55891,55515
55891,36458
55891,46159
55891,39983
55891,69427
55891,38335
55891,95594
55891,50802
55891,22048
55891,46068
55891,60979
55891,7959
55891,36866
55891,73798
55891,60211
55891,65681
55891,30083
55891,11125
55891,60090
55891,62704
55891,64607
55891,86807
55891,44043
55891,89624
55891,3003
55891,63866
55891,7685
55891,474
55891,17936
55891,29884
55891,97386
55891,47066
55891,5949
55891,63951
55891,9915
55891,98151
55891,85851
55891,6
55891,27254
55891,30719
55891,24548
55891,13285
55891,22807
55891,23525
55891,97475
55891,27199
55891,79278
55891,53082
55891,65432
55891,34523
55891,82093
55891,86538
55891,37195
55891,15718
55891,4177
55891,59054
55891,42635
55891,34808
55891,16425
55891,47003
55891,37512
55891,73295
55891,25316
55891,48756
55891,98521
55891,55814
55891,96507
55891,85606
55891,72364
55891,29982
55891,6816
55891,79834
55891,96149
55891,60670
55891,11766
55891,95408
55891,13968
55891,19028
55891,4272
55891,14425
55891,86161
55891,9588
55891,72659
55891,73704
55891,81743
55891,41473
55891,59817
55891,29682
55891,78675
55891,26618
55891,45841
55891,80842
55891,30170
55891,75375
55891,15956
55891,78995
55891,21334
55891,85542
55891,8796
55891,62837
55891,66626
55891,76511
55891,18165
55891,28714
55891,6927
55891,79067
55891,6090
55891,50307
55891,48745
55891,45185
55891,77964
55891,61573
55891,64317
55891,57967
55891,94202
55891,62224
55891,24497
55891,68857
55891,63620
55891,6463
55891,75529
55891,4312
55891,18882
55891,12599
55891,86833
55891,8536
55891,3913
55891,49942
55891,45506
55891,77844
55891,18841
55891,74176
55891,79102
55891,43081
55891,33249
55891,28112
55891,28282
55891,88486
55891,31910
55891,72466
55891,24072
55891,30568
55891,16291
55891,12515
55891,10424
55891,95796
55891,65334
55891,89249
55891,30692
55891,73873
55891,42374
55891,52638
55891,13395
55891,90307
55891,95180
55891,88311
55891,17930
55891,10059
55891,5062
55891,94637
55891,652
55891,10958
55891,49307
55891,33470
55891,97957
69089,69909
69089,53643
69089,59135
69089,51625
69089,70392
69089,74059
69089,5957
69089,51451
69089,62704
69089,51678
69089,7697
69089,97872
69089,16081
69089,48721
69089,47066
69089,92882
69089,51431
69089,41019
69089,1332
69089,34524
69089,34924
69089,80887
69089,91832
69089,51810
69089,1198
69089,59054
69089,34808
69089,85606
69089,53695
69089,58660
69089,47881
69089,9621
69089,21036
69089,95408
69089,26761
69089,29682
69089,76327
69089,99173
69089,78995
69089,42923
69089,12104
69089,64039
69089,29811
69089,10353
69089,44244
69089,63777
69089,12599
69089,6374
69089,84135
69089,32176
69089,42982
69089,31910
69089,37735
69089,86447
69089,82704
69089,42374
69089,89642
69089,89967
69089,5062
69089,52110
36221,54084
36221,1064
36221,41477
36221,39243
36221,12999
36221,84230
36221,94649
36221,17253
36221,99710
36221,6420
36221,29759
36221,36078
36221,84178
36221,37624
36221,20082
36221,16021
36221,61726
36221,87030
36221,81332
36221,43092
36221,22517
36221,72594
36221,34874
36221,87810
36221,64451
36221,49372
36221,46159
36221,11960
36221,93944
36221,10520
36221,50802
36221,24302
36221,5957
36221,8287
36221,60979
36221,29210
36221,7959
36221,58914
36221,60388
36221,42452
36221,58245
36221,24848
36221,11153
36221,78373
36221,39491
36221,37570
36221,51451
36221,11125
36221,88776
36221,2418
36221,23385
36221,47172
36221,86807
36221,94556
36221,26030
36221,83365
36221,69711
36221,62707
36221,44672
36221,63866
36221,98684
36221,67649
36221,17936
36221,91
36221,16081
36221,29884
36221,47722
36221,97386
36221,8862
36221,30205
36221,41019
36221,45177
36221,50886
36221,93016
36221,30719
36221,64775
36221,21230
36221,90997
36221,17740
36221,74600
36221,22799
36221,26935
36221,1608
36221,49806
36221,21793
36221,51181
36221,19487
36221,4071
36221,58876
36221,65664
36221,80321
36221,12906
36221,61524
36221,94363
36221,88950
36221,7021
36221,15718
36221,59063
36221,40753
36221,34808
36221,37654
36221,42723
36221,47003
36221,49424
36221,37512
36221,62444
36221,98521
36221,55814
36221,39809
36221,47292
36221,86997
36221,6816
36221,79834
36221,58660
36221,91314
36221,54466
36221,10042
36221,34016
36221,11766
36221,42819
36221,95408
36221,14765
36221,11733
36221,16012
36221,14425
36221,53770
36221,65295
36221,39383
36221,86161
36221,41473
36221,92622
36221,29682
36221,39888
36221,26618
36221,30170
36221,6594
36221,76793
36221,28136
36221,15956
36221,99173
36221,44976
36221,58578
36221,42987
36221,30846
36221,97247
36221,56747
36221,30481
36221,66626
36221,19147
36221,27266
36221,73973
36221,37372
36221,7339
36221,45925
36221,79067
36221,50307
36221,13613
36221,48745
36221,61025
36221,28799
36221,23664
36221,60730
36221,12407
36221,36956
36221,19851
36221,48609
36221,2584
36221,75529
36221,57242
36221,60228
36221,93507
36221,29704
36221,34076
36221,10188
36221,69125
36221,7536
36221,73855
36221,18445
36221,32176
36221,82741
36221,43081
36221,38591
36221,69661
36221,17526
36221,29290
36221,74594
36221,45696
36221,97754
36221,31910
36221,12515
36221,10424
36221,95796
36221,73409
36221,18064
36221,13373
36221,99454
36221,53352
36221,30692
36221,42374
36221,9169
36221,52638
36221,89642
36221,89096
36221,89967
36221,51334
36221,652
36221,49307
36221,74088
13038,84844
13038,90482
13038,50797
13038,70994
13038,73918
13038,94649
13038,99710
13038,29838
13038,37711
13038,73945
13038,50306
13038,43092
13038,72594
13038,66638
13038,30965
13038,92369
13038,49372
13038,78355
13038,79095
13038,10520
13038,74059
13038,8287
13038,48196
13038,29210
13038,82315
13038,24848
13038,9150
13038,3617
13038,26405
13038,23385
13038,22620
13038,47172
13038,63014
13038,97872
13038,44582
13038,13914
13038,98684
13038,30883
13038,90375
13038,14531
13038,16081
13038,89332
13038,63951
13038,1862
13038,50886
13038,6346
13038,90997
13038,27522
13038,62153
13038,27199
13038,63112
13038,36838
13038,80999
13038,72188
13038,51810
13038,36891
13038,82093
13038,88950
13038,84595
13038,24234
13038,29822
13038,91374
13038,44313
13038,42723
13038,70511
13038,48430
13038,55814
13038,86997
13038,29982
13038,61309
13038,9031
13038,58660
13038,68658
13038,60670
13038,11766
13038,47820
13038,93735
13038,1349
13038,26761
13038,9588
13038,9053
13038,47187
13038,73704
13038,41473
13038,59817
13038,39501
13038,6594
13038,97247
13038,8796
13038,58159
13038,58617
13038,9239
13038,6815
13038,45185
13038,77841
13038,59783
13038,77942
13038,68857
13038,22436
13038,4925
13038,21855
13038,75529
13038,37787
13038,59844
13038,4232
13038,78591
13038,17736
13038,90546
13038,74499
13038,52708
13038,55334
13038,18445
13038,43081
13038,29290
13038,88486
13038,998
13038,97567
13038,31910
13038,90034
13038,16291
13038,27660
13038,95796
13038,13373
13038,82704
13038,37022
13038,73539
13038,9169
13038,52638
13038,16219
13038,75733
13038,65114
13038,10958
13038,74888
13038,33470
13038,7197
21813,84844
21813,39243
21813,94791
21813,69909
21813,73918
21813,79668
21813,28680
21813,37711
21813,73945
21813,20082
21813,3805
21813,66638
21813,49372
21813,10563
21813,38932
21813,58245
21813,39080
21813,62704
21813,23385
21813,22620
21813,7697
21813,83365
21813,50055
21813,44672
21813,90375
21813,16081
21813,89332
21813,47066
21813,8862
21813,51431
21813,7315
21813,46061
21813,6346
21813,3086
21813,30719
21813,86289
21813,96678
21813,17740
21813,27522
21813,74600
21813,63112
21813,3924
21813,46692
21813,80999
21813,91832
21813,45216
21813,32541
21813,24070
21813,87269
21813,4177
21813,49424
21813,48430
21813,41743
21813,81927
21813,86997
21813,29982
21813,69465
21813,53695
21813,6525
21813,58660
21813,72929
21813,21036
21813,39351
21813,47820
21813,9076
21813,21026
21813,15566
21813,47187
21813,59113
21813,28935
21813,14240
21813,92622
21813,29682
21813,56529
21813,78995
21813,69725
21813,6856
21813,12104
21813,8796
21813,30481
21813,58617
21813,64039
21813,9239
21813,70600
21813,12237
21813,82703
21813,85262
21813,90275
21813,64966
21813,77841
21813,19851
21813,68857
21813,10353
21813,75529
21813,86833
21813,37106
21813,8536
21813,45506
21813,7536
21813,56407
21813,61238
21813,55334
21813,92100
21813,33249
21813,69661
21813,39993
21813,87993
21813,31910
21813,13373
21813,37022
21813,93387
21813,73539
21813,42374
21813,9169
21813,89642
21813,17930
21813,47458
21813,89096
21813,5062
21813,10958
21813,74888
21813,33470
10303,84844
10303,97522
10303,39243
10303,46602
10303,70994
10303,94791
10303,73918
10303,53643
10303,57372
10303,15989
10303,91845
10303,63867
10303,49558
10303,2126
10303,37624
10303,8980
10303,7612
10303,92369
10303,81015
10303,46461
10303,38578
10303,79095
10303,87781
10303,93944
10303,5957
10303,59292
10303,87765
10303,82315
10303,73445
10303,24848
10303,73798
10303,11153
10303,9150
10303,65538
10303,78373
10303,23385
10303,63014
10303,66992
10303,83365
10303,44582
10303,63866
10303,13148
10303,29628
10303,90375
10303,17936
10303,49612
10303,16081
10303,29884
10303,8862
10303,5949
10303,54361
10303,1862
10303,43875
10303,34274
10303,46061
10303,65271
10303,6346
10303,38505
10303,92548
10303,3086
10303,96678
10303,74600
10303,70282
10303,78229
10303,26935
10303,1608
10303,48489
10303,14421
10303,7926
10303,80999
10303,33181
10303,65746
10303,54974
10303,27455
10303,65664
10303,31024
10303,98615
10303,12242
10303,1198
10303,25706
10303,94363
10303,12138
10303,15718
10303,75920
10303,24234
10303,96472
10303,37654
10303,73295
10303,25316
10303,13122
10303,50883
10303,66004
10303,81927
10303,13705
10303,47292
10303,84822
10303,67349
10303,79834
10303,9031
10303,54466
10303,10042
10303,5943
10303,36851
10303,21947
10303,14765
10303,55319
10303,14425
10303,34448
10303,87379
10303,47187
10303,53495
10303,29682
10303,26618
10303,99792
10303,47884
10303,63297
10303,14299
10303,75375
10303,15956
10303,35999
10303,44976
10303,26638
10303,12104
10303,44348
10303,10513
10303,99290
10303,9239
10303,45925
10303,85262
10303,28799
10303,24497
10303,19851
10303,78177
10303,2584
10303,75529
10303,12599
10303,85225
10303,57242
10303,3101
10303,8536
10303,76145
10303,40938
10303,82993
10303,34076
10303,7536
10303,56407
10303,92100
10303,13278
10303,33249
10303,18218
10303,74594
10303,39993
10303,33450
10303,61825
10303,62826
10303,18808
10303,41543
10303,16216
10303,27660
10303,91319
10303,82704
10303,63531
10303,35240
10303,73873
10303,73539
10303,52638
10303,89642
10303,95180
10303,75733
10303,47458
10303,32666
10303,10059
10303,94637
10303,10958
10303,1711
10303,44128
9803,41477
9803,94649
9803,79668
9803,28680
9803,15989
9803,14613
9803,36078
9803,98122
9803,59135
9803,44305
9803,22517
9803,3805
9803,87810
9803,1272
9803,39824
9803,70434
9803,49372
9803,36458
9803,51625
9803,46461
9803,11960
9803,25310
9803,79095
9803,95594
9803,50136
9803,8287
9803,46068
9803,7959
9803,72149
9803,22340
9803,73798
9803,9150
9803,37570
9803,77441
9803,78824
9803,62803
9803,7697
9803,86807
9803,43461
9803,66992
9803,83365
9803,69711
9803,72277
9803,78983
9803,49612
9803,18765
9803,5949
9803,70954
9803,66326
9803,3086
9803,86289
9803,96678
9803,21230
9803,78765
9803,91223
9803,43175
9803,49806
9803,34924
9803,14290
9803,53082
9803,54974
9803,86538
9803,81052
9803,15889
9803,15718
9803,75920
9803,97287
9803,16425
9803,49424
9803,63042
9803,48756
9803,79834
9803,46428
9803,72929
9803,34016
9803,21036
9803,26544
9803,62943
9803,14765
9803,65295
9803,55639
9803,53495
9803,29682
9803,45841
9803,6594
9803,15956
9803,44976
9803,21334
9803,8796
9803,58159
9803,99290
9803,27266
9803,7339
9803,70600
9803,38589
9803,78665
9803,45185
9803,7025
9803,61573
9803,64317
9803,57967
9803,12407
9803,77942
9803,24497
9803,10692
9803,11038
9803,76147
9803,59844
9803,85225
9803,78591
9803,3101
9803,86833
9803,73386
9803,72568
9803,8536
9803,82993
9803,67921
9803,77844
9803,7536
9803,51097
9803,5059
9803,18445
9803,58681
9803,92100
9803,69661
9803,74594
9803,79138
9803,45696
9803,2677
9803,72466
9803,24072
9803,85038
9803,99473
9803,52703
9803,86447
9803,99454
9803,63531
9803,73873
9803,80759
9803,61976
9803,91043
9803,13395
9803,90650
9803,17930
9803,51334
9803,46196
9803,697
9803,33252
9803,33470
9803,44128
9803,59530
9803,97957
60577,84844
60577,90482
60577,46602
60577,90965
60577,69909
60577,84230
60577,73918
60577,11003
60577,12361
60577,79668
60577,53643
60577,91845
60577,40029
60577,73945
60577,16021
60577,44305
60577,3545
60577,7612
60577,72594
60577,39824
60577,81015
60577,70392
60577,25310
60577,24302
60577,43652
60577,38932
60577,22048
60577,68556
60577,58424
60577,47260
60577,50426
60577,42452
60577,22340
60577,92155
60577,78428
60577,78373
60577,41190
60577,51451
60577,28105
60577,88776
60577,60090
60577,29923
60577,68169
60577,10079
60577,22620
60577,43461
60577,26030
60577,69711
60577,44582
60577,16897
60577,28429
60577,90375
60577,14531
60577,6262
60577,71870
60577,12812
60577,65304
60577,92882
60577,66326
60577,9915
60577,38505
60577,93016
60577,30719
60577,64775
60577,81497
60577,27522
60577,74600
60577,85293
60577,28928
60577,80887
60577,99057
60577,99162
60577,19451
60577,91832
60577,19091
60577,29358
60577,31024
60577,45216
60577,71128
60577,1198
60577,88161
60577,53881
60577,48898
60577,24234
60577,96472
60577,59063
60577,91374
60577,34808
60577,16425
60577,42723
60577,49424
60577,25316
60577,66004
60577,96507
60577,19152
60577,69465
60577,37212
60577,79834
60577,64757
60577,6525
60577,68658
60577,47881
60577,60670
60577,11766
60577,21036
60577,42819
60577,55319
60577,65295
60577,47820
60577,9076
60577,21026
60577,47187
60577,59113
60577,14240
60577,39501
60577,20149
60577,76793
60577,44976
60577,95995
60577,44348
60577,56359
60577,29040
60577,45925
60577,85262
60577,45185
60577,7025
60577,48790
60577,29811
60577,77841
60577,71663
60577,81307
60577,61326
60577,36956
60577,24497
60577,63777
60577,63620
60577,75529
60577,4312
60577,4232
60577,85225
60577,8536
60577,3913
60577,90546
60577,16758
60577,77844
60577,34076
60577,7536
60577,6374
60577,55334
60577,88089
60577,85617
60577,92282
60577,10424
60577,86447
60577,42374
60577,61976
60577,95180
60577,10958
60577,33252
60577,33470
80736,54084
80736,97522
80736,94791
80736,84230
80736,99710
80736,79668
80736,53643
80736,91845
80736,14340
80736,50306
80736,66638
80736,69427
80736,25310
80736,87781
80736,95763
80736,64417
80736,47260
80736,58914
80736,87765
80736,60388
80736,92155
80736,51055
80736,51451
80736,26165
80736,3617
80736,26405
80736,58143
80736,63866
80736,17936
80736,9891
80736,70954
80736,39863
80736,7315
80736,98151
80736,85851
80736,30719
80736,96678
80736,49679
80736,23594
80736,49806
80736,97475
80736,34924
80736,82707
80736,84059
80736,22528
80736,51181
80736,65664
80736,18030
80736,82093
80736,15889
80736,15718
80736,75920
80736,97287
80736,63663
80736,3793
80736,49424
80736,37512
80736,98521
80736,55814
80736,85606
80736,67349
80736,82814
80736,91314
80736,47881
80736,57173
80736,16012
80736,39383
80736,59817
80736,29682
80736,26074
80736,62293
80736,8982
80736,75375
80736,71569
80736,44976
80736,70254
80736,26638
80736,21334
80736,85542
80736,56359
80736,19147
80736,63028
80736,18165
80736,7339
80736,70600
80736,61025
80736,17354
80736,64317
80736,76147
80736,37787
80736,4232
80736,12599
80736,97900
80736,8536
80736,72598
80736,74499
80736,77844
80736,34076
80736,56407
80736,57589
80736,17185
80736,28282
80736,2677
80736,4809
80736,99757
80736,16216
80736,12515
80736,73409
80736,99454
80736,73873
80736,91043
80736,17930
80736,75733
80736,66677
80736,51334
80736,64597
80736,10958
80736,74888
80736,80200
80736,97957
57397,1064
57397,73918
57397,17253
57397,37711
57397,14210
57397,73945
57397,84178
57397,14340
57397,87030
57397,7612
57397,64416
57397,3805
57397,10428
57397,55515
57397,39824
57397,70434
57397,11960
57397,74059
57397,1795
57397,7959
57397,57289
57397,51055
57397,39491
57397,4731
57397,28105
57397,62803
57397,10079
57397,64607
57397,58143
57397,97872
57397,50055
57397,44672
57397,7685
57397,98684
57397,72277
57397,14531
57397,97386
57397,46099
57397,92882
57397,20562
57397,70954
57397,6
57397,82969
57397,30719
57397,19897
57397,57494
57397,43175
57397,26935
57397,97475
57397,3924
57397,80887
57397,54129
57397,46692
57397,21092
57397,80999
57397,1198
57397,15889
57397,12138
57397,15718
57397,4177
57397,59054
57397,91374
57397,42635
57397,16425
57397,70511
57397,13122
57397,81927
57397,85606
57397,84822
57397,48612
57397,69465
57397,72929
57397,11766
57397,36851
57397,26761
57397,86161
57397,59817
57397,36296
57397,30170
57397,99173
57397,95265
57397,12104
57397,62837
57397,38211
57397,50307
57397,78665
57397,77841
57397,71663
57397,68857
57397,78177
57397,49942
57397,7536
57397,74722
57397,55334
57397,92100
57397,27856
57397,20445
57397,84098
57397,33450
57397,65163
57397,35093
57397,10424
57397,99454
57397,63531
57397,93387
57397,64575
57397,90307
57397,16219
57397,68532
57397,52110
59610,1064
59610,94791
59610,84230
59610,11003
59610,14613
59610,22551
59610,59135
59610,87030
59610,50306
59610,34874
59610,83129
59610,1272
59610,35573
59610,47260
59610,51846
59610,39491
59610,39274
59610,2418
59610,7697
59610,26030
59610,44582
59610,98684
59610,90375
59610,474
59610,49612
59610,49195
59610,36215
59610,16081
59610,68964
59610,31336
59610,92655
59610,27522
59610,2500
59610,14421
59610,96691
59610,36838
59610,21092
59610,80999
59610,4071
59610,58876
59610,31024
59610,81052
59610,25706
59610,88950
59610,48391
59610,59054
59610,42635
59610,70511
59610,29982
59610,53695
59610,57173
59610,11766
59610,72410
59610,26544
59610,5943
59610,13968
59610,72659
59610,87456
59610,28935
59610,81743
59610,29682
59610,26618
59610,90219
59610,26638
59610,30846
59610,6856
59610,58617
59610,76511
59610,84083
59610,99290
59610,10343
59610,70600
59610,43946
59610,50307
59610,51956
59610,57967
59610,81307
59610,67009
59610,10692
59610,22436
59610,37787
59610,4312
59610,12599
59610,57242
59610,3101
59610,17736
59610,72270
59610,49942
59610,77844
59610,52708
59610,60549
59610,11238
59610,66713
59610,33249
59610,18218
59610,29290
59610,79138
59610,33450
59610,8697
59610,97754
59610,63531
59610,30692
59610,64575
59610,61976
59610,13395
59610,16219
59610,90085
59610,10059
59610,35079
59610,52110
53104,90482
53104,1064
53104,2885
53104,70994
53104,84230
53104,11003
53104,6420
53104,96311
53104,14613
53104,22551
53104,94916
53104,61726
53104,50306
53104,81332
53104,72594
53104,92369
53104,49372
53104,46159
53104,39983
53104,25310
53104,10520
53104,10563
53104,1795
53104,35573
53104,58914
53104,50426
53104,42452
53104,82315
53104,22340
53104,73798
53104,11153
53104,78428
53104,65681
53104,30083
53104,40875
53104,51710
53104,10079
53104,64607
53104,44043
53104,83365
53104,50055
53104,44582
53104,30883
53104,80519
53104,30614
53104,29884
53104,48721
53104,8862
53104,71870
53104,54361
53104,42451
53104,1862
53104,31336
53104,50886
53104,46061
53104,34524
53104,27254
53104,25460
53104,17740
53104,78229
53104,64747
53104,85293
53104,62153
53104,97475
53104,27199
53104,74365
53104,28928
53104,80887
53104,51181
53104,36838
53104,54129
53104,19487
53104,66075
53104,36891
53104,32541
53104,98615
53104,24070
53104,22110
53104,88161
53104,53881
53104,48898
53104,24234
53104,34808
53104,47003
53104,70511
53104,94691
53104,87941
53104,81927
53104,19152
53104,86997
53104,53695
53104,6816
53104,37212
53104,91314
53104,15096
53104,79870
53104,11766
53104,42819
53104,5943
53104,14425
53104,39383
53104,93735
53104,88953
53104,15566
53104,28935
53104,92622
53104,48302
53104,76793
53104,69725
53104,30846
53104,38798
53104,38211
53104,70679
53104,84083
53104,83902
53104,28714
53104,10343
53104,7339
53104,12237
53104,79589
53104,57782
53104,59783
53104,12407
53104,77942
53104,11038
53104,44244
53104,48609
53104,96932
53104,4312
53104,18882
53104,59844
53104,92503
53104,90546
53104,33196
53104,40938
53104,55334
53104,43081
53104,33249
53104,88486
53104,998
53104,97754
53104,31910
53104,85617
53104,27660
53104,73409
53104,89249
53104,53352
53104,30692
53104,73539
53104,42374
53104,52638
53104,91043
53104,16219
53104,65114
53104,35079
53104,20515
53104,697
53104,10958
53104,49307
53104,74088
53104,33252
53104,52110
64445,40696
64445,50797
64445,53926
64445,84230
64445,17253
64445,99710
64445,53643
64445,25155
64445,37711
64445,91845
64445,14613
64445,43735
64445,98122
64445,94916
64445,20082
64445,90113
64445,8980
64445,83129
64445,1272
64445,36458
64445,51625
64445,39983
64445,53548
64445,69427
64445,87781
64445,95594
64445,10520
64445,50802
64445,22048
64445,46068
64445,35573
64445,58424
64445,60979
64445,58914
64445,88384
64445,59292
64445,76017
64445,98463
64445,82315
64445,60211
64445,41190
64445,51451
64445,3617
64445,62803
64445,2418
64445,26405
64445,7697
64445,97872
64445,44582
64445,29628
64445,78983
64445,14531
64445,91
64445,29884
64445,48721
64445,12812
64445,51431
64445,70954
64445,39863
64445,66326
64445,74853
64445,66501
64445,50886
64445,62905
64445,65271
64445,92655
64445,38505
64445,6
64445,13512
64445,92548
64445,97323
64445,82969
64445,96678
64445,49679
64445,62153
64445,49806
64445,97475
64445,48489
64445,34924
64445,82707
64445,84059
64445,22528
64445,7926
64445,72188
64445,54974
64445,27455
64445,65664
64445,18030
64445,29358
64445,45216
64445,24070
64445,12242
64445,61524
64445,88161
64445,53881
64445,12138
64445,84595
64445,59054
64445,91374
64445,44313
64445,84024
64445,16425
64445,47003
64445,48430
64445,62444
64445,50883
64445,66004
64445,74421
64445,20079
64445,46828
64445,67349
64445,61309
64445,8669
64445,58660
64445,96149
64445,47881
64445,57173
64445,72929
64445,34016
64445,82639
64445,13968
64445,16012
64445,47820
64445,88953
64445,72659
64445,37840
64445,28935
64445,81743
64445,41473
64445,26618
64445,20149
64445,62293
64445,30170
64445,3588
64445,87505
64445,42987
64445,42923
64445,12104
64445,8796
64445,56747
64445,58159
64445,66626
64445,83902
64445,64039
64445,7339
64445,9239
64445,29040
64445,82703
64445,38589
64445,61025
64445,17354
64445,48790
64445,64966
64445,61573
64445,77841
64445,24497
64445,10692
64445,68857
64445,63777
64445,8628
64445,78177
64445,2584
64445,37787
64445,98306
64445,73386
64445,52708
64445,7536
64445,66713
64445,13278
64445,33249
64445,28112
64445,20445
64445,40557
64445,88089
64445,8697
64445,68607
64445,97754
64445,99473
64445,10424
64445,73409
64445,91319
64445,99454
64445,35240
64445,89249
64445,36323
64445,64575
64445,52638
64445,13395
64445,53056
64445,66677
64445,89967
64445,20515
64445,51334
64445,1318
64445,33252
64445,52110
64445,59530
65273,12376
65273,40696
65273,54084
65273,70994
65273,94791
65273,53926
65273,90965
65273,69909
65273,99322
65273,12361
65273,53643
65273,25155
65273,15989
65273,91845
65273,14613
65273,49558
65273,88731
65273,2126
65273,94916
65273,14340
65273,20082
65273,90113
65273,61726
65273,59135
65273,77939
65273,41448
65273,64451
65273,55515
65273,1272
65273,91713
65273,39824
65273,92369
65273,70434
65273,36458
65273,51625
65273,25310
65273,95594
65273,59176
65273,64417
65273,8013
65273,24302
65273,49983
65273,22048
65273,48196
65273,47260
65273,96937
65273,6510
65273,29210
65273,58914
65273,50015
65273,36162
65273,58245
65273,60211
65273,65538
65273,39080
65273,51846
65273,22648
65273,39274
65273,3193
65273,40875
65273,78824
65273,29923
65273,2418
65273,26405
65273,87239
65273,23385
65273,47172
65273,58143
65273,63014
65273,43461
65273,26030
65273,8309
65273,69711
65273,82739
65273,16897
65273,44672
65273,2820
65273,3228
65273,29628
65273,90375
65273,49612
65273,89332
65273,46099
65273,65304
65273,54361
65273,80996
65273,94560
65273,20562
65273,70954
65273,30205
65273,66326
65273,74853
65273,9915
65273,43875
65273,13875
65273,41019
65273,34274
65273,46061
65273,92548
65273,3086
65273,27254
65273,42102
65273,64775
65273,96678
65273,21230
65273,81497
65273,90997
65273,17740
65273,74600
65273,85293
65273,2500
65273,97475
65273,84059
65273,27199
65273,74365
65273,36838
65273,19487
65273,7926
65273,91832
65273,43003
65273,27455
65273,5199
65273,45216
65273,71128
65273,81052
65273,12242
65273,95994
65273,48391
65273,7021
65273,84595
65273,24234
65273,3793
65273,49424
65273,68416
65273,37512
65273,73295
65273,63042
65273,70511
65273,94691
65273,71951
65273,62444
65273,73346
65273,50883
65273,13705
65273,72364
65273,69465
65273,82814
65273,6816
65273,89757
65273,64757
65273,6525
65273,58660
65273,10042
65273,18276
65273,47212
65273,47881
65273,57173
65273,72929
65273,60670
65273,42819
65273,21947
65273,14765
65273,14425
65273,53770
65273,39383
65273,39351
65273,1349
65273,9588
65273,34448
65273,72659
65273,87456
65273,47187
65273,28935
65273,45841
65273,36296
65273,80842
65273,26074
65273,62293
65273,95338
65273,95853
65273,14299
65273,48302
65273,8982
65273,28136
65273,18845
65273,76327
65273,2997
65273,26638
65273,42987
65273,78995
65273,95265
65273,6856
65273,12104
65273,8796
65273,62837
65273,66626
65273,10513
65273,84083
65273,99290
65273,28714
65273,27266
65273,29040
65273,12237
65273,6927
65273,6815
65273,79067
65273,6090
65273,48745
65273,60730
65273,64317
65273,94202
65273,12407
65273,77942
65273,79515
65273,11038
65273,22436
65273,44244
65273,48609
65273,63620
65273,96932
65273,6463
65273,2584
65273,75529
65273,37787
65273,4312
65273,4232
65273,3101
65273,86833
65273,92503
65273,60228
65273,62789
65273,8536
65273,72598
65273,29704
65273,3913
65273,40938
65273,16758
65273,77844
65273,5059
65273,66713
65273,96402
65273,57589
65273,92100
65273,33249
65273,28112
65273,40557
65273,33450
65273,88486
65273,21831
65273,61825
65273,62826
65273,31910
65273,18808
65273,84551
65273,99757
65273,27660
65273,92282
65273,10424
65273,13373
65273,82704
65273,37022
65273,73873
65273,90307
65273,80572
65273,90085
65273,66677
65273,89096
65273,10059
65273,20515
65273,90808
65273,85528
65273,68532
65273,10958
65273,21236
65273,44128
65273,97957
73004,41477
73004,39243
73004,70994
73004,53926
73004,90965
73004,79668
73004,28680
73004,37711
73004,70434
73004,53548
73004,46068
73004,50426
73004,42452
73004,82315
73004,60090
73004,47172
73004,97872
73004,83365
73004,16897
73004,49612
73004,5949
73004,54361
73004,70954
73004,46061
73004,92548
73004,78229
73004,74365
73004,3924
73004,36838
73004,19091
73004,80321
73004,36891
73004,45216
73004,71128
73004,15718
73004,44313
73004,42723
73004,94691
73004,47292
73004,6816
73004,64757
73004,15096
73004,14425
73004,65295
73004,15566
73004,6594
73004,15956
73004,42923
73004,8796
73004,38798
73004,38211
73004,44348
73004,58617
73004,12237
73004,77841
73004,4232
73004,37106
73004,7536
73004,43081
73004,39993
73004,13373
73004,89249
73004,73539
73004,52638
73004,80572
73004,95180
73004,66677
73004,33470
18366,90482
18366,40696
18366,46602
18366,99322
18366,73918
18366,17253
18366,15989
18366,2126
18366,43735
18366,14210
18366,73945
18366,61726
18366,59135
18366,87030
18366,8980
18366,44305
18366,3545
18366,34874
18366,10428
18366,81015
18366,36458
18366,82241
18366,46159
18366,39079
18366,36875
18366,95763
18366,59176
18366,10564
18366,50802
18366,76581
18366,5957
18366,22048
18366,36866
18366,73445
18366,60211
18366,51846
18366,78373
18366,51055
18366,41190
18366,40875
18366,78824
18366,51710
18366,3617
18366,23385
18366,22620
18366,7697
18366,64607
18366,63014
18366,66992
18366,50055
18366,69711
18366,44582
18366,67649
18366,49612
18366,16081
18366,89332
18366,71870
18366,68964
18366,42451
18366,1862
18366,9915
18366,43875
18366,85851
18366,6346
18366,13512
18366,92548
18366,82969
18366,42102
18366,86289
18366,96678
18366,78765
18366,49679
18366,27522
18366,74600
18366,91223
18366,43175
18366,65472
18366,1608
18366,49806
18366,97475
18366,16722
18366,19487
18366,75147
18366,53082
18366,65664
18366,19091
18366,36891
18366,82093
18366,32541
18366,40584
18366,24070
18366,22110
18366,71128
18366,12242
18366,1198
18366,25706
18366,53881
18366,37195
18366,40753
18366,91374
18366,84024
18366,42723
18366,49424
18366,70511
18366,41743
18366,13705
18366,39809
18366,19152
18366,84822
18366,86997
18366,29982
18366,67349
18366,9031
18366,18276
18366,52905
18366,34016
18366,82639
18366,5943
18366,62943
18366,36851
18366,13968
18366,93735
18366,34448
18366,72659
18366,73704
18366,59113
18366,53495
18366,92622
18366,84280
18366,45841
18366,63297
18366,93464
18366,70167
18366,3588
18366,18845
18366,99173
18366,69725
18366,78374
18366,85542
18366,12104
18366,56747
18366,70679
18366,66626
18366,83902
18366,28714
18366,70600
18366,6815
18366,48745
18366,17354
18366,78665
18366,7025
18366,28799
18366,81307
18366,67009
18366,68857
18366,96932
18366,4925
18366,1674
18366,76147
18366,75529
18366,37787
18366,4232
18366,78591
18366,57242
18366,86833
18366,90546
18366,67921
18366,45506
18366,52708
18366,60549
18366,1829
18366,61238
18366,28282
18366,65896
18366,49957
18366,79138
18366,42982
18366,88486
18366,21831
18366,35093
18366,27660
18366,52703
18366,95796
18366,99454
18366,35240
18366,9320
18366,42374
18366,64575
18366,91043
18366,13395
18366,95180
18366,17930
18366,47458
18366,10958
18366,1711
40663,12376
40663,69909
40663,73918
40663,94649
40663,57372
40663,37711
40663,63867
40663,59121
40663,22551
40663,37624
40663,8980
40663,7612
40663,72594
40663,1272
40663,70434
40663,49372
40663,81015
40663,39983
40663,69427
40663,36875
40663,64417
40663,5957
40663,8287
40663,46068
40663,36866
40663,65538
40663,51846
40663,39491
40663,4731
40663,62803
40663,63014
40663,13914
40663,62707
40663,72277
40663,49195
40663,29884
40663,48721
40663,47066
40663,68964
40663,39863
40663,41019
40663,34274
40663,65271
40663,84441
40663,6
40663,25460
40663,17740
40663,24548
40663,36838
40663,21092
40663,53082
40663,72188
40663,65432
40663,4071
40663,65664
40663,66075
40663,31024
40663,88161
40663,24234
40663,59054
40663,44313
40663,42635
40663,98521
40663,26261
40663,81927
40663,55814
40663,53695
40663,8669
40663,18276
40663,60670
40663,72410
40663,26544
40663,39383
40663,88953
40663,15566
40663,9053
40663,39501
40663,29682
40663,48302
40663,99173
40663,58617
40663,28714
40663,43946
40663,43746
40663,51956
40663,67009
40663,19851
40663,10353
40663,67747
40663,48609
40663,18882
40663,4232
40663,17736
40663,3913
40663,72270
40663,60549
40663,11238
40663,92100
40663,13278
40663,79102
40663,88089
40663,9835
40663,79138
40663,8697
40663,97754
40663,27660
40663,12515
40663,63531
40663,35240
40663,73539
40663,64575
40663,52638
40663,89642
40663,17930
40663,47458
40663,52110
40663,33470
40663,1711
40663,80200
40663,59530
2288,12376
2288,97522
2288,29759
2288,2126
2288,94916
2288,50306
2288,81015
2288,25310
2288,95763
2288,93944
2288,76581
2288,8287
2288,88384
2288,24848
2288,73798
2288,11153
2288,40875
2288,7697
2288,63014
2288,44043
2288,44582
2288,3228
2288,90375
2288,17936
2288,18765
2288,71870
2288,70954
2288,42102
2288,49679
2288,92866
2288,24548
2288,64747
2288,43175
2288,48489
2288,84059
2288,22528
2288,14290
2288,91832
2288,18030
2288,31024
2288,32541
2288,98615
2288,24070
2288,22110
2288,61524
2288,4177
2288,75920
2288,29822
2288,97287
2288,16425
2288,42723
2288,47003
2288,70511
2288,53695
2288,10042
2288,15096
2288,62943
2288,1349
2288,47187
2288,81743
2288,41473
2288,14240
2288,63297
2288,74988
2288,35999
2288,95995
2288,76511
2288,10513
2288,7339
2288,70600
2288,61025
2288,59783
2288,63620
2288,96932
2288,59844
2288,37106
2288,72568
2288,17736
2288,33196
2288,55184
2288,49942
2288,52708
2288,56407
2288,55334
2288,18445
2288,58681
2288,18218
2288,28112
2288,20762
2288,20445
2288,49957
2288,42982
2288,88486
2288,21831
2288,62826
2288,2677
2288,30568
2288,80572
2288,65114
2288,20515
2288,51334
2288,46196
2288,44128
3222,12376
3222,54084
3222,1064
3222,2885
3222,50797
3222,84230
3222,74649
3222,65887
3222,63867
3222,88731
3222,40029
3222,84178
3222,87030
3222,83129
3222,39824
3222,70392
3222,46159
3222,25310
3222,36875
3222,10564
3222,65268
3222,46068
3222,1795
3222,47260
3222,87765
3222,36866
3222,60211
3222,65538
3222,39080
3222,41435
3222,51846
3222,37570
3222,4731
3222,70782
3222,78824
3222,29923
3222,2418
3222,68169
3222,26405
3222,63014
3222,43461
3222,94556
3222,50055
3222,51855
3222,39301
3222,12812
3222,80996
3222,39863
3222,66326
3222,66501
3222,98151
3222,1332
3222,30719
3222,17740
3222,27522
3222,74600
3222,1608
3222,49806
3222,27199
3222,96691
3222,80887
3222,36838
3222,62515
3222,18674
3222,80999
3222,58876
3222,18030
3222,45216
3222,25706
3222,37195
3222,59063
3222,91374
3222,34808
3222,63663
3222,3793
3222,62444
3222,81927
3222,55814
3222,85606
3222,39809
3222,53695
3222,58951
3222,8669
3222,91314
3222,10042
3222,18276
3222,47881
3222,57173
3222,95408
3222,5943
3222,75444
3222,14425
3222,39383
3222,47820
3222,55587
3222,15566
3222,72659
3222,78675
3222,99792
3222,45841
3222,20149
3222,30170
3222,76793
3222,18845
3222,76327
3222,42987
3222,95265
3222,56747
3222,66626
3222,56359
3222,99290
3222,64039
3222,9239
3222,70600
3222,82703
3222,43946
3222,13613
3222,61025
3222,78665
3222,43746
3222,29811
3222,67009
3222,36956
3222,63777
3222,1674
3222,78591
3222,57242
3222,90546
3222,74722
3222,18841
3222,73855
3222,57589
3222,79102
3222,74594
3222,79138
3222,33450
3222,42982
3222,35093
3222,99757
3222,52703
3222,12515
3222,82704
3222,63531
3222,73539
3222,80759
3222,78277
3222,17930
3222,89096
3222,10059
3222,89967
3222,20515
3222,46196
3222,94637
3222,25417
74746,94791
74746,69909
74746,99710
74746,11003
74746,28680
74746,63867
74746,29759
74746,88731
74746,98122
74746,22551
74746,90113
74746,3545
74746,1503
74746,46159
74746,69427
74746,78355
74746,79095
74746,10520
74746,35573
74746,47260
74746,62725
74746,82315
74746,78428
74746,51055
74746,2418
74746,26405
74746,23385
74746,63014
74746,44582
74746,39301
74746,98684
74746,27671
74746,67649
74746,68964
74746,66501
74746,13875
74746,41019
74746,7315
74746,45177
74746,62905
74746,93016
74746,3086
74746,25460
74746,64775
74746,49679
74746,27522
74746,24548
74746,27199
74746,51181
74746,7926
74746,99162
74746,80999
74746,72188
74746,29358
74746,37195
74746,15718
74746,29822
74746,34808
74746,3793
74746,70511
74746,87941
74746,19152
74746,46828
74746,79870
74746,26544
74746,55639
74746,88953
74746,49068
74746,39501
74746,28136
74746,44976
74746,95995
74746,30846
74746,85542
74746,58159
74746,79589
74746,23664
74746,61573
74746,81307
74746,61326
74746,10692
74746,12333
74746,78177
74746,3101
74746,73386
74746,62789
74746,74499
74746,77844
74746,11238
74746,73855
74746,32176
74746,39310
74746,69661
74746,33450
74746,24072
74746,4809
74746,10424
74746,18064
74746,86447
74746,61976
74746,16219
74746,66677
74746,30776
74746,74888
74746,80200
74746,59530
74746,7197
99293,1064
99293,69909
99293,12361
99293,28680
99293,73945
99293,20082
99293,59135
99293,87030
99293,3805
99293,70392
99293,60211
99293,51846
99293,39491
99293,7697
99293,44672
99293,7685
99293,28429
99293,72277
99293,48721
99293,47066
99293,51431
99293,84786
99293,63871
99293,7315
99293,38505
99293,30860
99293,90997
99293,17740
99293,26935
99293,28928
99293,80887
99293,91832
99293,65664
99293,51810
99293,15889
99293,59063
99293,42635
99293,16425
99293,96507
99293,85606
99293,58660
99293,52905
99293,21036
99293,95408
99293,75444
99293,93735
99293,9053
99293,76327
99293,26638
99293,78995
99293,6856
99293,90275
99293,77841
99293,20130
99293,19851
99293,61238
99293,13278
99293,27856
99293,87993
99293,65163
99293,31910
99293,92282
99293,10424
99293,65334
99293,86447
99293,52638
99293,88311
99293,89967
99293,10958
99293,74088
99293,80200
99293,97957
16200,40696
16200,28620
16200,25155
16200,40029
16200,64451
16200,66638
16200,70392
16200,48196
16200,78824
16200,26405
16200,23385
16200,69711
16200,62707
16200,78983
16200,17936
16200,47722
16200,48244
16200,3086
16200,86289
16200,13285
16200,62153
16200,74365
16200,28928
16200,43003
16200,54974
16200,86538
16200,45216
16200,40753
16200,84024
16200,42635
16200,86997
16200,89757
16200,60670
16200,95408
16200,5943
16200,47820
16200,21026
16200,73704
16200,26618
16200,47884
16200,93464
16200,8982
16200,2997
16200,26638
16200,6090
16200,78665
16200,94730
16200,61573
16200,57967
16200,11038
16200,1674
16200,75529
16200,37106
16200,74499
16200,10188
16200,61238
16200,68607
16200,65163
16200,24072
16200,85038
16200,95796
16200,86447
16200,93387
16200,9169
16200,7137
16200,25838
16200,1318
16200,697
16200,1711
10661,1064
10661,39243
10661,73918
10661,17253
10661,59121
10661,53548
10661,38335
10661,10520
10661,5957
10661,29210
10661,58914
10661,50426
10661,82315
10661,73445
10661,92155
10661,60090
10661,40875
10661,23385
10661,22620
10661,64607
10661,97872
10661,69711
10661,14531
10661,36215
10661,29884
10661,80996
10661,70954
10661,3924
10661,36838
10661,51810
10661,80321
10661,31024
10661,45216
10661,88161
10661,48391
10661,44313
10661,37654
10661,25316
10661,41743
10661,46828
10661,58660
10661,54466
10661,11766
10661,9053
10661,73704
10661,28935
10661,39501
10661,39888
10661,95853
10661,6594
10661,69725
10661,44348
10661,9239
10661,13613
10661,85262
10661,28799
10661,12407
10661,24497
10661,4925
10661,75529
10661,85225
10661,37106
10661,60228
10661,45506
10661,7536
10661,88089
10661,42982
10661,16291
10661,10424
10661,89249
10661,37022
10661,52638
10661,80572
10661,17930
10661,5062
10661,68532
10661,94637
10661,10958
10661,44128
91975,97522
91975,90965
91975,17253
91975,57372
91975,96311
91975,14613
91975,88731
91975,2126
91975,92369
91975,53548
91975,69427
91975,39079
91975,36875
91975,8013
91975,49983
91975,46068
91975,48196
91975,47260
91975,60979
91975,62725
91975,69995
91975,58245
91975,11153
91975,65538
91975,51451
91975,62704
91975,44582
91975,98684
91975,49195
91975,36215
91975,16081
91975,29884
91975,13875
91975,41019
91975,27254
91975,30719
91975,81497
91975,74600
91975,64747
91975,57494
91975,26935
91975,1608
91975,49806
91975,34924
91975,84059
91975,3924
91975,21793
91975,96691
91975,80999
91975,53082
91975,72188
91975,40584
91975,87269
91975,12242
91975,15889
91975,84024
91975,70511
91975,84822
91975,48612
91975,61309
91975,6525
91975,91314
91975,82847
91975,34016
91975,11766
91975,19028
91975,14425
91975,53770
91975,72659
91975,59113
91975,39501
91975,29682
91975,26618
91975,45841
91975,30170
91975,18845
91975,26638
91975,76511
91975,27266
91975,79067
91975,57837
91975,78665
91975,68857
91975,67747
91975,6463
91975,78177
91975,98306
91975,12599
91975,78591
91975,72568
91975,17736
91975,3913
91975,72270
91975,92100
91975,13278
91975,74176
91975,33249
91975,39310
91975,88089
91975,29290
91975,79138
91975,88486
91975,21831
91975,998
91975,65163
91975,97754
91975,85617
91975,92282
91975,12515
91975,73409
91975,63531
91975,35240
91975,90650
91975,32666
91975,10059
91975,85528
91975,652
91975,74888
72829,40696
72829,97522
72829,39243
72829,50797
72829,84230
72829,94649
72829,11003
72829,32818
72829,57372
72829,6420
72829,25155
72829,29759
72829,14210
72829,73945
72829,98122
72829,59121
72829,94916
72829,59135
72829,83129
72829,1272
72829,91713
72829,81015
72829,36458
72829,39983
72829,78355
72829,20460
72829,36875
72829,95763
72829,95594
72829,64417
72829,8013
72829,24302
72829,50136
72829,43652
72829,5957
72829,8287
72829,46068
72829,48196
72829,58424
72829,96937
72829,7959
72829,72149
72829,87765
72829,50015
72829,98463
72829,22340
72829,73798
72829,92155
72829,65538
72829,57289
72829,91642
72829,30083
72829,51451
72829,11125
72829,46431
72829,3193
72829,26405
72829,87239
72829,51678
72829,63014
72829,26030
72829,50055
72829,82739
72829,44672
72829,30883
72829,3228
72829,90375
72829,78983
72829,9891
72829,36215
72829,48721
72829,34053
72829,92882
72829,51431
72829,80996
72829,30205
72829,9915
72829,66501
72829,45177
72829,50886
72829,6
72829,13512
72829,21230
72829,78765
72829,70282
72829,64747
72829,22799
72829,43175
72829,62153
72829,34924
72829,16722
72829,84059
72829,28928
72829,80887
72829,83163
72829,62515
72829,36854
72829,91832
72829,43003
72829,65432
72829,4071
72829,65746
72829,5199
72829,29358
72829,82093
72829,98615
72829,15889
72829,25706
72829,94363
72829,28495
72829,48391
72829,48898
72829,12138
72829,7021
72829,15718
72829,4177
72829,40753
72829,42723
72829,63042
72829,70511
72829,87941
72829,55814
72829,96507
72829,59338
72829,69465
72829,82814
72829,79834
72829,68658
72829,54466
72829,72929
72829,82639
72829,95408
72829,26544
72829,47820
72829,55639
72829,93735
72829,1349
72829,21026
72829,49068
72829,28935
72829,59817
72829,39501
72829,78675
72829,36296
72829,90219
72829,80842
72829,48302
72829,3588
72829,76793
72829,15956
72829,2997
72829,97247
72829,8796
72829,38798
72829,56747
72829,30481
72829,70679
72829,66626
72829,84083
72829,83902
72829,82703
72829,6927
72829,43946
72829,31580
72829,13613
72829,48745
72829,85262
72829,17354
72829,44949
72829,51956
72829,94730
72829,23664
72829,71663
72829,57967
72829,20130
72829,21683
72829,36956
72829,10692
72829,22436
72829,67747
72829,48609
72829,63620
72829,4925
72829,6463
72829,78177
72829,98306
72829,59844
72829,85225
72829,86833
72829,73386
72829,92503
72829,62789
72829,93507
72829,72598
72829,17736
72829,33196
72829,40938
72829,49233
72829,74499
72829,45506
72829,34076
72829,74722
72829,61238
72829,55334
72829,96402
72829,27856
72829,20762
72829,28282
72829,84098
72829,69661
72829,65896
72829,17526
72829,42982
72829,97567
72829,2677
72829,18808
72829,37735
72829,99757
72829,96211
72829,27660
72829,12515
72829,18064
72829,86447
72829,89249
72829,53352
72829,37022
72829,73873
72829,61976
72829,7137
72829,78277
72829,19794
72829,95180
72829,17930
72829,75733
72829,47458
72829,39496
72829,20515
72829,5062
72829,697
72829,30776
72829,74088
72829,74888
39564,41477
39564,2885
39564,73918
39564,79668
39564,28680
39564,695
39564,37711
39564,49558
39564,43735
39564,98122
39564,16021
39564,79650
39564,3545
39564,7612
39564,10428
39564,55515
39564,49372
39564,46159
39564,39983
39564,53548
39564,69427
39564,39079
39564,78355
39564,79095
39564,43652
39564,7959
39564,88384
39564,36162
39564,60211
39564,92155
39564,78428
39564,51055
39564,11125
39564,78824
39564,26405
39564,69711
39564,39301
39564,72277
39564,49612
39564,18765
39564,36215
39564,65304
39564,39863
39564,74853
39564,7315
39564,85851
39564,6
39564,13512
39564,82969
39564,93016
39564,3086
39564,27254
39564,30860
39564,49679
39564,24548
39564,49806
39564,27199
39564,62515
39564,99162
39564,18674
39564,21092
39564,43003
39564,53082
39564,31024
39564,45216
39564,24234
39564,96472
39564,34808
39564,98521
39564,26261
39564,85606
39564,61309
39564,60670
39564,26544
39564,11733
39564,47820
39564,26761
39564,9588
39564,49068
39564,9053
39564,99792
39564,48302
39564,71569
39564,56747
39564,83902
39564,10343
39564,7339
39564,43946
39564,17354
39564,78665
39564,4027
39564,43746
39564,23664
39564,10692
39564,12333
39564,18882
39564,12599
39564,78591
39564,67921
39564,66713
39564,84135
39564,58681
39564,38591
39564,62826
39564,2677
39564,84551
39564,99757
39564,16216
39564,18064
39564,86447
39564,13373
39564,89249
39564,35079
39564,652
39564,30776
39564,74888
39564,52110
76268,54084
76268,41477
76268,97522
76268,46602
76268,90965
76268,69909
76268,94649
76268,17253
76268,695
76268,25155
76268,37605
76268,96311
76268,29838
76268,91845
76268,63867
76268,14613
76268,49558
76268,40029
76268,2126
76268,98122
76268,59121
76268,22551
76268,37624
76268,87030
76268,43092
76268,3545
76268,72594
76268,41448
76268,34874
76268,83129
76268,55515
76268,1272
76268,53548
76268,69427
76268,39079
76268,78355
76268,20460
76268,36875
76268,95594
76268,10564
76268,49983
76268,5957
76268,68556
76268,48196
76268,35573
76268,58424
76268,76017
76268,69995
76268,54857
76268,36866
76268,24848
76268,65681
76268,51451
76268,11125
76268,39274
76268,40875
76268,62704
76268,51678
76268,58143
76268,89624
76268,83365
76268,69711
76268,44582
76268,97893
76268,2820
76268,29628
76268,90375
76268,89332
76268,94560
76268,20562
76268,84786
76268,39863
76268,34274
76268,84441
76268,1836
76268,13512
76268,27254
76268,30860
76268,78765
76268,81497
76268,17740
76268,49679
76268,23594
76268,13285
76268,85293
76268,2500
76268,49806
76268,97475
76268,82707
76268,84059
76268,14421
76268,63112
76268,80887
76268,51181
76268,92236
76268,62515
76268,7926
76268,19451
76268,43003
76268,53082
76268,54974
76268,27455
76268,65664
76268,18030
76268,19091
76268,66075
76268,82093
76268,31024
76268,32541
76268,53881
76268,75920
76268,29822
76268,96472
76268,59054
76268,91374
76268,47003
76268,37512
76268,48430
76268,73346
76268,47292
76268,48612
76268,29982
76268,46828
76268,82814
76268,58660
76268,47212
76268,79870
76268,34016
76268,11766
76268,72410
76268,26544
76268,62943
76268,36851
76268,76900
76268,21947
76268,75444
76268,65295
76268,39351
76268,9076
76268,88953
76268,9588
76268,15566
76268,87379
76268,14240
76268,92622
76268,78675
76268,56529
76268,99792
76268,45841
76268,47884
76268,93464
76268,95338
76268,95853
76268,14299
76268,6594
76268,3588
76268,71569
76268,15956
76268,18845
76268,70254
76268,26638
76268,97247
76268,78374
76268,58617
76268,63028
76268,99290
76268,73973
76268,37372
76268,43946
76268,57782
76268,7025
76268,43746
76268,48790
76268,94730
76268,90275
76268,77841
76268,71663
76268,57967
76268,68857
76268,44244
76268,63620
76268,1674
76268,76147
76268,75529
76268,37787
76268,4312
76268,18882
76268,78591
76268,37106
76268,73386
76268,62789
76268,8536
76268,93507
76268,3913
76268,90546
76268,49233
76268,16758
76268,74722
76268,55334
76268,18445
76268,57589
76268,32176
76268,82741
76268,27856
76268,28112
76268,38591
76268,84098
76268,69661
76268,9835
76268,45696
76268,88486
76268,998
76268,97567
76268,97754
76268,85617
76268,35093
76268,37735
76268,24072
76268,4809
76268,85038
76268,99757
76268,92966
76268,95796
76268,65334
76268,86447
76268,99454
76268,63531
76268,89249
76268,30692
76268,37022
76268,93387
76268,9169
76268,90650
76268,78277
76268,16219
76268,89642
76268,35079
76268,20515
76268,25838
76268,90808
76268,80686
76268,94637
76268,64597
76268,74088
76268,21236
76268,52110
76268,97957
48608,94791
48608,74649
48608,91845
48608,14613
48608,2126
48608,79650
48608,50306
48608,36458
48608,20460
48608,26312
48608,72149
48608,82315
48608,65681
48608,51710
48608,63866
48608,5949
48608,65304
48608,80996
48608,19897
48608,23594
48608,65432
48608,18030
48608,24070
48608,15889
48608,47003
48608,37512
48608,73295
48608,13705
48608,96149
48608,15096
48608,11733
48608,39383
48608,63297
48608,70254
48608,48609
48608,34076
48608,51097
48608,56407
48608,57589
48608,17185
48608,79138
48608,45696
48608,42982
48608,62826
48608,30568
48608,53352
48608,37022
48608,75733
79339,84844
79339,46602
79339,50797
79339,12999
79339,53926
79339,69909
79339,73918
79339,79668
79339,53643
79339,37605
79339,29838
79339,84178
79339,98122
79339,37624
79339,59135
79339,50306
79339,3545
79339,7612
79339,72594
79339,34874
79339,66638
79339,55515
79339,53548
79339,79095
79339,38335
79339,95594
79339,93944
79339,10520
79339,64417
79339,24302
79339,5957
79339,96937
79339,72149
79339,59292
79339,87765
79339,60388
79339,24848
79339,91642
79339,41190
79339,51451
79339,3193
79339,60090
79339,51710
79339,62803
79339,62704
79339,7697
79339,64607
79339,44043
79339,66992
79339,3003
79339,13914
79339,78983
79339,17936
79339,30614
79339,29884
79339,65304
79339,42451
79339,66501
79339,48244
79339,19897
79339,49679
79339,91223
79339,48489
79339,83163
79339,36854
79339,80999
79339,33181
79339,65432
79339,65746
79339,51810
79339,36891
79339,86538
79339,45216
79339,24070
79339,87269
79339,88950
79339,37195
79339,75920
79339,40753
79339,91374
79339,34808
79339,3793
79339,73295
79339,63042
79339,48430
79339,50883
79339,81927
79339,55814
79339,46828
79339,67349
79339,82814
79339,46428
79339,96149
79339,47881
79339,26544
79339,62943
79339,88953
79339,9588
79339,37840
79339,59113
79339,59817
79339,47884
79339,63297
79339,95853
79339,6594
79339,8982
79339,28136
79339,35999
79339,44976
79339,78995
79339,6856
79339,8796
79339,44348
79339,6815
79339,85262
79339,57782
79339,94730
79339,4925
79339,1674
79339,21855
79339,85225
79339,72568
79339,97900
79339,93507
79339,3913
79339,40938
79339,82993
79339,45506
79339,52708
79339,69125
79339,7536
79339,51097
79339,62851
79339,55334
79339,43081
79339,33249
79339,17185
79339,20445
79339,40557
79339,74594
79339,42982
79339,85617
79339,2677
79339,16291
79339,27660
79339,86447
79339,13373
79339,37022
79339,73539
79339,61976
79339,95180
79339,75733
79339,85528
79339,33470
79339,97957
96805,90482
96805,97522
96805,39243
96805,46602
96805,53926
96805,90965
96805,73918
96805,12361
96805,53643
96805,57372
96805,6420
96805,14613
96805,2126
96805,90113
96805,10428
96805,1272
96805,49372
96805,51625
96805,53548
96805,20460
96805,10564
96805,64417
96805,10563
96805,5957
96805,38932
96805,46068
96805,26312
96805,58914
96805,60388
96805,73445
96805,58245
96805,4731
96805,70782
96805,40875
96805,51710
96805,3617
96805,2418
96805,7697
96805,64607
96805,47172
96805,86807
96805,83365
96805,69711
96805,44582
96805,49612
96805,9891
96805,65304
96805,66501
96805,13875
96805,45177
96805,92548
96805,82969
96805,92866
96805,78229
96805,13285
96805,2500
96805,16722
96805,74365
96805,36838
96805,80999
96805,53082
96805,72188
96805,65746
96805,58876
96805,19091
96805,34523
96805,81052
96805,42635
96805,16425
96805,56254
96805,24353
96805,98521
96805,74421
96805,6816
96805,64757
96805,57173
96805,60670
96805,42819
96805,36851
96805,39383
96805,9588
96805,49068
96805,73704
96805,53495
96805,39501
96805,26618
96805,45841
96805,18845
96805,44976
96805,70254
96805,97247
96805,42923
96805,38211
96805,70679
96805,10513
96805,56359
96805,19147
96805,64039
96805,70600
96805,17354
96805,45185
96805,48790
96805,90275
96805,57967
96805,19851
96805,2584
96805,59844
96805,85225
96805,78591
96805,37106
96805,73386
96805,49233
96805,34076
96805,56489
96805,51097
96805,5059
96805,56407
96805,66713
96805,18445
96805,58681
96805,18218
96805,65896
96805,88089
96805,29290
96805,9835
96805,87993
96805,97754
96805,31910
96805,37735
96805,52703
96805,91319
96805,86447
96805,82704
96805,89249
96805,64575
96805,53056
96805,80572
96805,90085
96805,95180
96805,32666
96805,89967
96805,1318
96805,94637
96805,64597
96805,33252
96805,1711
96805,44128
13192,97522
13192,39243
13192,94791
13192,84230
13192,94649
13192,96311
13192,37711
13192,65887
13192,14613
13192,40029
13192,2126
13192,22551
13192,8980
13192,50306
13192,95607
13192,7612
13192,3805
13192,72594
13192,10428
13192,92369
13192,36458
13192,7959
13192,59292
13192,24848
13192,22340
13192,73733
13192,39080
13192,57289
13192,30083
13192,3617
13192,62803
13192,68169
13192,58143
13192,63014
13192,26030
13192,69711
13192,13914
13192,98684
13192,2820
13192,72277
13192,78983
13192,18765
13192,6262
13192,48721
13192,46099
13192,71870
13192,13875
13192,46061
13192,30860
13192,42102
13192,30719
13192,74600
13192,64747
13192,22807
13192,43175
13192,26935
13192,88855
13192,34924
13192,27199
13192,80887
13192,19487
13192,75147
13192,99057
13192,99162
13192,80999
13192,65746
13192,31024
13192,98615
13192,40584
13192,12906
13192,15889
13192,61524
13192,88950
13192,37195
13192,15718
13192,75920
13192,44313
13192,87941
13192,13122
13192,96507
13192,72364
13192,53695
13192,6525
13192,58660
13192,91314
13192,57173
13192,95408
13192,11733
13192,14425
13192,21026
13192,37840
13192,59113
13192,41473
13192,90219
13192,62293
13192,93464
13192,70167
13192,14299
13192,6594
13192,48302
13192,15956
13192,44976
13192,95995
13192,38211
13192,58159
13192,70679
13192,19147
13192,7339
13192,79589
13192,79067
13192,78665
13192,57782
13192,7025
13192,51956
13192,77841
13192,61326
13192,11038
13192,22436
13192,44244
13192,4232
13192,12599
13192,78591
13192,3101
13192,62789
13192,17736
13192,67921
13192,45506
13192,34076
13192,5059
13192,96402
13192,13278
13192,74176
13192,48933
13192,88089
13192,79138
13192,998
13192,16291
13192,27660
13192,52703
13192,95796
13192,91319
13192,18064
13192,82704
13192,37022
13192,61976
13192,52638
13192,13395
13192,90650
13192,53056
13192,66677
13192,39496
13192,80686
13192,33252
13192,52110
13192,59530
21168,53926
21168,99322
21168,94649
21168,57372
21168,2126
21168,73945
21168,22551
21168,16021
21168,79650
21168,7612
21168,87810
21168,66638
21168,55515
21168,1272
21168,30965
21168,81015
21168,46159
21168,78355
21168,95763
21168,10563
21168,58424
21168,50426
21168,73445
21168,73798
21168,73733
21168,11153
21168,78428
21168,30083
21168,11125
21168,3193
21168,40875
21168,62803
21168,66992
21168,83365
21168,13914
21168,62707
21168,29628
21168,90375
21168,14531
21168,71870
21168,34053
21168,68964
21168,66326
21168,43875
21168,66501
21168,98151
21168,62905
21168,1836
21168,92548
21168,30860
21168,42102
21168,96678
21168,17740
21168,49679
21168,27522
21168,85293
21168,62153
21168,27199
21168,14290
21168,80887
21168,33181
21168,53082
21168,54974
21168,82093
21168,61524
21168,94363
21168,113
21168,53881
21168,15718
21168,59063
21168,59054
21168,34808
21168,59114
21168,25316
21168,73346
21168,24353
21168,26261
21168,81927
21168,85606
21168,39809
21168,47292
21168,59338
21168,19152
21168,84822
21168,29982
21168,37212
21168,46428
21168,9031
21168,57173
21168,52905
21168,79870
21168,34016
21168,14765
21168,88953
21168,15566
21168,87379
21168,9053
21168,47187
21168,78675
21168,90219
21168,63297
21168,93464
21168,95853
21168,28136
21168,69725
21168,21334
21168,38798
21168,83902
21168,27266
21168,61025
21168,4027
21168,43746
21168,94730
21168,64966
21168,77841
21168,57967
21168,94202
21168,24497
21168,10353
21168,63620
21168,1674
21168,2584
21168,18882
21168,60228
21168,55184
21168,16758
21168,49942
21168,77844
21168,7536
21168,1829
21168,51097
21168,56407
21168,55334
21168,18445
21168,43081
21168,20762
21168,38591
21168,88089
21168,74594
21168,87993
21168,21831
21168,998
21168,35093
21168,4809
21168,16216
21168,27660
21168,18064
21168,86447
21168,63531
21168,9320
21168,9169
21168,52638
21168,95180
21168,65114
21168,5062
21168,68532
21168,33252
21168,74888
21168,52110
22345,40696
22345,54084
22345,97522
22345,39243
22345,70994
22345,53926
22345,90965
22345,84230
22345,79668
22345,57372
22345,37711
22345,15989
22345,88731
22345,73945
22345,98122
22345,37624
22345,14340
22345,90113
22345,79650
22345,44305
22345,3805
22345,64451
22345,30965
22345,39824
22345,51625
22345,70392
22345,46159
22345,46461
22345,25310
22345,93944
22345,10564
22345,50802
22345,8287
22345,48196
22345,26312
22345,47260
22345,29210
22345,58914
22345,88384
22345,62725
22345,54857
22345,60211
22345,92155
22345,65681
22345,78373
22345,3193
22345,10079
22345,7697
22345,63014
22345,44043
22345,44582
22345,16897
22345,13914
22345,63866
22345,29628
22345,17936
22345,30614
22345,36215
22345,16081
22345,47066
22345,92882
22345,54361
22345,84786
22345,74853
22345,9915
22345,13875
22345,7315
22345,34274
22345,65271
22345,13512
22345,82969
22345,3086
22345,30719
22345,78765
22345,17740
22345,49679
22345,74600
22345,24548
22345,43175
22345,23525
22345,82707
22345,27199
22345,19487
22345,46692
22345,79278
22345,53082
22345,65432
22345,24070
22345,22110
22345,71128
22345,61524
22345,113
22345,4177
22345,75920
22345,29822
22345,40753
22345,91374
22345,42723
22345,68416
22345,73295
22345,87941
22345,73346
22345,66004
22345,81927
22345,85606
22345,82814
22345,79834
22345,54466
22345,9621
22345,34016
22345,82639
22345,11766
22345,42819
22345,16012
22345,4272
22345,65295
22345,1349
22345,28935
22345,41473
22345,29682
22345,56529
22345,36296
22345,26074
22345,70167
22345,95338
22345,71569
22345,78374
22345,85542
22345,58617
22345,66626
22345,63028
22345,18165
22345,28714
22345,70600
22345,82703
22345,43946
22345,6815
22345,17354
22345,78665
22345,57782
22345,7025
22345,23664
22345,77841
22345,57967
22345,81307
22345,12407
22345,68857
22345,10353
22345,22436
22345,48609
22345,63620
22345,96932
22345,75529
22345,12599
22345,92503
22345,72568
22345,97900
22345,8536
22345,93507
22345,72598
22345,3913
22345,40938
22345,56489
22345,1829
22345,18841
22345,5059
22345,62851
22345,84135
22345,57589
22345,13278
22345,33249
22345,28112
22345,20762
22345,69661
22345,49957
22345,29290
22345,45696
22345,33450
22345,42982
22345,21831
22345,37735
22345,99757
22345,52703
22345,10424
22345,86447
22345,13373
22345,30692
22345,93387
22345,9320
22345,80759
22345,61976
22345,52638
22345,90650
22345,89096
22345,20515
22345,64597
22345,10958
22345,33252
88251,94649
88251,99710
88251,53643
88251,88731
88251,98122
88251,44305
88251,10428
88251,46159
88251,53548
88251,49983
88251,92155
88251,37570
88251,47172
88251,86807
88251,69711
88251,72277
88251,9891
88251,47066
88251,13875
88251,85851
88251,96678
88251,78765
88251,1608
88251,53082
88251,65432
88251,45216
88251,15889
88251,75920
88251,42723
88251,55814
88251,96507
88251,61309
88251,96149
88251,72929
88251,55587
88251,28935
88251,41473
88251,29682
88251,95853
88251,6594
88251,95995
88251,56747
88251,63028
88251,28714
88251,7025
88251,61573
88251,81307
88251,77942
88251,12599
88251,72598
88251,28282
88251,37735
88251,72466
88251,4809
88251,80759
88251,9169
88251,91043
88251,13395
88251,46196
30025,39243
30025,70994
30025,84230
30025,6420
30025,14613
30025,43735
30025,66638
30025,83129
30025,30965
30025,36458
30025,70392
30025,46159
30025,78355
30025,79095
30025,93944
30025,50802
30025,50136
30025,76581
30025,68556
30025,29210
30025,62725
30025,58245
30025,73733
30025,92155
30025,51846
30025,65681
30025,41190
30025,51451
30025,88776
30025,3193
30025,60090
30025,2418
30025,47172
30025,43461
30025,94556
30025,13914
30025,44672
30025,27671
30025,29628
30025,90375
30025,80519
30025,49612
30025,8862
30025,5949
30025,92882
30025,84786
30025,42451
30025,13875
30025,41019
30025,65271
30025,13512
30025,92548
30025,78765
30025,90997
30025,27522
30025,74600
30025,92866
30025,78229
30025,65472
30025,82707
30025,27199
30025,19487
30025,18674
30025,19451
30025,80999
30025,53082
30025,65664
30025,19091
30025,80321
30025,36891
30025,98615
30025,89459
30025,61524
30025,53881
30025,37195
30025,84595
30025,29822
30025,44313
30025,97287
30025,42635
30025,70511
30025,73346
30025,66004
30025,85606
30025,58951
30025,61309
30025,6525
30025,68658
30025,82847
30025,72929
30025,52905
30025,26544
30025,21947
30025,26761
30025,15566
30025,47187
30025,73704
30025,28935
30025,80842
30025,30170
30025,6594
30025,3588
30025,71569
30025,76327
30025,95265
30025,21334
30025,97247
30025,12104
30025,8796
30025,38798
30025,56359
30025,99290
30025,27266
30025,50519
30025,70600
30025,12237
30025,6815
30025,45185
30025,23664
30025,64966
30025,61573
30025,57967
30025,94202
30025,10692
30025,44244
30025,63777
30025,4925
30025,21855
30025,75529
30025,37787
30025,4232
30025,86833
30025,72598
30025,17736
30025,33196
30025,40938
30025,77844
30025,10188
30025,69125
30025,7536
30025,74722
30025,5059
30025,61238
30025,55334
30025,58681
30025,13278
30025,29290
30025,74594
30025,39993
30025,87993
30025,88486
30025,62826
30025,35093
30025,92282
30025,95796
30025,37022
30025,42374
30025,9169
30025,19794
30025,16219
30025,17930
30025,20515
30025,74088
30025,74888
30025,7197
24226,2885
24226,53926
24226,53643
24226,25155
24226,90113
24226,46159
24226,25310
24226,28105
24226,10079
24226,62704
24226,64607
24226,97872
24226,44672
24226,89332
24226,97386
24226,51431
24226,84786
24226,66326
24226,63871
24226,7315
24226,98151
24226,82969
24226,34524
24226,19897
24226,16722
24226,46692
24226,19451
24226,87269
24226,42635
24226,49424
24226,39809
24226,79834
24226,58660
24226,15096
24226,21026
24226,29682
24226,56529
24226,76327
24226,42923
24226,64039
24226,28714
24226,79067
24226,71663
24226,20130
24226,92503
24226,93507
24226,56407
24226,6374
24226,55334
24226,84135
24226,32176
24226,27856
24226,28112
24226,35093
24226,16291
24226,10424
24226,86447
24226,52638
24226,16219
24226,89642
24226,88311
24226,89096
24226,5062
24226,74088
24226,97957
62532,90482
62532,97522
62532,50797
62532,73918
62532,99710
62532,79668
62532,53643
62532,88731
62532,2126
62532,73945
62532,77939
62532,1503
62532,30965
62532,49372
62532,81015
62532,51625
62532,46461
62532,5957
62532,38932
62532,8287
62532,60979
62532,88384
62532,60388
62532,50426
62532,42452
62532,36162
62532,51451
62532,4731
62532,46431
62532,88776
62532,70782
62532,39274
62532,78824
62532,26165
62532,13748
62532,7697
62532,47172
62532,97893
62532,13914
62532,76214
62532,3228
62532,80519
62532,30614
62532,29884
62532,97386
62532,8862
62532,54361
62532,94560
62532,70954
62532,39863
62532,42451
62532,66326
62532,9915
62532,98151
62532,46061
62532,6346
62532,92655
62532,92548
62532,21230
62532,90997
62532,92866
62532,64747
62532,22807
62532,57494
62532,43175
62532,2500
62532,97475
62532,63112
62532,54129
62532,53082
62532,65432
62532,4071
62532,51810
62532,29358
62532,31024
62532,45216
62532,40584
62532,71128
62532,25706
62532,28495
62532,95994
62532,12138
62532,84595
62532,59054
62532,42635
62532,3793
62532,37512
62532,59114
62532,48430
62532,41743
62532,50883
62532,96507
62532,84822
62532,29982
62532,58951
62532,64757
62532,91314
62532,52905
62532,11766
62532,95408
62532,26544
62532,13968
62532,14765
62532,55319
62532,86161
62532,78675
62532,99792
62532,45841
62532,15956
62532,74988
62532,85542
62532,58617
62532,76511
62532,70600
62532,45925
62532,79067
62532,43746
62532,67009
62532,10353
62532,1674
62532,78177
62532,75529
62532,4312
62532,3101
62532,86833
62532,37106
62532,93507
62532,90546
62532,55334
62532,84135
62532,57589
62532,38591
62532,28282
62532,29290
62532,74594
62532,33450
62532,21831
62532,61825
62532,998
62532,2677
62532,30568
62532,95796
62532,63531
62532,93387
62532,90650
62532,16219
62532,88311
62532,46196
62532,85528
62532,49307
62532,30776
62532,74088
62532,97957
68227,69909
68227,12361
68227,53643
68227,25155
68227,37711
68227,40029
68227,73945
68227,81015
68227,5957
68227,54857
68227,92155
68227,39080
68227,26405
68227,51678
68227,44672
68227,29628
68227,28429
68227,97386
68227,51431
68227,41019
68227,3086
68227,27522
68227,97475
68227,80887
68227,46692
68227,19451
68227,65664
68227,24070
68227,87269
68227,113
68227,4177
68227,91374
68227,85606
68227,9621
68227,21036
68227,14765
68227,14425
68227,39351
68227,93735
68227,29682
68227,78374
68227,30481
68227,9239
68227,82703
68227,38589
68227,20130
68227,63777
68227,75529
68227,3101
68227,97900
68227,34076
68227,92100
68227,74594
68227,62826
68227,10424
68227,86447
68227,99454
68227,93387
68227,47458
68227,33252
68227,97957
63461,12376
63461,40696
63461,50797
63461,28620
63461,17253
63461,57372
63461,63867
63461,84178
63461,98122
63461,37624
63461,20082
63461,22517
63461,66638
63461,1272
63461,91713
63461,81015
63461,36458
63461,59176
63461,10520
63461,89592
63461,5957
63461,48196
63461,26312
63461,6510
63461,60979
63461,7959
63461,88384
63461,76017
63461,42452
63461,54857
63461,73798
63461,11153
63461,92155
63461,41435
63461,51451
63461,11125
63461,78824
63461,2418
63461,10079
63461,63014
63461,69711
63461,80519
63461,14531
63461,49612
63461,49195
63461,36215
63461,5949
63461,63951
63461,51431
63461,41019
63461,50886
63461,19581
63461,48244
63461,84441
63461,13512
63461,97323
63461,30860
63461,42102
63461,19897
63461,96678
63461,21230
63461,23594
63461,27522
63461,70282
63461,24548
63461,78229
63461,64747
63461,43175
63461,26935
63461,16722
63461,96691
63461,51181
63461,18674
63461,36854
63461,43003
63461,54974
63461,27455
63461,65664
63461,5199
63461,19091
63461,66075
63461,1198
63461,25706
63461,37195
63461,48898
63461,24234
63461,59054
63461,84024
63461,49424
63461,87941
63461,62444
63461,56254
63461,85606
63461,84822
63461,37212
63461,61309
63461,9031
63461,89757
63461,8669
63461,60670
63461,15096
63461,11766
63461,72410
63461,5943
63461,36851
63461,14425
63461,11775
63461,1349
63461,47187
63461,53495
63461,39888
63461,90219
63461,80842
63461,14299
63461,48302
63461,99173
63461,58578
63461,95995
63461,38798
63461,30481
63461,58159
63461,10513
63461,3
63461,19147
63461,37372
63461,29040
63461,6927
63461,38589
63461,6090
63461,48745
63461,85262
63461,45185
63461,60730
63461,64317
63461,12407
63461,67009
63461,63777
63461,48609
63461,4925
63461,76147
63461,37787
63461,98306
63461,78591
63461,74499
63461,16758
63461,45506
63461,34076
63461,7536
63461,74722
63461,18445
63461,82741
63461,39310
63461,38591
63461,88089
63461,9835
63461,88486
63461,21831
63461,65163
63461,97754
63461,4809
63461,99473
63461,92966
63461,16291
63461,95796
63461,91319
63461,18064
63461,63531
63461,35240
63461,7137
63461,90650
63461,78277
63461,90085
63461,39496
63461,46196
63461,85528
63461,94637
75885,40696
75885,54084
75885,97522
75885,39243
75885,70994
75885,99322
75885,32818
75885,57372
75885,6420
75885,96311
75885,43561
75885,65887
75885,73945
75885,7612
75885,83129
75885,46159
75885,11960
75885,95763
75885,59176
75885,93944
75885,10563
75885,5957
75885,22048
75885,58914
75885,62725
75885,82315
75885,73445
75885,92155
75885,39080
75885,4731
75885,77441
75885,60090
75885,40875
75885,13748
75885,26030
75885,97872
75885,69711
75885,16897
75885,39301
75885,14531
75885,49612
75885,47722
75885,97386
75885,5949
75885,65304
75885,54361
75885,9915
75885,41019
75885,50886
75885,48244
75885,65271
75885,84441
75885,38505
75885,6
75885,97323
75885,30719
75885,86289
75885,19897
75885,96678
75885,81497
75885,90997
75885,49679
75885,23594
75885,74600
75885,21793
75885,96691
75885,18674
75885,80999
75885,65432
75885,4071
75885,80321
75885,98615
75885,24070
75885,28495
75885,113
75885,12138
75885,15718
75885,75920
75885,84024
75885,47003
75885,70511
75885,24353
75885,13705
75885,74421
75885,47292
75885,84822
75885,72364
75885,6816
75885,8669
75885,58660
75885,54466
75885,60670
75885,21036
75885,62943
75885,13968
75885,14765
75885,14425
75885,21026
75885,88953
75885,86161
75885,9588
75885,47187
75885,92622
75885,39501
75885,39888
75885,99792
75885,45841
75885,20149
75885,36296
75885,15956
75885,99173
75885,87505
75885,26638
75885,78995
75885,21334
75885,42923
75885,85542
75885,38798
75885,58159
75885,70679
75885,10513
75885,3
75885,19147
75885,82703
75885,38589
75885,50307
75885,48790
75885,61573
75885,57967
75885,77942
75885,67009
75885,10353
75885,63777
75885,4925
75885,6463
75885,78177
75885,75529
75885,8536
75885,17736
75885,33196
75885,16758
75885,74722
75885,56407
75885,55334
75885,96402
75885,82741
75885,33249
75885,39058
75885,17185
75885,28282
75885,45696
75885,39993
75885,42982
75885,998
75885,35093
75885,24072
75885,85038
75885,92282
75885,12515
75885,91319
75885,99454
75885,93387
75885,9169
75885,90650
75885,19794
75885,17930
75885,39496
75885,5062
75885,652
75885,10958
75885,7197
75885,97957
64799,84844
64799,53926
64799,73918
64799,53643
64799,695
64799,98122
64799,59121
64799,14340
64799,90113
64799,79650
64799,66638
64799,39824
64799,51625
64799,36875
64799,10520
64799,1795
64799,7959
64799,58914
64799,92155
64799,28105
64799,11125
64799,88776
64799,39274
64799,29923
64799,62803
64799,51678
64799,64607
64799,43461
64799,89624
64799,16897
64799,44672
64799,7685
64799,13148
64799,72277
64799,78983
64799,5949
64799,12812
64799,65304
64799,63951
64799,20562
64799,39863
64799,43875
64799,84441
64799,92655
64799,13512
64799,92548
64799,30719
64799,23594
64799,13285
64799,64747
64799,49806
64799,48489
64799,16722
64799,74365
64799,54129
64799,46692
64799,92236
64799,83163
64799,7926
64799,19451
64799,4071
64799,19091
64799,45216
64799,75920
64799,59063
64799,91374
64799,42635
64799,63663
64799,3793
64799,68416
64799,50883
64799,98521
64799,81927
64799,85606
64799,59338
64799,69465
64799,95970
64799,6525
64799,68658
64799,47881
64799,60670
64799,15096
64799,11766
64799,14765
64799,11733
64799,14425
64799,26761
64799,9053
64799,47187
64799,59817
64799,29682
64799,39888
64799,45841
64799,47884
64799,28136
64799,74988
64799,78995
64799,95265
64799,62837
64799,44348
64799,9239
64799,38589
64799,7025
64799,90275
64799,28799
64799,77841
64799,68857
64799,1674
64799,4312
64799,98306
64799,18882
64799,59844
64799,78591
64799,92503
64799,17736
64799,29704
64799,76145
64799,90546
64799,33196
64799,49942
64799,34076
64799,69125
64799,18841
64799,6374
64799,55334
64799,84135
64799,96402
64799,92100
64799,38591
64799,45696
64799,62826
64799,998
64799,2677
64799,37735
64799,4809
64799,30568
64799,91043
64799,89642
64799,47458
64799,89096
64799,89967
64799,697
64799,10958
14045,97522
14045,50797
14045,90965
14045,94649
14045,17253
14045,74649
14045,91845
14045,29759
14045,14613
14045,94916
14045,61726
14045,79650
14045,95607
14045,64416
14045,41448
14045,34874
14045,1503
14045,46159
14045,39079
14045,11960
14045,78355
14045,79095
14045,8013
14045,24302
14045,76581
14045,47260
14045,58914
14045,39080
14045,57289
14045,30083
14045,60090
14045,40875
14045,23385
14045,43461
14045,44582
14045,30883
14045,474
14045,29884
14045,48721
14045,9915
14045,46061
14045,92655
14045,38505
14045,6
14045,64775
14045,74600
14045,92866
14045,43175
14045,62153
14045,16722
14045,7926
14045,80999
14045,91832
14045,80321
14045,22110
14045,71128
14045,87269
14045,89459
14045,15889
14045,61524
14045,48391
14045,7021
14045,84595
14045,87941
14045,73346
14045,50883
14045,29982
14045,61309
14045,91314
14045,47212
14045,5943
14045,11733
14045,47820
14045,1349
14045,21026
14045,86161
14045,59817
14045,45841
14045,6594
14045,36422
14045,79067
14045,50307
14045,57782
14045,7025
14045,28799
14045,12407
14045,10353
14045,96932
14045,76147
14045,37787
14045,18882
14045,78591
14045,3913
14045,40938
14045,74722
14045,56407
14045,57589
14045,49957
14045,29290
14045,9835
14045,79138
14045,42982
14045,65163
14045,99473
14045,52703
14045,12515
14045,91319
14045,52638
14045,90650
14045,53056
14045,90307
14045,95180
14045,47458
14045,697
14045,68532
14045,30776
52818,40696
52818,84230
52818,12361
52818,79668
52818,96311
52818,63867
52818,40029
52818,43735
52818,73945
52818,84178
52818,20082
52818,8980
52818,50306
52818,3545
52818,64451
52818,55515
52818,39824
52818,70392
52818,79095
52818,87781
52818,10520
52818,5957
52818,68556
52818,46068
52818,1795
52818,42452
52818,36866
52818,60211
52818,65538
52818,39080
52818,51846
52818,78373
52818,26165
52818,10079
52818,26405
52818,7697
52818,64607
52818,50055
52818,39301
52818,44672
52818,63866
52818,67649
52818,30205
52818,1862
52818,45177
52818,98151
52818,42102
52818,19897
52818,17740
52818,74600
52818,78229
52818,34924
52818,16722
52818,27199
52818,14290
52818,80999
52818,91832
52818,65432
52818,58876
52818,19091
52818,81052
52818,87269
52818,1198
52818,61524
52818,25706
52818,113
52818,53881
52818,12138
52818,4177
52818,75920
52818,91374
52818,84024
52818,42635
52818,3793
52818,49424
52818,50883
52818,55814
52818,39809
52818,20079
52818,58951
52818,46428
52818,58660
52818,68658
52818,96149
52818,52905
52818,82639
52818,21036
52818,95408
52818,26544
52818,11733
52818,16012
52818,47820
52818,93735
52818,21026
52818,55587
52818,87456
52818,9053
52818,47187
52818,28935
52818,26618
52818,99792
52818,95338
52818,76793
52818,28136
52818,18845
52818,42987
52818,78995
52818,97247
52818,42923
52818,12104
52818,56747
52818,70679
52818,76511
52818,18165
52818,9239
52818,70600
52818,6815
52818,61025
52818,60730
52818,57967
52818,81307
52818,62224
52818,36956
52818,68857
52818,18882
52818,92503
52818,76145
52818,67921
52818,49942
52818,73855
52818,61238
52818,82741
52818,33249
52818,18218
52818,28112
52818,88089
52818,74594
52818,62826
52818,24072
52818,16291
52818,93387
52818,78277
52818,80572
52818,90085
52818,88311
52818,75733
52818,47458
52818,32666
52818,10059
52818,94637
52818,652
52818,74088
52818,74888
6650,54084
6650,39243
6650,94791
6650,57372
6650,37605
6650,98122
6650,79650
6650,50306
6650,36458
6650,93944
6650,22340
6650,73798
6650,65538
6650,39491
6650,3003
6650,97386
6650,5949
6650,80996
6650,70954
6650,85851
6650,49679
6650,13285
6650,16722
6650,14290
6650,51181
6650,34523
6650,12242
6650,37512
6650,73295
6650,63042
6650,87941
6650,13705
6650,47881
6650,15096
6650,42819
6650,62943
6650,11733
6650,16012
6650,81743
6650,14240
6650,6594
6650,8982
6650,75375
6650,35999
6650,38798
6650,44348
6650,19147
6650,48745
6650,60730
6650,57967
6650,76147
6650,21855
6650,37787
6650,40938
6650,49233
6650,82993
6650,72270
6650,18445
6650,92100
6650,20445
6650,45696
6650,42982
6650,21831
6650,85617
6650,30568
6650,21236
47009,2885
47009,46602
47009,12999
47009,53926
47009,69909
47009,84230
47009,73918
47009,12361
47009,57372
47009,96311
47009,91845
47009,63867
47009,49558
47009,40029
47009,22517
47009,34874
47009,39824
47009,49372
47009,51625
47009,53548
47009,38335
47009,60979
47009,7959
47009,58914
47009,88384
47009,24848
47009,11153
47009,92155
47009,39080
47009,78824
47009,29923
47009,3617
47009,68169
47009,26030
47009,69711
47009,44582
47009,51855
47009,44672
47009,76214
47009,13148
47009,3228
47009,29628
47009,90375
47009,30614
47009,97386
47009,8862
47009,34053
47009,12812
47009,65304
47009,63951
47009,51431
47009,54361
47009,68964
47009,66326
47009,74853
47009,66501
47009,31336
47009,41019
47009,63871
47009,98151
47009,92655
47009,6
47009,3086
47009,34524
47009,25460
47009,64775
47009,86289
47009,96678
47009,27522
47009,70282
47009,24548
47009,57494
47009,43175
47009,62153
47009,1608
47009,97475
47009,96691
47009,14290
47009,92236
47009,7926
47009,99162
47009,91832
47009,43003
47009,82093
47009,87269
47009,1198
47009,113
47009,48898
47009,4177
47009,29822
47009,96472
47009,59063
47009,40753
47009,97287
47009,63663
47009,49424
47009,59114
47009,25316
47009,73346
47009,41743
47009,98521
47009,96507
47009,46828
47009,53695
47009,61309
47009,9031
47009,6525
47009,54466
47009,47212
47009,72929
47009,15096
47009,79870
47009,11766
47009,21036
47009,95408
47009,26544
47009,55639
47009,1349
47009,88953
47009,86161
47009,47187
47009,59113
47009,28935
47009,41473
47009,92622
47009,39501
47009,39888
47009,84280
47009,99792
47009,47884
47009,63297
47009,62293
47009,93464
47009,6594
47009,76793
47009,15956
47009,76327
47009,95995
47009,42923
47009,38798
47009,70679
47009,29040
47009,82703
47009,31580
47009,48745
47009,4027
47009,45185
47009,90275
47009,64966
47009,81307
47009,77942
47009,67009
47009,63620
47009,96932
47009,6463
47009,76147
47009,75529
47009,18882
47009,92503
47009,8536
47009,17736
47009,29704
47009,76145
47009,33196
47009,74722
47009,58681
47009,32176
47009,92100
47009,87993
47009,21831
47009,998
47009,65163
47009,35093
47009,41543
47009,64575
47009,19794
47009,16219
47009,89642
47009,88311
47009,17930
47009,89967
47009,20515
47009,5062
47009,697
47009,74088
47009,52110
47009,80200
42658,40696
42658,97522
42658,39243
42658,39885
42658,46602
42658,84230
42658,695
42658,37605
42658,74649
42658,29838
42658,91845
42658,29759
42658,88731
42658,36078
42658,2126
42658,98122
42658,37624
42658,16021
42658,8980
42658,43092
42658,7612
42658,3805
42658,72594
42658,64451
42658,1503
42658,92369
42658,46159
42658,39079
42658,79095
42658,95763
42658,93944
42658,38932
42658,8287
42658,35573
42658,58424
42658,26312
42658,29210
42658,87765
42658,82315
42658,73445
42658,11153
42658,51055
42658,37570
42658,4731
42658,3193
42658,40875
42658,86807
42658,44043
42658,66992
42658,94556
42658,26030
42658,3003
42658,78983
42658,80519
42658,17936
42658,14531
42658,29884
42658,47066
42658,71870
42658,70954
42658,9915
42658,98151
42658,46061
42658,62905
42658,93016
42658,42102
42658,86289
42658,17740
42658,74600
42658,1608
42658,82707
42658,84059
42658,14421
42658,22528
42658,74365
42658,36838
42658,99057
42658,99162
42658,65664
42658,34523
42658,66075
42658,82093
42658,45216
42658,24070
42658,81052
42658,88950
42658,113
42658,48898
42658,7021
42658,4177
42658,84595
42658,29822
42658,59063
42658,40753
42658,44313
42658,42635
42658,16425
42658,47003
42658,3793
42658,63042
42658,87941
42658,48430
42658,13122
42658,50883
42658,48756
42658,98521
42658,39809
42658,29982
42658,15096
42658,11733
42658,65295
42658,86161
42658,49068
42658,37840
42658,53495
42658,14240
42658,78675
42658,20149
42658,90219
42658,63297
42658,75375
42658,71569
42658,76793
42658,15956
42658,2997
42658,70254
42658,95995
42658,95265
42658,38798
42658,44348
42658,37372
42658,7339
42658,13613
42658,17354
42658,45185
42658,57967
42658,81307
42658,77942
42658,11038
42658,67747
42658,63777
42658,1674
42658,6463
42658,98306
42658,12599
42658,3101
42658,86833
42658,37106
42658,62789
42658,77844
42658,10188
42658,56489
42658,1829
42658,51097
42658,73855
42658,61238
42658,55334
42658,92100
42658,13278
42658,79102
42658,33249
42658,39310
42658,17185
42658,88089
42658,29290
42658,87993
42658,61825
42658,97567
42658,97754
42658,2677
42658,37735
42658,41543
42658,10424
42658,95796
42658,13373
42658,30692
42658,37022
42658,80759
42658,64575
42658,61976
42658,75733
42658,66677
42658,89967
42658,35079
42658,90808
42658,1318
42658,52110
42658,1711
50719,41477
50719,94791
50719,90965
50719,73918
50719,94649
50719,28680
50719,57372
50719,695
50719,6420
50719,96311
50719,37711
50719,65887
50719,29759
50719,40029
50719,73945
50719,37624
50719,61726
50719,79650
50719,81332
50719,3545
50719,83129
50719,70434
50719,25310
50719,79095
50719,36875
50719,8013
50719,50136
50719,10563
50719,8287
50719,46068
50719,48196
50719,7959
50719,58914
50719,76017
50719,50426
50719,58245
50719,73733
50719,65538
50719,41435
50719,51846
50719,65681
50719,78373
50719,39274
50719,62803
50719,26405
50719,64607
50719,63014
50719,43461
50719,83365
50719,62707
50719,44672
50719,63866
50719,29628
50719,30614
50719,6262
50719,36215
50719,65304
50719,98151
50719,6
50719,13512
50719,93016
50719,27254
50719,86289
50719,19897
50719,90997
50719,92866
50719,2500
50719,65472
50719,27199
50719,3924
50719,36838
50719,21092
50719,19091
50719,80321
50719,98615
50719,87269
50719,12906
50719,89459
50719,61524
50719,25706
50719,53881
50719,84595
50719,37654
50719,63663
50719,42723
50719,47003
50719,87941
50719,73346
50719,13122
50719,50883
50719,66004
50719,98521
50719,55814
50719,47292
50719,86997
50719,6816
50719,8669
50719,18276
50719,47881
50719,79870
50719,5943
50719,36851
50719,21947
50719,55639
50719,9053
50719,28935
50719,81743
50719,62293
50719,14299
50719,6594
50719,15956
50719,26638
50719,95995
50719,21334
50719,42923
50719,12104
50719,63028
50719,28714
50719,7339
50719,38589
50719,85262
50719,61025
50719,7025
50719,43746
50719,94202
50719,62224
50719,61326
50719,68857
50719,48609
50719,63620
50719,6463
50719,4312
50719,59844
50719,78591
50719,86833
50719,8536
50719,90546
50719,55184
50719,74499
50719,7536
50719,18841
50719,55334
50719,84135
50719,28112
50719,38591
50719,87993
50719,42982
50719,97754
50719,85617
50719,18808
50719,84551
50719,41543
50719,4809
50719,99757
50719,16291
50719,27660
50719,73409
50719,89249
50719,30692
50719,53056
50719,80572
50719,95180
50719,88311
50719,17930
50719,68532
50719,80686
50719,33252
50719,44128
68542,1064
68542,63867
68542,49558
68542,40029
68542,22551
68542,20082
68542,82315
68542,11153
68542,18765
68542,71870
68542,65304
68542,68964
68542,31336
68542,84441
68542,1836
68542,92655
68542,34524
68542,97475
68542,14421
68542,3924
68542,54129
68542,43003
68542,72188
68542,29358
68542,31024
68542,81052
68542,53881
68542,7021
68542,44313
68542,87941
68542,98521
68542,26261
68542,81927
68542,29982
68542,58951
68542,6525
68542,96149
68542,60670
68542,26544
68542,21947
68542,11733
68542,9588
68542,9053
68542,28935
68542,44976
68542,21334
68542,10343
68542,70600
68542,43946
68542,79589
68542,10353
68542,37787
68542,4312
68542,18882
68542,12599
68542,3101
68542,17736
68542,16758
68542,34076
68542,5059
68542,84135
68542,39310
68542,38591
68542,88089
68542,61825
68542,85617
68542,18064
68542,86447
68542,89249
68542,9169
68542,35079
68542,74888
68542,59530
61618,1064
61618,39243
61618,70994
61618,94649
61618,79668
61618,25155
61618,96311
61618,29838
61618,37711
61618,65887
61618,15989
61618,49558
61618,2126
61618,84178
61618,20082
61618,79650
61618,8980
61618,44305
61618,87810
61618,66638
61618,39824
61618,92369
61618,70434
61618,70392
61618,46461
61618,39983
61618,69427
61618,36875
61618,95763
61618,95594
61618,93944
61618,10564
61618,64417
61618,49983
61618,10563
61618,6510
61618,59292
61618,60388
61618,58245
61618,9150
61618,65681
61618,28105
61618,77441
61618,70782
61618,51710
61618,51678
61618,7697
61618,64607
61618,43461
61618,89624
61618,66992
61618,26030
61618,97872
61618,82739
61618,90375
61618,91
61618,16081
61618,47722
61618,89332
61618,47066
61618,46099
61618,5949
61618,71346
61618,70954
61618,39863
61618,19581
61618,84441
61618,6
61618,30719
61618,96678
61618,17740
61618,74600
61618,70282
61618,22807
61618,23525
61618,26935
61618,62153
61618,1608
61618,97475
61618,14421
61618,21793
61618,28928
61618,14290
61618,62515
61618,19451
61618,51810
61618,34523
61618,32541
61618,24070
61618,61524
61618,94363
61618,28495
61618,37195
61618,7021
61618,84595
61618,96472
61618,56254
61618,24353
61618,39809
61618,74421
61618,59338
61618,72364
61618,48612
61618,69465
61618,67349
61618,58951
61618,8669
61618,82847
61618,11766
61618,76900
61618,75444
61618,65295
61618,47820
61618,21026
61618,26761
61618,87379
61618,92622
61618,29682
61618,39888
61618,99792
61618,36296
61618,90219
61618,26074
61618,95853
61618,71569
61618,28136
61618,76327
61618,95265
61618,42923
61618,8796
61618,62837
61618,58617
61618,83902
61618,73973
61618,7339
61618,29040
61618,82703
61618,43946
61618,6815
61618,31580
61618,6090
61618,48745
61618,44949
61618,48790
61618,90275
61618,77964
61618,29811
61618,77841
61618,64317
61618,19851
61618,48609
61618,8628
61618,75529
61618,59844
61618,4232
61618,12599
61618,57242
61618,3101
61618,86833
61618,73386
61618,17736
61618,90546
61618,49233
61618,72270
61618,49942
61618,34076
61618,10188
61618,56489
61618,7536
61618,18841
61618,56407
61618,6374
61618,92100
61618,28282
61618,84098
61618,69661
61618,29290
61618,79138
61618,45696
61618,42982
61618,21831
61618,90034
61618,35093
61618,99757
61618,96211
61618,52703
61618,73409
61618,13373
61618,82704
61618,42374
61618,80572
61618,88311
61618,66677
61618,89967
61618,39496
61618,51334
61618,46196
61618,94637
61618,30776
61618,74088
61618,52110
61618,59530
61618,97957
84501,50797
84501,12999
84501,99322
84501,96311
84501,15989
84501,84178
84501,98122
84501,59135
84501,87030
84501,81332
84501,77939
84501,34874
84501,87810
84501,66638
84501,30965
84501,70392
84501,46461
84501,38578
84501,10563
84501,58424
84501,69995
84501,73798
84501,39491
84501,77441
84501,78824
84501,26030
84501,83365
84501,50055
84501,2820
84501,90375
84501,97386
84501,63951
84501,54361
84501,66326
84501,66501
84501,98151
84501,50886
84501,91223
84501,43175
84501,26935
84501,48489
84501,83163
84501,33181
84501,4071
84501,54974
84501,98615
84501,40584
84501,87269
84501,48898
84501,91374
84501,39809
84501,58951
84501,9031
84501,91314
84501,21036
84501,14765
84501,4272
84501,55319
84501,47187
84501,73704
84501,93464
84501,14299
84501,21334
84501,6856
84501,42923
84501,31580
84501,48745
84501,78665
84501,45185
84501,4925
84501,72270
84501,56407
84501,55334
84501,28282
84501,85038
84501,16291
84501,89096
84501,59530
42745,1064
42745,39243
42745,50797
42745,84230
42745,99322
42745,73918
42745,99710
42745,11003
42745,37711
42745,98122
42745,22551
42745,37624
42745,79650
42745,81332
42745,3545
42745,66638
42745,1503
42745,92369
42745,46461
42745,10564
42745,50136
42745,43652
42745,1795
42745,58424
42745,47260
42745,73445
42745,22340
42745,11153
42745,11125
42745,50055
42745,72277
42745,18765
42745,6262
42745,29884
42745,98151
42745,50886
42745,1836
42745,6
42745,93016
42745,42102
42745,25460
42745,21230
42745,17740
42745,27522
42745,92866
42745,24548
42745,13285
42745,1608
42745,83163
42745,43003
42745,53082
42745,65432
42745,19091
42745,66075
42745,1198
42745,94363
42745,88950
42745,53881
42745,7021
42745,91374
42745,59114
42745,24353
42745,98521
42745,96507
42745,86997
42745,29982
42745,47187
42745,37840
42745,81743
42745,39501
42745,84280
42745,47884
42745,80842
42745,14299
42745,76793
42745,28136
42745,44348
42745,10513
42745,84083
42745,79589
42745,50307
42745,48745
42745,77841
42745,57967
42745,81307
42745,62224
42745,67009
42745,24497
42745,11038
42745,68857
42745,22436
42745,6463
42745,4312
42745,59844
42745,62789
42745,97900
42745,8536
42745,76145
42745,90546
42745,40938
42745,45506
42745,77844
42745,1829
42745,5059
42745,56407
42745,39310
42745,88089
42745,21831
42745,99757
42745,92282
42745,10424
42745,73409
42745,13373
42745,91043
42745,13395
42745,19794
42745,66677
42745,80200
75521,97522
75521,53926
75521,90965
75521,17253
75521,12361
75521,53643
75521,37605
75521,37711
75521,63867
75521,49558
75521,88731
75521,2126
75521,98122
75521,94916
75521,59135
75521,3545
75521,95607
75521,3805
75521,87810
75521,49372
75521,81015
75521,46461
75521,39079
75521,79095
75521,93944
75521,64417
75521,24302
75521,10563
75521,65268
75521,46068
75521,35573
75521,58424
75521,47260
75521,58914
75521,60388
75521,50015
75521,24848
75521,92155
75521,51055
75521,70782
75521,10079
75521,87239
75521,58143
75521,89624
75521,82739
75521,16897
75521,27671
75521,14531
75521,49195
75521,30614
75521,36215
75521,34053
75521,20562
75521,42451
75521,66326
75521,1862
75521,66501
75521,7315
75521,45177
75521,34274
75521,98151
75521,65271
75521,38505
75521,30719
75521,74600
75521,92866
75521,13285
75521,57494
75521,48489
75521,63112
75521,14290
75521,54129
75521,83163
75521,62515
75521,4071
75521,65746
75521,51810
75521,5199
75521,18030
75521,45216
75521,24070
75521,81052
75521,12242
75521,88161
75521,48391
75521,12138
75521,59054
75521,84024
75521,34808
75521,48430
75521,25316
75521,41743
75521,96507
75521,59338
75521,19152
75521,72364
75521,48612
75521,46828
75521,67349
75521,37212
75521,64757
75521,54466
75521,18276
75521,21036
75521,62943
75521,14765
75521,4272
75521,55319
75521,53770
75521,47820
75521,93735
75521,9588
75521,34448
75521,53495
75521,41473
75521,14240
75521,59817
75521,78675
75521,26074
75521,75375
75521,3588
75521,76793
75521,2997
75521,35999
75521,69725
75521,30846
75521,78374
75521,42923
75521,38798
75521,56747
75521,62837
75521,70679
75521,58617
75521,66626
75521,99290
75521,64039
75521,7339
75521,38589
75521,13613
75521,85262
75521,17354
75521,78665
75521,57782
75521,7025
75521,43746
75521,48790
75521,28799
75521,77841
75521,81307
75521,36956
75521,11038
75521,63620
75521,1674
75521,6463
75521,76147
75521,75529
75521,98306
75521,18882
75521,59844
75521,3101
75521,86833
75521,60228
75521,76145
75521,90546
75521,74499
75521,16758
75521,52708
75521,56489
75521,60549
75521,1829
75521,40557
75521,65896
75521,48933
75521,9835
75521,39993
75521,8697
75521,21831
75521,62826
75521,97567
75521,90034
75521,35093
75521,84551
75521,24072
75521,10424
75521,95796
75521,91319
75521,99454
75521,53352
75521,73539
75521,80759
75521,64575
75521,9169
75521,78277
75521,90307
75521,95180
75521,88311
75521,17930
75521,89967
75521,20515
75521,1318
75521,85528
75521,697
75521,10958
75521,33252
75521,21236
75521,52110
75521,33470
75521,80200
75521,59530
75670,99710
75670,40029
75670,37624
75670,87030
75670,1272
75670,36458
75670,36875
75670,64417
75670,8287
75670,47260
75670,98463
75670,65538
75670,39491
75670,11125
75670,2418
75670,16081
75670,29884
75670,48721
75670,5949
75670,41019
75670,34274
75670,84441
75670,6
75670,3086
75670,1608
75670,34924
75670,18674
75670,58876
75670,88161
75670,63663
75670,50883
75670,67349
75670,9031
75670,10042
75670,18276
75670,57173
75670,11766
75670,36851
75670,13968
75670,53770
75670,59817
75670,78675
75670,95853
75670,42987
75670,69725
75670,6856
75670,78374
75670,64039
75670,27266
75670,38589
75670,67009
75670,19851
75670,57242
75670,76145
75670,3913
75670,77844
75670,58681
75670,92100
75670,79102
75670,39310
75670,88089
75670,29290
75670,79138
75670,97754
75670,12515
75670,10424
75670,65334
75670,30692
75670,47458
75670,1318
75670,94637
75670,652
40760,84844
40760,12376
40760,40696
40760,41477
40760,39885
40760,53926
40760,69909
40760,84230
40760,99322
40760,94649
40760,28680
40760,43561
40760,63867
40760,14613
40760,73945
40760,87030
40760,81332
40760,95607
40760,3805
40760,66638
40760,83129
40760,55515
40760,92369
40760,51625
40760,11960
40760,93944
40760,10520
40760,24302
40760,74059
40760,5957
40760,46068
40760,58424
40760,6510
40760,62725
40760,50426
40760,36162
40760,36866
40760,24848
40760,11153
40760,65681
40760,78373
40760,41190
40760,22648
40760,4731
40760,88776
40760,77441
40760,70782
40760,51710
40760,68169
40760,10079
40760,26405
40760,62704
40760,23385
40760,94556
40760,97872
40760,50055
40760,69711
40760,13914
40760,63866
40760,7685
40760,98684
40760,27671
40760,2820
40760,30883
40760,474
40760,78983
40760,49612
40760,29884
40760,97386
40760,8862
40760,65304
40760,94560
40760,1862
40760,74853
40760,66501
40760,13875
40760,48244
40760,65271
40760,38505
40760,13512
40760,3086
40760,30860
40760,42102
40760,96678
40760,90997
40760,49679
40760,24548
40760,2500
40760,26935
40760,65472
40760,1608
40760,84059
40760,63112
40760,28928
40760,99057
40760,62515
40760,91832
40760,65432
40760,65746
40760,58876
40760,54974
40760,5199
40760,19091
40760,66075
40760,32541
40760,98615
40760,40584
40760,28495
40760,95994
40760,84595
40760,24234
40760,29822
40760,63663
40760,68416
40760,37512
40760,70511
40760,25316
40760,50883
40760,96507
40760,74421
40760,47292
40760,48612
40760,9031
40760,64757
40760,96149
40760,82847
40760,72929
40760,52905
40760,21036
40760,42819
40760,14765
40760,16012
40760,53770
40760,39383
40760,9588
40760,49068
40760,87379
40760,87456
40760,73704
40760,59113
40760,92622
40760,26618
40760,20149
40760,63297
40760,26074
40760,62293
40760,70167
40760,30170
40760,6594
40760,8982
40760,71569
40760,76327
40760,74988
40760,99173
40760,87505
40760,84622
40760,21334
40760,6856
40760,38798
40760,76511
40760,99290
40760,28714
40760,37372
40760,50519
40760,12237
40760,82703
40760,45925
40760,6815
40760,13613
40760,48745
40760,61025
40760,57782
40760,45185
40760,7025
40760,94730
40760,64966
40760,57967
40760,77942
40760,21683
40760,36956
40760,10353
40760,96932
40760,37787
40760,59844
40760,78591
40760,37106
40760,60228
40760,40938
40760,74499
40760,16758
40760,67921
40760,52708
40760,74722
40760,51097
40760,56407
40760,61238
40760,55334
40760,84135
40760,82741
40760,74176
40760,79102
40760,20762
40760,28282
40760,40557
40760,84098
40760,65896
40760,49957
40760,39993
40760,33450
40760,8697
40760,21831
40760,65163
40760,85617
40760,84551
40760,24072
40760,92966
40760,16291
40760,92282
40760,12515
40760,91319
40760,37022
40760,93387
40760,9169
40760,61976
40760,91043
40760,7137
40760,13395
40760,78277
40760,89642
40760,17930
40760,75733
40760,10059
40760,90808
40760,46196
40760,68532
40760,25417
40760,10958
40760,30776
40760,33252
40760,1711
51402,39243
51402,91845
51402,81332
51402,10428
51402,46159
51402,87781
51402,8287
51402,47260
51402,59292
51402,51710
51402,23385
51402,8309
51402,44582
51402,16897
51402,98684
51402,5949
51402,46061
51402,64747
51402,43175
51402,53881
51402,24234
51402,29822
51402,59063
51402,73295
51402,73346
51402,8669
51402,68658
51402,82847
51402,95408
51402,4272
51402,47820
51402,26761
51402,92622
51402,69725
51402,38211
51402,76511
51402,27266
51402,6815
51402,59783
51402,61326
51402,48609
51402,63620
51402,96932
51402,21855
51402,18882
51402,72568
51402,49942
51402,28112
51402,998
51402,90034
51402,2677
51402,27660
51402,52638
51402,95180
51402,65114
51402,46196
51402,52110
51402,33470
87466,94791
87466,53926
87466,84230
87466,11003
87466,57372
87466,37711
87466,91845
87466,63867
87466,29759
87466,40029
87466,79650
87466,50306
87466,95607
87466,7612
87466,41448
87466,81015
87466,51625
87466,46159
87466,11960
87466,79095
87466,7959
87466,58914
87466,87765
87466,58245
87466,22340
87466,57289
87466,51451
87466,88776
87466,77441
87466,40875
87466,62803
87466,68169
87466,10079
87466,51678
87466,7697
87466,89624
87466,26030
87466,97893
87466,82739
87466,13914
87466,62707
87466,44672
87466,29628
87466,78983
87466,80519
87466,49612
87466,29884
87466,47066
87466,5949
87466,51431
87466,20562
87466,70954
87466,74853
87466,66501
87466,65271
87466,38505
87466,64775
87466,81497
87466,17740
87466,49679
87466,24548
87466,64747
87466,22807
87466,43175
87466,49806
87466,34924
87466,14421
87466,96691
87466,28928
87466,99057
87466,92236
87466,99162
87466,21092
87466,65664
87466,51810
87466,5199
87466,29358
87466,31024
87466,40584
87466,87269
87466,12242
87466,25706
87466,53881
87466,15718
87466,59063
87466,40753
87466,91374
87466,49424
87466,68416
87466,87941
87466,66004
87466,85606
87466,39809
87466,19152
87466,72364
87466,46828
87466,58951
87466,61309
87466,58660
87466,72929
87466,36851
87466,55639
87466,26761
87466,88953
87466,9053
87466,37840
87466,59113
87466,81743
87466,14240
87466,59817
87466,92622
87466,36296
87466,80842
87466,62293
87466,93464
87466,95338
87466,76793
87466,76327
87466,62837
87466,58159
87466,36422
87466,84083
87466,28714
87466,9239
87466,6815
87466,4027
87466,90275
87466,61326
87466,12333
87466,63777
87466,63620
87466,1674
87466,98306
87466,4232
87466,86833
87466,92503
87466,72568
87466,97900
87466,8536
87466,29704
87466,49942
87466,77844
87466,7536
87466,1829
87466,66713
87466,74176
87466,27856
87466,39058
87466,61825
87466,4809
87466,99757
87466,30568
87466,16291
87466,73409
87466,30692
87466,90650
87466,19794
87466,16219
87466,47458
87466,1318
87466,74888
87466,52110
87466,7197
50406,39243
50406,94791
50406,12361
50406,43092
50406,22517
50406,39824
50406,36875
50406,26312
50406,96937
50406,58914
50406,88384
50406,87765
50406,60388
50406,92155
50406,88776
50406,3193
50406,44043
50406,72277
50406,78983
50406,9891
50406,66501
50406,13512
50406,13285
50406,14290
50406,65432
50406,82093
50406,12242
50406,96472
50406,97287
50406,11733
50406,16012
50406,53770
50406,39383
50406,55639
50406,86161
50406,14240
50406,15956
50406,70254
50406,66626
50406,94202
50406,85225
50406,8536
50406,40938
50406,57589
50406,33249
50406,79138
50406,45696
50406,85617
50406,73409
50406,53352
50406,30692
50406,75733
50406,44128
43736,61726
43736,30965
43736,78355
43736,76581
43736,48196
43736,3193
43736,62803
43736,23385
43736,50055
43736,29884
43736,1862
43736,9915
43736,92548
43736,64775
43736,27199
43736,46692
43736,65746
43736,53881
43736,48898
43736,40753
43736,73346
43736,29982
43736,46828
43736,57173
43736,95408
43736,39383
43736,86161
43736,37840
43736,39501
43736,27266
43736,79515
43736,96932
43736,4312
43736,78591
43736,33196
43736,49942
43736,55334
43736,20762
43736,88486
43736,21831
43736,2677
43736,12515
43736,37022
43736,9320
43736,52638
43736,90650
43736,47458
43736,46196
43736,697
43736,30776
22154,12376
22154,57372
22154,74649
22154,37711
22154,91845
22154,14340
22154,59135
22154,79650
22154,81332
22154,7612
22154,51625
22154,39983
22154,50802
22154,24302
22154,74059
22154,47260
22154,59292
22154,54857
22154,11153
22154,92155
22154,51846
22154,39491
22154,29923
22154,62803
22154,68169
22154,26405
22154,62704
22154,23385
22154,64607
22154,7685
22154,28429
22154,90375
22154,71870
22154,12812
22154,92882
22154,66326
22154,9915
22154,7315
22154,65271
22154,30719
22154,96678
22154,17740
22154,27199
22154,28928
22154,21092
22154,43003
22154,65664
22154,51810
22154,71128
22154,1198
22154,48898
22154,34808
22154,37654
22154,73295
22154,73346
22154,66004
22154,79834
22154,8669
22154,58660
22154,68658
22154,15096
22154,95408
22154,5943
22154,47820
22154,9076
22154,21026
22154,26761
22154,86161
22154,9053
22154,14240
22154,39501
22154,20149
22154,36296
22154,70167
22154,6856
22154,78374
22154,58159
22154,76511
22154,56359
22154,50519
22154,45925
22154,43946
22154,79067
22154,38589
22154,29811
22154,77841
22154,20130
22154,36956
22154,18882
22154,12599
22154,3101
22154,37106
22154,72568
22154,33196
22154,52708
22154,18841
22154,56407
22154,32176
22154,28112
22154,49957
22154,29290
22154,65163
22154,27660
22154,10424
22154,82704
22154,9320
22154,42374
22154,13395
22154,16219
22154,88311
22154,89967
22154,20515
22154,33470
41325,12376
41325,46602
41325,53926
41325,94649
41325,29759
41325,88731
41325,84178
41325,61726
41325,81332
41325,43092
41325,1272
41325,92369
41325,39983
41325,87781
41325,38335
41325,50802
41325,24302
41325,10563
41325,46068
41325,1795
41325,98463
41325,24848
41325,11153
41325,9150
41325,87239
41325,8309
41325,2820
41325,71870
41325,5949
41325,54361
41325,39863
41325,84441
41325,13512
41325,92548
41325,3086
41325,42102
41325,64775
41325,96678
41325,43175
41325,1608
41325,34924
41325,16722
41325,84059
41325,27199
41325,14290
41325,80887
41325,75147
41325,65432
41325,27455
41325,31024
41325,98615
41325,71128
41325,81052
41325,89459
41325,61524
41325,25706
41325,48898
41325,29822
41325,97287
41325,63663
41325,70511
41325,62444
41325,66004
41325,29982
41325,20079
41325,67349
41325,68658
41325,10042
41325,82847
41325,11766
41325,72410
41325,53770
41325,47820
41325,88953
41325,87456
41325,47187
41325,53495
41325,41473
41325,59817
41325,39501
41325,99173
41325,42987
41325,97247
41325,7339
41325,45185
41325,12407
41325,77942
41325,61326
41325,79515
41325,19851
41325,48609
41325,63620
41325,4312
41325,59844
41325,72568
41325,49942
41325,74722
41325,61238
41325,79102
41325,18218
41325,28112
41325,49957
41325,29290
41325,9835
41325,998
41325,97567
41325,90034
41325,18808
41325,99473
41325,12515
41325,90085
41325,75733
41325,10059
41325,697
88488,41477
88488,70994
88488,73918
88488,32818
88488,57372
88488,37711
88488,65887
88488,15989
88488,91845
88488,63867
88488,49558
88488,2126
88488,98122
88488,22551
88488,94916
88488,20082
88488,59135
88488,22517
88488,10428
88488,30965
88488,49372
88488,51625
88488,46159
88488,95763
88488,95594
88488,50802
88488,74059
88488,46068
88488,48196
88488,1795
88488,58424
88488,60979
88488,58914
88488,88384
88488,62725
88488,50015
88488,9150
88488,91642
88488,51846
88488,65681
88488,40875
88488,29923
88488,62803
88488,10079
88488,62704
88488,51678
88488,64607
88488,89624
88488,66992
88488,83365
88488,16897
88488,51855
88488,13914
88488,63866
88488,27671
88488,72277
88488,80519
88488,48721
88488,97386
88488,71870
88488,12812
88488,70954
88488,84786
88488,30205
88488,9915
88488,66501
88488,13875
88488,34274
88488,84441
88488,1836
88488,92548
88488,97323
88488,30860
88488,17740
88488,23594
88488,22799
88488,16722
88488,96691
88488,14290
88488,80887
88488,19487
88488,75147
88488,99057
88488,62515
88488,99162
88488,72188
88488,65746
88488,58876
88488,65664
88488,11158
88488,80321
88488,32541
88488,98615
88488,24070
88488,22110
88488,71128
88488,81052
88488,61524
88488,48391
88488,37195
88488,84595
88488,96472
88488,91374
88488,42723
88488,47003
88488,68416
88488,73295
88488,73346
88488,96507
88488,39809
88488,47292
88488,69465
88488,67349
88488,82814
88488,79834
88488,46428
88488,89757
88488,8669
88488,68658
88488,72929
88488,79870
88488,11766
88488,95408
88488,75444
88488,11733
88488,14425
88488,47820
88488,86161
88488,49068
88488,47187
88488,73704
88488,53495
88488,78675
88488,47884
88488,80842
88488,63297
88488,62293
88488,93464
88488,70167
88488,3588
88488,71569
88488,76793
88488,28136
88488,2997
88488,99173
88488,78374
88488,12104
88488,38798
88488,58617
88488,76511
88488,19147
88488,99290
88488,73973
88488,9239
88488,29040
88488,45925
88488,43946
88488,50307
88488,13613
88488,45185
88488,7025
88488,51956
88488,61573
88488,71663
88488,81307
88488,21683
88488,24497
88488,12333
88488,44244
88488,67747
88488,48609
88488,96932
88488,1674
88488,76147
88488,78177
88488,37787
88488,18882
88488,97900
88488,76145
88488,3913
88488,33196
88488,49233
88488,67921
88488,72270
88488,34076
88488,11238
88488,55334
88488,57589
88488,39310
88488,18218
88488,28112
88488,38591
88488,17526
88488,29290
88488,85617
88488,12515
88488,18064
88488,99454
88488,37022
88488,93387
88488,42374
88488,80759
88488,9169
88488,61976
88488,52638
88488,90650
88488,53056
88488,88311
88488,47458
88488,39496
88488,35079
88488,1318
88488,46196
88488,85528
88488,5062
88488,697
88488,94637
88488,33252
88488,74888
56599,90965
56599,84230
56599,99710
56599,8980
56599,43092
56599,39983
56599,38335
56599,64417
56599,76017
56599,77441
56599,2418
56599,7697
56599,63014
56599,39301
56599,474
56599,72277
56599,36215
56599,6
56599,2500
56599,34924
56599,96691
56599,19091
56599,81052
56599,87269
56599,61524
56599,53881
56599,7021
56599,18276
56599,57173
56599,16012
56599,39383
56599,59817
56599,26074
56599,8796
56599,70679
56599,76511
56599,6090
56599,59844
56599,74722
56599,13278
56599,79102
56599,33249
56599,29290
56599,79138
56599,33450
56599,97754
56599,65334
56599,30692
56599,73539
56599,78277
56599,89642
56599,80572
56599,90085
56599,47458
62606,2885
62606,70994
62606,94791
62606,28620
62606,14613
62606,40029
62606,36078
62606,37624
62606,20082
62606,87030
62606,8980
62606,66638
62606,91713
62606,30965
62606,92369
62606,70434
62606,81015
62606,36458
62606,87781
62606,64417
62606,8013
62606,89592
62606,38932
62606,46068
62606,6510
62606,7959
62606,42452
62606,36866
62606,73798
62606,78373
62606,4731
62606,88776
62606,2418
62606,89624
62606,94556
62606,44582
62606,63866
62606,78983
62606,47066
62606,5949
62606,30205
62606,9915
62606,41019
62606,50886
62606,42102
62606,27522
62606,2500
62606,84059
62606,14421
62606,18674
62606,43003
62606,53082
62606,58876
62606,27455
62606,80321
62606,82093
62606,71128
62606,81052
62606,12242
62606,88161
62606,113
62606,42635
62606,63663
62606,81927
62606,86997
62606,46828
62606,37212
62606,9031
62606,58660
62606,47881
62606,34016
62606,76900
62606,53770
62606,1349
62606,26761
62606,34448
62606,81743
62606,99792
62606,20149
62606,48302
62606,18845
62606,2997
62606,99173
62606,87505
62606,95995
62606,8796
62606,30481
62606,66626
62606,3
62606,99290
62606,73973
62606,82703
62606,6815
62606,6090
62606,13613
62606,78665
62606,43746
62606,94730
62606,67009
62606,19851
62606,48609
62606,75529
62606,98306
62606,3913
62606,34076
62606,66713
62606,92100
62606,13278
62606,79102
62606,39310
62606,18218
62606,38591
62606,69661
62606,49957
62606,74594
62606,87993
62606,8697
62606,90034
62606,24072
62606,41543
62606,95796
62606,86447
62606,93387
62606,91043
62606,78277
62606,80572
62606,17930
62606,47458
62606,20515
62606,94637
62606,652
62606,33470
62606,1711
9643,65887
9643,37624
9643,81332
9643,3545
9643,72594
9643,34874
9643,30965
9643,70392
9643,59176
9643,50136
9643,50015
9643,36162
9643,73798
9643,62803
9643,66992
9643,26030
9643,2820
9643,3228
9643,80519
9643,42451
9643,70282
9643,92866
9643,2500
9643,14421
9643,74365
9643,33181
9643,19091
9643,31024
9643,45216
9643,94363
9643,37512
9643,81927
9643,9031
9643,93735
9643,47187
9643,78675
9643,14299
9643,58578
9643,21334
9643,31580
9643,48745
9643,67009
9643,11038
9643,1674
9643,29704
9643,18841
9643,62851
9643,43081
9643,92282
9643,73409
9643,86447
9643,63531
9643,90650
9643,89096
9643,85528
34149,41477
34149,2885
34149,70994
34149,17253
34149,79095
34149,10520
34149,64417
34149,5957
34149,38932
34149,46068
34149,60979
34149,65681
34149,78373
34149,11125
34149,88776
34149,40875
34149,13914
34149,80519
34149,36215
34149,5949
34149,80996
34149,70954
34149,39863
34149,50886
34149,19897
34149,3924
34149,28928
34149,14290
34149,36838
34149,48391
34149,84595
34149,96472
34149,91374
34149,44313
34149,42723
34149,55814
34149,67349
34149,64757
34149,54466
34149,47881
34149,60670
34149,11766
34149,21947
34149,73704
34149,28935
34149,59817
34149,95853
34149,12104
34149,70679
34149,13613
34149,94730
34149,28799
34149,63620
34149,8536
34149,7536
34149,28112
34149,88089
34149,97754
34149,82704
34149,95180
34149,33470
68095,84844
68095,54084
68095,39243
68095,46602
68095,50797
68095,94791
68095,53926
68095,90965
68095,17253
68095,79668
68095,6420
68095,25155
68095,74649
68095,29838
68095,91845
68095,88731
68095,94916
68095,14340
68095,59135
68095,87030
68095,79650
68095,8980
68095,95607
68095,77939
68095,34874
68095,87810
68095,83129
68095,1503
68095,51625
68095,39983
68095,25310
68095,87781
68095,95763
68095,10520
68095,10563
68095,68556
68095,35573
68095,72149
68095,62725
68095,76017
68095,73445
68095,73798
68095,9150
68095,51846
68095,65681
68095,78373
68095,41190
68095,28105
68095,70782
68095,3193
68095,26165
68095,68169
68095,13748
68095,10079
68095,87239
68095,62704
68095,7697
68095,86807
68095,66992
68095,97872
68095,83365
68095,63866
68095,72277
68095,78983
68095,17936
68095,14531
68095,47066
68095,8862
68095,94560
68095,30205
68095,1862
68095,50886
68095,1836
68095,38505
68095,92548
68095,3086
68095,42102
68095,78229
68095,64747
68095,57494
68095,43175
68095,2500
68095,1608
68095,48489
68095,74365
68095,18674
68095,36854
68095,19451
68095,80999
68095,91832
68095,33181
68095,53082
68095,72188
68095,65432
68095,24070
68095,81052
68095,12242
68095,1198
68095,15889
68095,61524
68095,25706
68095,88161
68095,28495
68095,95994
68095,48391
68095,48898
68095,15718
68095,24234
68095,96472
68095,40753
68095,91374
68095,44313
68095,84024
68095,68416
68095,59114
68095,48430
68095,13122
68095,41743
68095,81927
68095,74421
68095,86997
68095,46828
68095,53695
68095,6816
68095,61309
68095,46428
68095,79870
68095,11766
68095,5943
68095,75444
68095,11775
68095,93735
68095,15566
68095,9053
68095,59113
68095,81743
68095,14240
68095,26618
68095,99792
68095,47884
68095,63297
68095,48302
68095,3588
68095,71569
68095,18845
68095,44976
68095,30846
68095,42923
68095,12104
68095,10513
68095,9239
68095,70600
68095,45925
68095,38589
68095,6090
68095,50307
68095,13613
68095,17354
68095,43746
68095,51956
68095,90275
68095,77964
68095,64966
68095,61573
68095,60730
68095,77841
68095,94202
68095,12407
68095,67009
68095,22436
68095,63777
68095,63620
68095,6463
68095,76147
68095,75529
68095,37787
68095,3101
68095,60228
68095,72598
68095,17736
68095,29704
68095,72270
68095,56489
68095,69125
68095,60549
68095,1829
68095,5059
68095,73855
68095,55334
68095,96402
68095,92100
68095,82741
68095,18218
68095,39058
68095,38591
68095,20445
68095,40557
68095,17526
68095,29290
68095,9835
68095,74594
68095,8697
68095,42982
68095,61825
68095,998
68095,65163
68095,2677
68095,37735
68095,85038
68095,12515
68095,10424
68095,99454
68095,82704
68095,13395
68095,19794
68095,89642
68095,35079
68095,20515
68095,697
68095,10958
68095,33252
68095,59530
68095,7197
20967,40696
20967,97522
20967,39885
20967,73918
20967,17253
20967,32818
20967,49558
20967,36078
20967,84178
20967,98122
20967,94916
20967,59135
20967,50306
20967,3545
20967,95607
20967,77939
20967,39824
20967,70392
20967,39983
20967,38578
20967,11960
20967,25310
20967,38335
20967,59176
20967,93944
20967,89592
20967,10563
20967,38932
20967,22048
20967,1795
20967,35573
20967,60979
20967,69995
20967,60388
20967,50426
20967,36866
20967,73733
20967,60211
20967,11153
20967,9150
20967,92155
20967,39491
20967,22648
20967,4731
20967,28105
20967,88776
20967,77441
20967,39274
20967,26165
20967,29923
20967,68169
20967,62704
20967,64607
20967,86807
20967,43461
20967,89624
20967,82739
20967,51855
20967,29628
20967,28429
20967,90375
20967,78983
20967,17936
20967,49612
20967,34053
20967,63951
20967,71346
20967,70954
20967,84786
20967,63871
20967,46061
20967,1332
20967,27254
20967,30860
20967,42102
20967,64775
20967,19897
20967,21230
20967,81497
20967,90997
20967,74600
20967,92866
20967,91223
20967,48489
20967,16722
20967,21793
20967,96691
20967,46692
20967,92236
20967,43003
20967,11158
20967,29358
20967,66075
20967,22110
20967,87269
20967,89459
20967,25706
20967,113
20967,7021
20967,29822
20967,44313
20967,68416
20967,37512
20967,94691
20967,87941
20967,41743
20967,24353
20967,98521
20967,81927
20967,84822
20967,46828
20967,95970
20967,6816
20967,37212
20967,61309
20967,79834
20967,9031
20967,89757
20967,9621
20967,57173
20967,34016
20967,11766
20967,26544
20967,4272
20967,65295
20967,26761
20967,15566
20967,87379
20967,37840
20967,41473
20967,26618
20967,99792
20967,36296
20967,47884
20967,95853
20967,48302
20967,28136
20967,78995
20967,12104
20967,8796
20967,30481
20967,58617
20967,76511
20967,56359
20967,19147
20967,99290
20967,18165
20967,27266
20967,73973
20967,45925
20967,6815
20967,38589
20967,57837
20967,43746
20967,48790
20967,77841
20967,57967
20967,20130
20967,81307
20967,12407
20967,77942
20967,21683
20967,45770
20967,68857
20967,63620
20967,4925
20967,78591
20967,37106
20967,8536
20967,72598
20967,17736
20967,90546
20967,40938
20967,7536
20967,60549
20967,51097
20967,73855
20967,58681
20967,57589
20967,32176
20967,92100
20967,82741
20967,27856
20967,17185
20967,38591
20967,28282
20967,20445
20967,84098
20967,48933
20967,39993
20967,42982
20967,62826
20967,998
20967,97567
20967,84551
20967,4809
20967,96211
20967,16216
20967,10424
20967,95796
20967,73409
20967,91319
20967,86447
20967,99454
20967,93387
20967,73539
20967,9169
20967,7137
20967,53056
20967,89096
20967,39496
20967,20515
20967,51334
20967,25838
20967,90808
20967,5062
20967,652
20967,1711
20967,44128
15021,40696
15021,39243
15021,70994
15021,94791
15021,53643
15021,25155
15021,74649
15021,91845
15021,40029
15021,37624
15021,14340
15021,61726
15021,59135
15021,79650
15021,3545
15021,22517
15021,64451
15021,91713
15021,30965
15021,39824
15021,49372
15021,70392
15021,39983
15021,53548
15021,69427
15021,11960
15021,95594
15021,8013
15021,10563
15021,46068
15021,26312
15021,6510
15021,88384
15021,60388
15021,42452
15021,73445
15021,92155
15021,91642
15021,41190
15021,22648
15021,60090
15021,51710
15021,22620
15021,47172
15021,58143
15021,89624
15021,83365
15021,16897
15021,27671
15021,80519
15021,91
15021,97386
15021,70954
15021,66501
15021,48244
15021,23594
15021,70282
15021,13285
15021,64747
15021,22799
15021,14421
15021,22528
15021,74365
15021,21793
15021,96691
15021,99057
15021,53082
15021,58876
15021,51810
15021,5199
15021,18030
15021,19091
15021,36891
15021,94363
15021,48391
15021,15718
15021,44313
15021,34808
15021,37654
15021,48430
15021,25316
15021,41743
15021,56254
15021,74421
15021,86997
15021,67349
15021,82814
15021,6816
15021,37212
15021,57173
15021,60670
15021,34016
15021,95408
15021,55319
15021,14425
15021,47820
15021,9588
15021,28935
15021,14240
15021,59817
15021,39501
15021,78675
15021,48302
15021,75375
15021,76793
15021,42987
15021,95265
15021,12104
15021,8796
15021,73973
15021,70600
15021,82703
15021,6090
15021,85262
15021,94730
15021,21683
15021,24497
15021,11038
15021,4925
15021,21855
15021,2584
15021,74499
15021,34076
15021,10188
15021,7536
15021,18445
15021,82741
15021,39310
15021,17185
15021,20445
15021,69661
15021,88089
15021,39993
15021,87993
15021,42982
15021,65163
15021,97754
15021,84551
15021,4809
15021,85038
15021,99473
15021,16216
15021,12515
15021,9169
15021,19794
15021,66677
15021,51334
15021,10958
15021,74888
15021,52110
80710,40696
80710,46602
80710,28680
80710,57372
80710,6420
80710,74649
80710,37711
80710,40029
80710,36078
80710,2126
80710,43735
80710,98122
80710,59121
80710,94916
80710,87030
80710,79650
80710,8980
80710,50306
80710,3545
80710,7612
80710,55515
80710,1503
80710,81015
80710,46461
80710,39983
80710,39079
80710,38335
80710,50802
80710,65268
80710,1795
80710,7959
80710,62725
80710,98463
80710,36866
80710,57289
80710,46431
80710,88776
80710,40875
80710,26165
80710,62803
80710,2418
80710,13748
80710,51678
80710,64607
80710,86807
80710,43461
80710,66992
80710,26030
80710,50055
80710,16897
80710,39301
80710,474
80710,80519
80710,14531
80710,97386
80710,5949
80710,12812
80710,84786
80710,39863
80710,30205
80710,1862
80710,9915
80710,66501
80710,41019
80710,45177
80710,6346
80710,84441
80710,6
80710,82969
80710,42102
80710,96678
80710,21230
80710,78765
80710,17740
80710,27522
80710,13285
80710,26935
80710,14421
80710,74365
80710,18674
80710,91832
80710,65432
80710,65664
80710,5199
80710,18030
80710,19091
80710,36891
80710,82093
80710,24070
80710,87269
80710,1198
80710,61524
80710,48391
80710,4177
80710,75920
80710,59054
80710,16425
80710,63663
80710,42723
80710,37512
80710,94691
80710,48430
80710,62444
80710,25316
80710,50883
80710,24353
80710,13705
80710,85606
80710,74421
80710,84822
80710,20079
80710,69465
80710,46828
80710,82814
80710,6816
80710,46428
80710,8669
80710,6525
80710,58660
80710,96149
80710,18276
80710,82639
80710,11766
80710,21036
80710,72410
80710,42819
80710,21947
80710,55319
80710,14425
80710,11775
80710,87379
80710,56529
80710,84280
80710,26618
80710,63297
80710,95853
80710,3588
80710,71569
80710,44976
80710,6856
80710,78374
80710,38798
80710,56747
80710,36422
80710,58617
80710,66626
80710,56359
80710,37372
80710,82703
80710,79067
80710,85262
80710,78665
80710,57782
80710,43746
80710,28799
80710,20130
80710,81307
80710,36956
80710,19851
80710,67747
80710,2584
80710,98306
80710,59844
80710,85225
80710,57242
80710,72568
80710,93507
80710,3913
80710,72270
80710,49942
80710,10188
80710,60549
80710,74722
80710,18841
80710,51097
80710,5059
80710,55334
80710,84135
80710,74176
80710,79102
80710,43081
80710,18218
80710,28112
80710,39993
80710,21831
80710,97567
80710,65163
80710,35093
80710,84551
80710,85038
80710,30568
80710,73409
80710,65334
80710,18064
80710,99454
80710,35240
80710,73539
80710,42374
80710,64575
80710,52638
80710,90650
80710,90307
80710,16219
80710,17930
80710,47458
80710,89096
80710,10059
80710,89967
80710,697
80710,68532
80710,49307
80710,74088
80710,74888
80710,59530
18317,15989
18317,14613
18317,94916
18317,14340
18317,61726
18317,72594
18317,36458
18317,39983
18317,78355
18317,24302
18317,76581
18317,47260
18317,60979
18317,59292
18317,36162
18317,9150
18317,60090
18317,40875
18317,62803
18317,50055
18317,2820
18317,90375
18317,30614
18317,89332
18317,1862
18317,9915
18317,13512
18317,96678
18317,81497
18317,92866
18317,43175
18317,72188
18317,22110
18317,89459
18317,97287
18317,37654
18317,8669
18317,68658
18317,5943
18317,53495
18317,97247
18317,38211
18317,58159
18317,27266
18317,6815
18317,85262
18317,7025
18317,77942
18317,36956
18317,24497
18317,44244
18317,76147
18317,21855
18317,59844
18317,78591
18317,93507
18317,3913
18317,74499
18317,56489
18317,49957
18317,29290
18317,88486
18317,97567
18317,90034
18317,99454
18317,7197
9470,40696
9470,1064
9470,97522
9470,28620
9470,90965
9470,84230
9470,25155
9470,63867
9470,29759
9470,2126
9470,84178
9470,59121
9470,14340
9470,16021
9470,61726
9470,50306
9470,43092
9470,7612
9470,3805
9470,64451
9470,83129
9470,81015
9470,70392
9470,11960
9470,93944
9470,64417
9470,24302
9470,5957
9470,38932
9470,35573
9470,47260
9470,60979
9470,7959
9470,58914
9470,50015
9470,82315
9470,58245
9470,73798
9470,9150
9470,92155
9470,51451
9470,3193
9470,3617
9470,68169
9470,10079
9470,26405
9470,94556
9470,44582
9470,2820
9470,3228
9470,90375
9470,72277
9470,78983
9470,17936
9470,97386
9470,12812
9470,54361
9470,70954
9470,50886
9470,92655
9470,38505
9470,6
9470,97323
9470,93016
9470,27254
9470,30860
9470,64775
9470,81497
9470,74600
9470,64747
9470,49806
9470,63112
9470,7926
9470,18674
9470,91832
9470,65746
9470,58876
9470,82093
9470,31024
9470,86538
9470,45216
9470,98615
9470,15889
9470,94363
9470,95994
9470,88950
9470,113
9470,84595
9470,24234
9470,59063
9470,40753
9470,44313
9470,68416
9470,87941
9470,48430
9470,50883
9470,85606
9470,58951
9470,58660
9470,10042
9470,60670
9470,95408
9470,5943
9470,13968
9470,21947
9470,53770
9470,39383
9470,47820
9470,1349
9470,26761
9470,37840
9470,53495
9470,41473
9470,92622
9470,93464
9470,6594
9470,48302
9470,76793
9470,15956
9470,35999
9470,42923
9470,56747
9470,58159
9470,58617
9470,66626
9470,3
9470,83902
9470,63028
9470,10343
9470,82703
9470,6815
9470,57837
9470,57782
9470,45185
9470,94730
9470,12407
9470,61326
9470,79515
9470,68857
9470,63777
9470,6463
9470,75529
9470,37787
9470,72568
9470,72598
9470,17736
9470,33196
9470,40938
9470,77844
9470,7536
9470,5059
9470,61238
9470,96402
9470,33249
9470,84098
9470,88089
9470,87993
9470,61825
9470,90034
9470,84551
9470,85038
9470,16291
9470,92282
9470,52703
9470,12515
9470,95796
9470,91319
9470,82704
9470,30692
9470,42374
9470,61976
9470,52638
9470,90307
9470,89642
9470,89096
9470,39496
9470,51334
9470,90808
9470,1318
9470,85528
9470,5062
9470,68532
9470,652
9470,74088
9470,7197
76595,94791
76595,28680
76595,91845
76595,16021
76595,59135
76595,43092
76595,44305
76595,7612
76595,72594
76595,49372
76595,39983
76595,1795
76595,58424
76595,7959
76595,82315
76595,11153
76595,70782
76595,39274
76595,2418
76595,26030
76595,44672
76595,80519
76595,65304
76595,39863
76595,65271
76595,1836
76595,25460
76595,24548
76595,97475
76595,34924
76595,3924
76595,54129
76595,99057
76595,43003
76595,53881
76595,7021
76595,96472
76595,42635
76595,81927
76595,29982
76595,46828
76595,58951
76595,21947
76595,44976
76595,70679
76595,50307
76595,43746
76595,77841
76595,57967
76595,12333
76595,37787
76595,4312
76595,4232
76595,92503
76595,8536
76595,76145
76595,45506
76595,60549
76595,1829
76595,11238
76595,51097
76595,66713
76595,84135
76595,85617
76595,16291
76595,16216
76595,86447
76595,13373
76595,16219
76595,90808
76595,49307
76595,30776
93617,2885
93617,46602
93617,90965
93617,65887
93617,91845
93617,40029
93617,36078
93617,14340
93617,72594
93617,30965
93617,36458
93617,78355
93617,38335
93617,64417
93617,49983
93617,8287
93617,48196
93617,1795
93617,60979
93617,24848
93617,73733
93617,11153
93617,3193
93617,39301
93617,13914
93617,98684
93617,29628
93617,90375
93617,49195
93617,30614
93617,16081
93617,68964
93617,41019
93617,34274
93617,84441
93617,6
93617,13512
93617,92866
93617,78229
93617,2500
93617,1608
93617,36838
93617,75147
93617,46692
93617,72188
93617,58876
93617,12242
93617,4177
93617,59054
93617,84024
93617,63663
93617,70511
93617,50883
93617,55814
93617,46828
93617,10042
93617,95408
93617,5943
93617,36851
93617,14425
93617,11775
93617,39383
93617,93735
93617,88953
93617,95853
93617,6594
93617,44976
93617,26638
93617,42987
93617,69725
93617,30846
93617,97247
93617,30481
93617,58159
93617,43946
93617,7025
93617,43746
93617,28799
93617,77841
93617,61326
93617,48609
93617,63620
93617,96932
93617,1674
93617,78177
93617,78591
93617,67921
93617,77844
93617,69125
93617,92100
93617,33249
93617,97754
93617,2677
93617,18064
93617,9320
93617,52638
93617,652
93617,30776
93617,74888
93617,1711
93617,59530
57343,12376
57343,39243
57343,90965
57343,74649
57343,96311
57343,65887
57343,61726
57343,43092
57343,10428
57343,30965
57343,78355
57343,76581
57343,8287
57343,36866
57343,40875
57343,3617
57343,8309
57343,44582
57343,13914
57343,1862
57343,92548
57343,30719
57343,81497
57343,27522
57343,64747
57343,62153
57343,48489
57343,46692
57343,91832
57343,72188
57343,82093
57343,22110
57343,71128
57343,89459
57343,40753
57343,73295
57343,73346
57343,85606
57343,8669
57343,68658
57343,10042
57343,82847
57343,47212
57343,95408
57343,4272
57343,39383
57343,47187
57343,37840
57343,29682
57343,6594
57343,58159
57343,27266
57343,48745
57343,85262
57343,7025
57343,62224
57343,36956
57343,10353
57343,44244
57343,78591
57343,17736
57343,61238
57343,62851
57343,49957
57343,29290
57343,42982
57343,21831
57343,90650
57343,20515
57343,30776
57343,7197
77014,53926
77014,84230
77014,99710
77014,12361
77014,96311
77014,84178
77014,37624
77014,20082
77014,90113
77014,81332
77014,3805
77014,41448
77014,34874
77014,1503
77014,39824
77014,70434
77014,81015
77014,70392
77014,79095
77014,36875
77014,95594
77014,49983
77014,5957
77014,62725
77014,87765
77014,42452
77014,98463
77014,39080
77014,57289
77014,4731
77014,88776
77014,51678
77014,64607
77014,43461
77014,50055
77014,97893
77014,72277
77014,49195
77014,18765
77014,80996
77014,68964
77014,20562
77014,39863
77014,1862
77014,74853
77014,42102
77014,81497
77014,64747
77014,22807
77014,2500
77014,1608
77014,16722
77014,96691
77014,14290
77014,80887
77014,36838
77014,92236
77014,19451
77014,72188
77014,51810
77014,5199
77014,80321
77014,40584
77014,24070
77014,25706
77014,15718
77014,4177
77014,42635
77014,16425
77014,37654
77014,63663
77014,49424
77014,87941
77014,59338
77014,20079
77014,69465
77014,67349
77014,61309
77014,79834
77014,8669
77014,68658
77014,18276
77014,82847
77014,47881
77014,9621
77014,15096
77014,34016
77014,5943
77014,13968
77014,75444
77014,87379
77014,9053
77014,14240
77014,92622
77014,39501
77014,78675
77014,99792
77014,26074
77014,93464
77014,95338
77014,28136
77014,99173
77014,78995
77014,95265
77014,30846
77014,97247
77014,8796
77014,38211
77014,56359
77014,28714
77014,27266
77014,37372
77014,45925
77014,38589
77014,6090
77014,13613
77014,85262
77014,78665
77014,43746
77014,90275
77014,28799
77014,20130
77014,19851
77014,67747
77014,1674
77014,2584
77014,75529
77014,18882
77014,12599
77014,97900
77014,29704
77014,76145
77014,69125
77014,74722
77014,1829
77014,6374
77014,66713
77014,57589
77014,82741
77014,33249
77014,39310
77014,38591
77014,65896
77014,79138
77014,33450
77014,88486
77014,998
77014,65163
77014,31910
77014,2677
77014,37735
77014,16216
77014,95796
77014,18064
77014,63531
77014,73539
77014,78277
77014,90307
77014,90085
77014,88311
77014,10059
77014,20515
77014,90808
77014,46196
77014,94637
77014,652
77014,10958
77014,74088
77014,7197
80686,1064
80686,2885
80686,94791
80686,69909
80686,99710
80686,11003
80686,28680
80686,74649
80686,36078
80686,59121
80686,20082
80686,36458
80686,53548
80686,5957
80686,8287
80686,35573
80686,7959
80686,50015
80686,36866
80686,22340
80686,65538
80686,41435
80686,4731
80686,39274
80686,23385
80686,7697
80686,69711
80686,44582
80686,13914
80686,62707
80686,80519
80686,49195
80686,18765
80686,47066
80686,39863
80686,62905
80686,65271
80686,6
80686,13512
80686,27254
80686,64775
80686,1608
80686,97475
80686,27199
80686,99162
80686,43003
80686,29358
80686,81052
80686,87269
80686,24234
80686,84024
80686,87941
80686,62444
80686,81927
80686,29982
80686,67349
80686,61309
80686,79870
80686,26544
80686,13968
80686,88953
80686,28935
80686,59817
80686,78675
80686,99792
80686,90219
80686,99173
80686,26638
80686,21334
80686,58159
80686,70679
80686,63028
80686,64039
80686,10343
80686,38589
80686,6090
80686,4027
80686,57967
80686,81307
80686,10692
80686,10353
80686,6463
80686,37787
80686,3101
80686,92503
80686,90546
80686,16758
80686,11238
80686,66713
80686,58681
80686,18218
80686,29290
80686,88486
80686,97754
80686,90034
80686,41543
80686,16291
80686,16216
80686,73409
80686,18064
80686,52638
80686,91043
80686,16219
80686,80572
80686,90085
80686,32666
80686,10059
80686,35079
80686,94637
80686,33470
80686,1711
80686,80200
6870,39243
6870,69909
6870,99322
6870,695
6870,65887
6870,49558
6870,84178
6870,59135
6870,81332
6870,77939
6870,55515
6870,1272
6870,70434
6870,8287
6870,51451
6870,62803
6870,13748
6870,13148
6870,30614
6870,66326
6870,98151
6870,21230
6870,43175
6870,14421
6870,74365
6870,91832
6870,19091
6870,31024
6870,45216
6870,1198
6870,28495
6870,91374
6870,3793
6870,24353
6870,81927
6870,39809
6870,59338
6870,60670
6870,21036
6870,42819
6870,93735
6870,6856
6870,27266
6870,78665
6870,68857
6870,3101
6870,97900
6870,34076
6870,74722
6870,61825
6870,9169
6870,90650
6870,51334
55257,84844
55257,41477
55257,70994
55257,53926
55257,73918
55257,84178
55257,14340
55257,79650
55257,8980
55257,81332
55257,95607
55257,34874
55257,1272
55257,5957
55257,60979
55257,88384
55257,36866
55257,73445
55257,58245
55257,4731
55257,77441
55257,70782
55257,68169
55257,26405
55257,23385
55257,64607
55257,43461
55257,83365
55257,97893
55257,36215
55257,29884
55257,89332
55257,8862
55257,65304
55257,54361
55257,94560
55257,20562
55257,9915
55257,6346
55257,92655
55257,13512
55257,42102
55257,30719
55257,96678
55257,70282
55257,49806
55257,97475
55257,63112
55257,28928
55257,51810
55257,31024
55257,12242
55257,15889
55257,113
55257,4177
55257,96472
55257,47003
55257,49424
55257,68416
55257,94691
55257,74421
55257,59338
55257,84822
55257,72364
55257,29982
55257,6525
55257,54466
55257,15096
55257,36851
55257,21947
55257,19028
55257,4272
55257,55319
55257,87379
55257,39888
55257,30170
55257,15956
55257,74988
55257,69725
55257,12104
55257,9239
55257,70600
55257,12237
55257,79067
55257,13613
55257,78665
55257,7025
55257,48790
55257,94730
55257,28799
55257,36956
55257,10353
55257,63620
55257,4925
55257,6463
55257,78177
55257,4312
55257,98306
55257,37106
55257,72568
55257,60228
55257,90546
55257,60549
55257,96402
55257,18445
55257,39058
55257,69661
55257,33450
55257,88486
55257,65163
55257,97754
55257,35093
55257,4809
55257,10424
55257,95796
55257,63531
55257,89249
55257,95180
55257,85528
55257,697
55257,68532
55257,94637
55257,30776
55257,74888
55257,33470
55257,7197
49674,40696
49674,54084
49674,2885
49674,70994
49674,94649
49674,53643
49674,37605
49674,74649
49674,88731
49674,40029
49674,43735
49674,84178
49674,98122
49674,59121
49674,37624
49674,16021
49674,50306
49674,81332
49674,3805
49674,55515
49674,1272
49674,30965
49674,46159
49674,78355
49674,25310
49674,87781
49674,36875
49674,95763
49674,38335
49674,93944
49674,50802
49674,64417
49674,8013
49674,74059
49674,49983
49674,26312
49674,54857
49674,73445
49674,9150
49674,78428
49674,65681
49674,30083
49674,39491
49674,37570
49674,28105
49674,88776
49674,3193
49674,40875
49674,3617
49674,2418
49674,23385
49674,51678
49674,58143
49674,86807
49674,94556
49674,3003
49674,50055
49674,44582
49674,39301
49674,62707
49674,44672
49674,2820
49674,30883
49674,28429
49674,90375
49674,78983
49674,49195
49674,30614
49674,6262
49674,48721
49674,65304
49674,92882
49674,63951
49674,51431
49674,80996
49674,70954
49674,31336
49674,63871
49674,98151
49674,85851
49674,65271
49674,1836
49674,92655
49674,6
49674,92548
49674,82969
49674,30860
49674,42102
49674,30719
49674,64775
49674,81497
49674,74600
49674,43175
49674,97475
49674,27199
49674,74365
49674,96691
49674,14290
49674,54129
49674,75147
49674,99057
49674,80999
49674,91832
49674,43003
49674,65664
49674,34523
49674,45216
49674,32541
49674,71128
49674,12242
49674,37195
49674,12138
49674,15718
49674,96472
49674,91374
49674,84024
49674,97287
49674,63663
49674,47003
49674,3793
49674,70511
49674,62444
49674,56254
49674,48756
49674,55814
49674,13705
49674,85606
49674,91314
49674,96149
49674,18276
49674,60670
49674,79870
49674,95408
49674,26544
49674,5943
49674,21947
49674,14765
49674,75444
49674,16012
49674,11775
49674,93735
49674,1349
49674,26761
49674,34448
49674,55587
49674,59113
49674,28935
49674,14240
49674,56529
49674,45841
49674,90219
49674,26074
49674,75375
49674,3588
49674,76327
49674,2997
49674,74988
49674,99173
49674,69725
49674,42923
49674,8796
49674,30481
49674,58617
49674,84083
49674,56359
49674,99290
49674,7339
49674,70600
49674,17354
49674,4027
49674,57782
49674,77964
49674,28799
49674,23664
49674,61573
49674,81307
49674,67009
49674,12333
49674,68857
49674,22436
49674,67747
49674,1674
49674,75529
49674,98306
49674,86833
49674,90546
49674,52708
49674,10188
49674,56489
49674,60549
49674,74722
49674,11238
49674,56407
49674,6374
49674,55334
49674,58681
49674,82741
49674,79102
49674,27856
49674,28112
49674,17185
49674,28282
49674,88089
49674,9835
49674,79138
49674,45696
49674,33450
49674,8697
49674,37735
49674,24072
49674,99757
49674,52703
49674,10424
49674,91319
49674,82704
49674,63531
49674,30692
49674,93387
49674,42374
49674,52638
49674,91043
49674,13395
49674,19794
49674,90085
49674,88311
49674,65114
49674,10059
49674,35079
49674,51334
49674,697
49674,80686
49674,10958
49674,49307
49674,59530
49674,7197
91298,84844
91298,90482
91298,2885
91298,84230
91298,73918
91298,53643
91298,37711
91298,88731
91298,40029
91298,14210
91298,22551
91298,20082
91298,16021
91298,79650
91298,77939
91298,34874
91298,1272
91298,36458
91298,82241
91298,79095
91298,87781
91298,36875
91298,10564
91298,50802
91298,24302
91298,10563
91298,5957
91298,38932
91298,46068
91298,82315
91298,73445
91298,92155
91298,51451
91298,40875
91298,26165
91298,62803
91298,2418
91298,68169
91298,26405
91298,7697
91298,63014
91298,44043
91298,83365
91298,69711
91298,63866
91298,76214
91298,13148
91298,3228
91298,90375
91298,474
91298,78983
91298,80519
91298,9891
91298,30614
91298,36215
91298,97386
91298,46099
91298,34053
91298,70954
91298,30205
91298,74853
91298,31336
91298,98151
91298,38505
91298,6
91298,34524
91298,78229
91298,22807
91298,62153
91298,48489
91298,14421
91298,63112
91298,83163
91298,7926
91298,21092
91298,79278
91298,80999
91298,43003
91298,65746
91298,51810
91298,34523
91298,40584
91298,24070
91298,22110
91298,87269
91298,12242
91298,113
91298,53881
91298,48391
91298,48898
91298,12138
91298,7021
91298,15718
91298,75920
91298,29822
91298,37654
91298,63042
91298,25316
91298,26261
91298,81927
91298,39809
91298,84822
91298,72364
91298,86997
91298,46828
91298,34016
91298,21036
91298,42819
91298,26544
91298,5943
91298,62943
91298,16012
91298,55639
91298,26761
91298,15566
91298,9053
91298,28935
91298,14240
91298,59817
91298,92622
91298,39501
91298,84280
91298,99792
91298,47884
91298,63297
91298,14299
91298,8982
91298,76793
91298,28136
91298,74988
91298,99173
91298,58578
91298,70254
91298,42987
91298,69725
91298,21334
91298,30846
91298,97247
91298,58617
91298,83902
91298,63028
91298,10343
91298,70600
91298,6927
91298,45925
91298,85262
91298,57782
91298,7025
91298,43746
91298,60730
91298,57967
91298,36956
91298,12333
91298,11038
91298,44244
91298,4925
91298,4232
91298,85225
91298,86833
91298,97900
91298,17736
91298,3913
91298,74499
91298,52708
91298,7536
91298,5059
91298,84135
91298,92100
91298,43081
91298,28112
91298,20762
91298,38591
91298,28282
91298,69661
91298,48933
91298,88089
91298,9835
91298,998
91298,65163
91298,85617
91298,35093
91298,92282
91298,10424
91298,73409
91298,89249
91298,53352
91298,37022
91298,36323
91298,61976
91298,16219
91298,89642
91298,88311
91298,65114
91298,39496
91298,46196
91298,68532
91298,80686
91298,74088
91298,33252
91298,21236
91298,52110
11006,40696
11006,39885
11006,94791
11006,17253
11006,99710
11006,32818
11006,57372
11006,25155
11006,37711
11006,91845
11006,49558
11006,22551
11006,37624
11006,94916
11006,20082
11006,50306
11006,81332
11006,43092
11006,3545
11006,34874
11006,83129
11006,1272
11006,70434
11006,82241
11006,46159
11006,39079
11006,50136
11006,49983
11006,43652
11006,8287
11006,58914
11006,88384
11006,59292
11006,54857
11006,73798
11006,60211
11006,30083
11006,39491
11006,4731
11006,11125
11006,77441
11006,3617
11006,62803
11006,2418
11006,23385
11006,47172
11006,63014
11006,43461
11006,66992
11006,62707
11006,44672
11006,67649
11006,14531
11006,49612
11006,47066
11006,71870
11006,74853
11006,9915
11006,43875
11006,31336
11006,7315
11006,19581
11006,62905
11006,85851
11006,84441
11006,13512
11006,82969
11006,30860
11006,64775
11006,17740
11006,64747
11006,43175
11006,2500
11006,26935
11006,88855
11006,97475
11006,16722
11006,22528
11006,21793
11006,14290
11006,36838
11006,54129
11006,62515
11006,7926
11006,33181
11006,65432
11006,54974
11006,18030
11006,87269
11006,12906
11006,48391
11006,37195
11006,4177
11006,75920
11006,84595
11006,96472
11006,59063
11006,84024
11006,42723
11006,68416
11006,37512
11006,59114
11006,96507
11006,85606
11006,74421
11006,84822
11006,82814
11006,61309
11006,9031
11006,89757
11006,91314
11006,60670
11006,79870
11006,42819
11006,26544
11006,62943
11006,76900
11006,26761
11006,86161
11006,9588
11006,47187
11006,73704
11006,26618
11006,36296
11006,90219
11006,47884
11006,63297
11006,6594
11006,3588
11006,6856
11006,70679
11006,66626
11006,18165
11006,27266
11006,7339
11006,82703
11006,79067
11006,48745
11006,61025
11006,45185
11006,51956
11006,94730
11006,77964
11006,60730
11006,77841
11006,62224
11006,77942
11006,11038
11006,4925
11006,75529
11006,37787
11006,59844
11006,78591
11006,57242
11006,3101
11006,73386
11006,29704
11006,10188
11006,5059
11006,84135
11006,39310
11006,38591
11006,28282
11006,17526
11006,49957
11006,29290
11006,79138
11006,68607
11006,21831
11006,61825
11006,4809
11006,16291
11006,52703
11006,95796
11006,73409
11006,18064
11006,86447
11006,30692
11006,93387
11006,73539
11006,80759
11006,91043
11006,19794
11006,16219
11006,89642
11006,89096
11006,39496
11006,90808
11006,46196
11006,94637
11006,10958
11006,74888
11006,1711
11006,80200
11006,59530
52868,90482
52868,46602
52868,70994
52868,94791
52868,12999
52868,99710
52868,53643
52868,28680
52868,6420
52868,29838
52868,73945
52868,87030
52868,22517
52868,72594
52868,34874
52868,87810
52868,55515
52868,70434
52868,36458
52868,53548
52868,38578
52868,59176
52868,10520
52868,5957
52868,22048
52868,58424
52868,29210
52868,58914
52868,69995
52868,60388
52868,58245
52868,9150
52868,39491
52868,78824
52868,13748
52868,26405
52868,47172
52868,43461
52868,50055
52868,29628
52868,49612
52868,29884
52868,89332
52868,34053
52868,43875
52868,46061
52868,65271
52868,86289
52868,49679
52868,23594
52868,70282
52868,92866
52868,13285
52868,43175
52868,28928
52868,43003
52868,54974
52868,19091
52868,80321
52868,31024
52868,32541
52868,87269
52868,88161
52868,48391
52868,42635
52868,42723
52868,49424
52868,37512
52868,87941
52868,81927
52868,55814
52868,96507
52868,39809
52868,59338
52868,19152
52868,37212
52868,61309
52868,79834
52868,9031
52868,54466
52868,95408
52868,21947
52868,4272
52868,55319
52868,65295
52868,88953
52868,72659
52868,9053
52868,95853
52868,28136
52868,78995
52868,8796
52868,99290
52868,13613
52868,78665
52868,57782
52868,45185
52868,7025
52868,28799
52868,12407
52868,62224
52868,10692
52868,68857
52868,48609
52868,63620
52868,75529
52868,4232
52868,3101
52868,29704
52868,90546
52868,52708
52868,1829
52868,28112
52868,69661
52868,29290
52868,79138
52868,84551
52868,41543
52868,92282
52868,63531
52868,37022
52868,80572
52868,88311
52868,68532
52868,94637
52868,10958
21680,40696
21680,41477
21680,97522
21680,94791
21680,12999
21680,84230
21680,99322
21680,99710
21680,79668
21680,53643
21680,74649
21680,91845
21680,14613
21680,43735
21680,90113
21680,50306
21680,44305
21680,10428
21680,87810
21680,49372
21680,82241
21680,46461
21680,39079
21680,25310
21680,79095
21680,87781
21680,10564
21680,64417
21680,96937
21680,60979
21680,72149
21680,50015
21680,36162
21680,82315
21680,9150
21680,92155
21680,51055
21680,39491
21680,51451
21680,77441
21680,78824
21680,51710
21680,26165
21680,62803
21680,2418
21680,26405
21680,62704
21680,7697
21680,86807
21680,63014
21680,26030
21680,83365
21680,27671
21680,3228
21680,474
21680,80519
21680,67649
21680,18765
21680,34053
21680,70954
21680,42451
21680,1862
21680,66501
21680,13875
21680,45177
21680,50886
21680,85851
21680,3086
21680,96678
21680,92866
21680,13285
21680,2500
21680,26935
21680,97475
21680,16722
21680,79278
21680,33181
21680,65432
21680,65746
21680,54974
21680,65664
21680,87269
21680,15889
21680,28495
21680,15718
21680,75920
21680,96472
21680,59054
21680,40753
21680,34808
21680,47003
21680,49424
21680,87941
21680,24353
21680,48756
21680,81927
21680,85606
21680,84822
21680,79834
21680,46428
21680,8669
21680,60670
21680,26544
21680,16012
21680,55319
21680,39383
21680,55639
21680,55587
21680,49068
21680,37840
21680,81743
21680,53495
21680,29682
21680,45841
21680,63297
21680,8982
21680,3588
21680,2997
21680,97247
21680,6856
21680,8796
21680,38798
21680,66626
21680,10513
21680,7339
21680,43946
21680,61025
21680,78665
21680,43746
21680,57967
21680,62224
21680,77942
21680,10692
21680,22436
21680,4925
21680,75529
21680,78591
21680,86833
21680,37106
21680,73386
21680,72568
21680,82993
21680,45506
21680,52708
21680,69125
21680,74722
21680,61238
21680,92100
21680,21831
21680,2677
21680,86447
21680,37022
21680,64575
21680,75733
21680,66677
21680,89967
21680,85528
21680,652
21680,25417
21680,33470
19833,53926
19833,73918
19833,99710
19833,11003
19833,79668
19833,53643
19833,28680
19833,25155
19833,65887
19833,91845
19833,49558
19833,2126
19833,61726
19833,87030
19833,72594
19833,34874
19833,49372
19833,51625
19833,46159
19833,39983
19833,25310
19833,22048
19833,47260
19833,58914
19833,88384
19833,62725
19833,50426
19833,98463
19833,41190
19833,39491
19833,4731
19833,28105
19833,46431
19833,88776
19833,70782
19833,39274
19833,40875
19833,26165
19833,2418
19833,68169
19833,26405
19833,87239
19833,62704
19833,58143
19833,97872
19833,83365
19833,82739
19833,51855
19833,39301
19833,62707
19833,44672
19833,29628
19833,28429
19833,90375
19833,80519
19833,29884
19833,47066
19833,92882
19833,20562
19833,66326
19833,13875
19833,62905
19833,65271
19833,84441
19833,1836
19833,92655
19833,38505
19833,6
19833,82969
19833,1332
19833,64775
19833,19897
19833,96678
19833,74600
19833,2500
19833,34924
19833,80887
19833,51181
19833,19487
19833,7926
19833,99162
19833,18674
19833,4071
19833,36891
19833,32541
19833,87269
19833,61524
19833,88950
19833,113
19833,53881
19833,7021
19833,15718
19833,75920
19833,59054
19833,42635
19833,34808
19833,16425
19833,94691
19833,48430
19833,50883
19833,26261
19833,85606
19833,47292
19833,59338
19833,19152
19833,86997
19833,37212
19833,61309
19833,9031
19833,64757
19833,47881
19833,72929
19833,52905
19833,34016
19833,11766
19833,42819
19833,95408
19833,14765
19833,53770
19833,65295
19833,9076
19833,93735
19833,26761
19833,87456
19833,59113
19833,81743
19833,14240
19833,59817
19833,39501
19833,26074
19833,93464
19833,95338
19833,95853
19833,18845
19833,76327
19833,74988
19833,99173
19833,44976
19833,42987
19833,69725
19833,78374
19833,8796
19833,30481
19833,70679
19833,84083
19833,28714
19833,27266
19833,82703
19833,45925
19833,6090
19833,48790
19833,94730
19833,81307
19833,61326
19833,11038
19833,4925
19833,1674
19833,2584
19833,75529
19833,4312
19833,4232
19833,37106
19833,93507
19833,90546
19833,40938
19833,49942
19833,45506
19833,69125
19833,7536
19833,51097
19833,5059
19833,56407
19833,55334
19833,32176
19833,82741
19833,33249
19833,28112
19833,39993
19833,88486
19833,998
19833,2677
19833,37735
19833,84551
19833,16216
19833,10424
19833,73409
19833,65334
19833,35240
19833,37022
19833,93387
19833,90650
19833,53056
19833,90085
19833,88311
19833,51334
19833,1318
19833,85528
19833,652
19833,59530
19833,97957
70985,84844
70985,90482
70985,97522
70985,84230
70985,99710
70985,79668
70985,53643
70985,57372
70985,74649
70985,15989
70985,88731
70985,40029
70985,94916
70985,14340
70985,90113
70985,59135
70985,8980
70985,43092
70985,64416
70985,22517
70985,72594
70985,41448
70985,83129
70985,55515
70985,1503
70985,30965
70985,39824
70985,70434
70985,53548
70985,39079
70985,78355
70985,25310
70985,95594
70985,8013
70985,50136
70985,5957
70985,22048
70985,47260
70985,7959
70985,76017
70985,42452
70985,98463
70985,36162
70985,60211
70985,11153
70985,9150
70985,39080
70985,41435
70985,65681
70985,30083
70985,51055
70985,39491
70985,51451
70985,88776
70985,26165
70985,3617
70985,87239
70985,62704
70985,22620
70985,7697
70985,64607
70985,43461
70985,89624
70985,44672
70985,7685
70985,80519
70985,48721
70985,97386
70985,46099
70985,12812
70985,51431
70985,54361
70985,94560
70985,42451
70985,66501
70985,41019
70985,98151
70985,50886
70985,13512
70985,92548
70985,1332
70985,64775
70985,86289
70985,17740
70985,74600
70985,78229
70985,64747
70985,22807
70985,43175
70985,2500
70985,26935
70985,65472
70985,48489
70985,96691
70985,14290
70985,46692
70985,21092
70985,43003
70985,53082
70985,4071
70985,58876
70985,5199
70985,80321
70985,82093
70985,31024
70985,32541
70985,22110
70985,1198
70985,15889
70985,84595
70985,59054
70985,40753
70985,34808
70985,63663
70985,68416
70985,73295
70985,87941
70985,71951
70985,62444
70985,73346
70985,19152
70985,84822
70985,69465
70985,58951
70985,37212
70985,61309
70985,9031
70985,64757
70985,6525
70985,58660
70985,68658
70985,57173
70985,60670
70985,34016
70985,21036
70985,13968
70985,53770
70985,39383
70985,9076
70985,1349
70985,86161
70985,49068
70985,87379
70985,73704
70985,28935
70985,29682
70985,26618
70985,99792
70985,90219
70985,28136
70985,74988
70985,30846
70985,6856
70985,42923
70985,12104
70985,38798
70985,38211
70985,58159
70985,70679
70985,76511
70985,83902
70985,64039
70985,27266
70985,7339
70985,29040
70985,6090
70985,50307
70985,85262
70985,43746
70985,90275
70985,59783
70985,61326
70985,36956
70985,44244
70985,48609
70985,63620
70985,4925
70985,6463
70985,76147
70985,78177
70985,85225
70985,92503
70985,77844
70985,34076
70985,52708
70985,18841
70985,56407
70985,61238
70985,43081
70985,27856
70985,20762
70985,65896
70985,49957
70985,29290
70985,74594
70985,79138
70985,62826
70985,998
70985,97567
70985,85617
70985,35093
70985,18808
70985,37735
70985,84551
70985,99473
70985,30568
70985,16291
70985,27660
70985,18064
70985,86447
70985,13373
70985,30692
70985,73539
70985,53056
70985,89642
70985,90085
70985,17930
70985,75733
70985,65114
70985,74888
70985,1711
73646,40696
73646,97522
73646,53926
73646,84230
73646,53643
73646,28680
73646,57372
73646,695
73646,74649
73646,15989
73646,63867
73646,14613
73646,49558
73646,36078
73646,43735
73646,98122
73646,90113
73646,87030
73646,7612
73646,3805
73646,34874
73646,70434
73646,49372
73646,81015
73646,36458
73646,69427
73646,87781
73646,95763
73646,10520
73646,74059
73646,68556
73646,47260
73646,60979
73646,62725
73646,54857
73646,73798
73646,39491
73646,51451
73646,4731
73646,88776
73646,78824
73646,68169
73646,23385
73646,64607
73646,47172
73646,58143
73646,63014
73646,69711
73646,7685
73646,28429
73646,80519
73646,49195
73646,29884
73646,89332
73646,48721
73646,97386
73646,71870
73646,5949
73646,12812
73646,71346
73646,39863
73646,42451
73646,66326
73646,41019
73646,7315
73646,65271
73646,92655
73646,38505
73646,82969
73646,30719
73646,64775
73646,19897
73646,90997
73646,17740
73646,49679
73646,85293
73646,57494
73646,26935
73646,88855
73646,1608
73646,49806
73646,28928
73646,51181
73646,36838
73646,19487
73646,46692
73646,99162
73646,43003
73646,65432
73646,18030
73646,66075
73646,31024
73646,87269
73646,113
73646,37195
73646,12138
73646,7021
73646,4177
73646,24234
73646,34808
73646,98521
73646,55814
73646,96507
73646,19152
73646,86997
73646,20079
73646,53695
73646,61309
73646,79834
73646,6525
73646,96149
73646,18276
73646,57173
73646,76900
73646,14765
73646,88953
73646,86161
73646,9588
73646,59113
73646,59817
73646,26618
73646,30170
73646,95853
73646,71569
73646,28136
73646,18845
73646,44976
73646,26638
73646,78995
73646,78374
73646,42923
73646,85542
73646,12104
73646,38798
73646,38211
73646,30481
73646,84083
73646,99290
73646,9239
73646,29040
73646,82703
73646,45925
73646,61025
73646,51956
73646,29811
73646,57967
73646,62224
73646,36956
73646,24497
73646,10692
73646,12333
73646,19851
73646,44244
73646,76147
73646,4312
73646,85225
73646,57242
73646,72598
73646,17736
73646,76145
73646,90546
73646,67921
73646,52708
73646,7536
73646,60549
73646,11238
73646,13278
73646,82741
73646,79102
73646,27856
73646,28282
73646,88486
73646,61825
73646,65163
73646,18808
73646,4809
73646,99473
73646,16291
73646,16216
73646,99454
73646,63531
73646,35240
73646,93387
73646,73539
73646,19794
73646,1318
73646,46196
73646,5062
73646,80686
73646,74088
73646,33470
77399,53926
77399,73918
77399,12361
77399,6420
77399,36078
77399,59121
77399,87030
77399,70434
77399,36458
77399,53548
77399,38335
77399,64417
77399,24302
77399,10563
77399,22048
77399,58245
77399,39080
77399,11125
77399,40875
77399,26405
77399,51678
77399,64607
77399,49612
77399,89332
77399,47066
77399,63951
77399,80996
77399,66326
77399,13875
77399,41019
77399,34274
77399,98151
77399,3086
77399,34524
77399,19897
77399,16722
77399,46692
77399,21092
77399,19451
77399,65432
77399,65664
77399,19091
77399,80321
77399,45216
77399,24070
77399,87269
77399,84595
77399,37654
77399,47003
77399,49424
77399,96507
77399,6816
77399,79834
77399,47881
77399,72929
77399,60670
77399,52905
77399,21036
77399,75444
77399,14425
77399,26761
77399,9053
77399,47187
77399,56529
77399,15956
77399,76327
77399,99173
77399,42987
77399,12104
77399,8796
77399,38798
77399,38211
77399,30481
77399,56359
77399,28714
77399,64966
77399,12407
77399,10353
77399,12599
77399,86833
77399,60228
77399,90546
77399,7536
77399,6374
77399,55334
77399,13278
77399,27856
77399,28112
77399,40557
77399,74594
77399,79138
77399,62826
77399,65163
77399,37735
77399,16291
77399,65334
77399,86447
77399,99454
77399,37022
77399,93387
77399,73539
77399,64575
77399,16219
77399,95180
77399,88311
77399,75733
77399,66677
77399,89096
77399,89967
77399,68532
77399,33470
77399,80200
36630,97522
36630,53926
36630,90965
36630,2126
36630,50306
36630,43092
36630,95607
36630,34874
36630,10428
36630,1272
36630,91713
36630,39824
36630,36458
36630,11960
36630,38335
36630,93944
36630,5957
36630,65268
36630,8287
36630,58424
36630,7959
36630,62725
36630,59292
36630,76017
36630,69995
36630,60388
36630,36162
36630,41435
36630,51055
36630,39274
36630,40875
36630,44582
36630,82739
36630,16897
36630,72277
36630,6262
36630,29884
36630,97386
36630,5949
36630,65304
36630,20562
36630,13875
36630,98151
36630,65271
36630,92655
36630,30719
36630,49679
36630,23594
36630,92866
36630,24548
36630,13285
36630,1608
36630,49806
36630,3924
36630,21793
36630,96691
36630,7926
36630,18674
36630,36854
36630,82093
36630,86538
36630,40584
36630,81052
36630,15889
36630,88161
36630,48391
36630,12138
36630,24234
36630,40753
36630,84024
36630,37654
36630,42723
36630,96507
36630,53695
36630,18276
36630,82847
36630,47881
36630,57173
36630,72410
36630,42819
36630,36851
36630,13968
36630,11733
36630,4272
36630,88953
36630,72659
36630,26074
36630,8982
36630,75375
36630,35999
36630,26638
36630,42987
36630,78995
36630,8796
36630,58159
36630,36422
36630,66626
36630,76511
36630,10513
36630,28714
36630,37372
36630,78665
36630,28799
36630,94202
36630,67009
36630,4232
36630,49233
36630,67921
36630,72270
36630,52708
36630,69125
36630,58681
36630,84098
36630,29290
36630,45696
36630,8697
36630,42982
36630,90034
36630,96211
36630,27660
36630,12515
36630,10424
36630,73409
36630,18064
36630,86447
36630,93387
36630,73539
36630,64575
36630,91043
36630,80572
36630,90085
36630,66677
36630,47458
36630,32666
36630,1318
36630,652
36630,10958
36630,30776
36630,74888
97230,1064
97230,41477
97230,79668
97230,15989
97230,50306
97230,44305
97230,3545
97230,64451
97230,55515
97230,39079
97230,10564
97230,64417
97230,8287
97230,7959
97230,88384
97230,26165
97230,7697
97230,43461
97230,67649
97230,89332
97230,41019
97230,85851
97230,96678
97230,1608
97230,49806
97230,97475
97230,82707
97230,27199
97230,53082
97230,65432
97230,37195
97230,84595
97230,34808
97230,16425
97230,55814
97230,96507
97230,13705
97230,91314
97230,96149
97230,15096
97230,49068
97230,28935
97230,92622
97230,29682
97230,99792
97230,62293
97230,95853
97230,76793
97230,2997
97230,56747
97230,70600
97230,38589
97230,7025
97230,77964
97230,28799
97230,60730
97230,76147
97230,74499
97230,77844
97230,7536
97230,5059
97230,61238
97230,79138
97230,33450
97230,72466
97230,24072
97230,4809
97230,12515
97230,19794
97230,5062
97230,10958
97230,33252
93090,46602
93090,90965
93090,84230
93090,73918
93090,37711
93090,91845
93090,63867
93090,2126
93090,43735
93090,14210
93090,84178
93090,59121
93090,90113
93090,61726
93090,44305
93090,64416
93090,10428
93090,1272
93090,51625
93090,79095
93090,87781
93090,38335
93090,93944
93090,50802
93090,64417
93090,8013
93090,24302
93090,5957
93090,8287
93090,58424
93090,88384
93090,59292
93090,50426
93090,36866
93090,60211
93090,9150
93090,78373
93090,51451
93090,88776
93090,60090
93090,26165
93090,3617
93090,62704
93090,22620
93090,86807
93090,63014
93090,26030
93090,16897
93090,13914
93090,7685
93090,90375
93090,474
93090,80519
93090,18765
93090,16081
93090,97386
93090,46099
93090,65304
93090,20562
93090,70954
93090,42451
93090,74853
93090,9915
93090,6
93090,13512
93090,21230
93090,81497
93090,74600
93090,70282
93090,78229
93090,64747
93090,22807
93090,43175
93090,97475
93090,28928
93090,54129
93090,83163
93090,53082
93090,65432
93090,5199
93090,19091
93090,29358
93090,80321
93090,15889
93090,61524
93090,25706
93090,94363
93090,28495
93090,15718
93090,4177
93090,84595
93090,96472
93090,42635
93090,59114
93090,41743
93090,13705
93090,47292
93090,19152
93090,84822
93090,72364
93090,46828
93090,6525
93090,58660
93090,21036
93090,95408
93090,62943
93090,36851
93090,4272
93090,93735
93090,9588
93090,55587
93090,15566
93090,49068
93090,37840
93090,28935
93090,92622
93090,39501
93090,36296
93090,93464
93090,30170
93090,3588
93090,71569
93090,99173
93090,42987
93090,78995
93090,97247
93090,85542
93090,38211
93090,36422
93090,19147
93090,18165
93090,70600
93090,12237
93090,43946
93090,38589
93090,50307
93090,13613
93090,61025
93090,94730
93090,61573
93090,57967
93090,10692
93090,11038
93090,1674
93090,6463
93090,75529
93090,86833
93090,37106
93090,72568
93090,16758
93090,69125
93090,18841
93090,84135
93090,96402
93090,92100
93090,74176
93090,33249
93090,38591
93090,84098
93090,69661
93090,48933
93090,29290
93090,74594
93090,39993
93090,65163
93090,2677
93090,37735
93090,41543
93090,85038
93090,96211
93090,52703
93090,95796
93090,91319
93090,82704
93090,73539
93090,64575
93090,9169
93090,61976
93090,91043
93090,13395
93090,19794
93090,17930
93090,10059
93090,89967
93090,39496
93090,46196
93090,94637
93090,10958
93090,49307
93090,33252
93090,80200
93090,97957
28508,41477
28508,97522
28508,46602
28508,94791
28508,28620
28508,99322
28508,73918
28508,17253
28508,99710
28508,25155
28508,74649
28508,96311
28508,37711
28508,29759
28508,98122
28508,22551
28508,94916
28508,14340
28508,59135
28508,87030
28508,79650
28508,77939
28508,22517
28508,72594
28508,64451
28508,1503
28508,92369
28508,70392
28508,46159
28508,25310
28508,93944
28508,10520
28508,89592
28508,38932
28508,8287
28508,58424
28508,6510
28508,60979
28508,58914
28508,62725
28508,87765
28508,69995
28508,60388
28508,82315
28508,36866
28508,73445
28508,11153
28508,9150
28508,78428
28508,91642
28508,65681
28508,30083
28508,39491
28508,22648
28508,78824
28508,51710
28508,13748
28508,58143
28508,86807
28508,63014
28508,44043
28508,66992
28508,26030
28508,30883
28508,29628
28508,17936
28508,30614
28508,16081
28508,29884
28508,47066
28508,5949
28508,12812
28508,65304
28508,30205
28508,43875
28508,31336
28508,98151
28508,50886
28508,62905
28508,85851
28508,92548
28508,42102
28508,30719
28508,25460
28508,19897
28508,96678
28508,21230
28508,91223
28508,22799
28508,57494
28508,43175
28508,65472
28508,88855
28508,14421
28508,96691
28508,51181
28508,54129
28508,75147
28508,99057
28508,7926
28508,99162
28508,18674
28508,80999
28508,33181
28508,72188
28508,86538
28508,98615
28508,22110
28508,87269
28508,61524
28508,75920
28508,29822
28508,59054
28508,42635
28508,37654
28508,49424
28508,73295
28508,63042
28508,59114
28508,73346
28508,13122
28508,56254
28508,50883
28508,24353
28508,39809
28508,59338
28508,29982
28508,46828
28508,82814
28508,79834
28508,46428
28508,82847
28508,34016
28508,11766
28508,21036
28508,76900
28508,11733
28508,14425
28508,65295
28508,47820
28508,9588
28508,87379
28508,9053
28508,47187
28508,73704
28508,28935
28508,14240
28508,39501
28508,90219
28508,14299
28508,75375
28508,71569
28508,2997
28508,44976
28508,70254
28508,95265
28508,38211
28508,70679
28508,58617
28508,84083
28508,27266
28508,85262
28508,43746
28508,51956
28508,48790
28508,94730
28508,60730
28508,64317
28508,59783
28508,57967
28508,36956
28508,24497
28508,12333
28508,10353
28508,44244
28508,4925
28508,6463
28508,75529
28508,37787
28508,18882
28508,92503
28508,72568
28508,29704
28508,90546
28508,45506
28508,56489
28508,60549
28508,1829
28508,73855
28508,66713
28508,62851
28508,55334
28508,18218
28508,38591
28508,20445
28508,69661
28508,29290
28508,79138
28508,87993
28508,68607
28508,998
28508,97567
28508,2677
28508,99473
28508,92282
28508,12515
28508,10424
28508,13373
28508,99454
28508,7137
28508,53056
28508,47458
28508,35079
28508,25838
28508,80686
28508,49307
28508,1711
47852,39243
47852,2885
47852,46602
47852,17253
47852,29838
47852,37711
47852,50306
47852,22048
47852,46068
47852,35573
47852,58914
47852,60388
47852,82315
47852,73445
47852,92155
47852,11125
47852,88776
47852,26165
47852,10079
47852,47172
47852,97872
47852,76214
47852,29628
47852,89332
47852,5949
47852,9915
47852,50886
47852,86289
47852,96678
47852,90997
47852,28928
47852,43003
47852,80321
47852,31024
47852,88950
47852,113
47852,48391
47852,44313
47852,42635
47852,34808
47852,42723
47852,94691
47852,55814
47852,29982
47852,67349
47852,37212
47852,47881
47852,15096
47852,9588
47852,72659
47852,59113
47852,78995
47852,12104
47852,70679
47852,7025
47852,94730
47852,12407
47852,8536
47852,90546
47852,69125
47852,7536
47852,18445
47852,10424
47852,95796
47852,65334
47852,75733
47852,5062
47852,10958
47852,74088
42102,70994
42102,90965
42102,73918
42102,79668
42102,53643
42102,6420
42102,96311
42102,37711
42102,91845
42102,88731
42102,36078
42102,98122
42102,14340
42102,61726
42102,44305
42102,22517
42102,3805
42102,39824
42102,49372
42102,53548
42102,69427
42102,36875
42102,10520
42102,50136
42102,10563
42102,5957
42102,22048
42102,42452
42102,22340
42102,60211
42102,11153
42102,65681
42102,78373
42102,39491
42102,11125
42102,88776
42102,51710
42102,26165
42102,2418
42102,66992
42102,90375
42102,72277
42102,78983
42102,17936
42102,6262
42102,48721
42102,39863
42102,30205
42102,66501
42102,98151
42102,50886
42102,65271
42102,84441
42102,38505
42102,13512
42102,42102
42102,23594
42102,74600
42102,13285
42102,23525
42102,63112
42102,3924
42102,14290
42102,36838
42102,19487
42102,36854
42102,80999
42102,72188
42102,4071
42102,18030
42102,29358
42102,61524
42102,25706
42102,88950
42102,113
42102,37195
42102,24234
42102,37654
42102,47003
42102,70511
42102,94691
42102,62444
42102,41743
42102,56254
42102,29982
42102,20079
42102,82814
42102,37212
42102,9031
42102,8669
42102,60670
42102,15096
42102,11766
42102,5943
42102,62943
42102,16012
42102,34448
42102,15566
42102,72659
42102,9053
42102,73704
42102,8982
42102,75375
42102,15956
42102,44976
42102,70254
42102,78995
42102,42923
42102,44348
42102,76511
42102,10513
42102,9239
42102,12237
42102,6927
42102,6090
42102,78665
42102,45185
42102,7025
42102,60730
42102,77841
42102,12407
42102,68857
42102,22436
42102,48609
42102,2584
42102,75529
42102,59844
42102,57242
42102,86833
42102,76145
42102,82993
42102,45506
42102,7536
42102,60549
42102,74722
42102,18218
42102,69661
42102,65896
42102,9835
42102,85617
42102,16291
42102,16216
42102,95796
42102,91319
42102,65334
42102,18064
42102,86447
42102,13373
42102,53352
42102,64575
42102,9169
42102,78277
42102,89642
42102,80572
42102,90085
42102,17930
42102,47458
42102,32666
42102,51334
42102,652
42102,74088
38606,2885
38606,74649
38606,2126
38606,3805
38606,34874
38606,46461
38606,39983
38606,69427
38606,25310
38606,93944
38606,49983
38606,10563
38606,65268
38606,88384
38606,82315
38606,92155
38606,91642
38606,70782
38606,87239
38606,66992
38606,94556
38606,78983
38606,6262
38606,16081
38606,65304
38606,63951
38606,80996
38606,70954
38606,65271
38606,6
38606,13512
38606,42102
38606,24548
38606,57494
38606,1608
38606,34924
38606,16722
38606,80999
38606,18030
38606,81052
38606,87269
38606,61524
38606,88161
38606,48391
38606,37195
38606,84595
38606,96472
38606,34808
38606,16425
38606,3793
38606,37512
38606,87941
38606,13705
38606,39809
38606,53695
38606,47881
38606,42819
38606,5943
38606,62943
38606,13968
38606,11733
38606,53770
38606,11775
38606,88953
38606,49068
38606,53495
38606,14240
38606,26618
38606,45841
38606,63297
38606,26074
38606,95853
38606,8982
38606,75375
38606,71569
38606,42987
38606,56359
38606,6927
38606,85262
38606,45185
38606,43746
38606,64317
38606,22436
38606,48609
38606,1674
38606,78177
38606,8536
38606,90546
38606,40938
38606,77844
38606,34076
38606,33249
38606,17185
38606,20445
38606,90034
38606,37022
38606,73539
38606,61976
38606,91043
38606,75733
38606,32666
38606,697
38606,74888
81368,39243
81368,53926
81368,90965
81368,99710
81368,14613
81368,94916
81368,72594
81368,10428
81368,81015
81368,36458
81368,8287
81368,36162
81368,60090
81368,10079
81368,63014
81368,8309
81368,44582
81368,29884
81368,89332
81368,71870
81368,92548
81368,30719
81368,92866
81368,64747
81368,62153
81368,65472
81368,48489
81368,63112
81368,80887
81368,19487
81368,72188
81368,82093
81368,98615
81368,89459
81368,61524
81368,84595
81368,24234
81368,29822
81368,42635
81368,70511
81368,73346
81368,55814
81368,29982
81368,46828
81368,57173
81368,34016
81368,5943
81368,53770
81368,1349
81368,86161
81368,92622
81368,39501
81368,6594
81368,15956
81368,74988
81368,35999
81368,38211
81368,83902
81368,50519
81368,7025
81368,61326
81368,24497
81368,96932
81368,74499
81368,84135
81368,28112
81368,29290
81368,79138
81368,42982
81368,88486
81368,12515
81368,18064
81368,95180
81368,697
81368,10958
81368,33470
81368,7197
29549,84844
29549,40696
29549,46602
29549,28620
29549,53926
29549,90965
29549,53643
29549,25155
29549,2126
29549,10428
29549,92369
29549,36458
29549,70392
29549,39983
29549,10520
29549,50802
29549,47260
29549,42452
29549,3193
29549,40875
29549,78824
29549,3617
29549,47172
29549,89624
29549,44582
29549,13914
29549,62707
29549,78983
29549,14531
29549,66326
29549,50886
29549,19581
29549,13512
29549,86289
29549,96678
29549,27522
29549,92866
29549,63112
29549,96691
29549,28928
29549,36838
29549,75147
29549,99057
29549,83163
29549,53082
29549,65432
29549,58876
29549,51810
29549,82093
29549,22110
29549,71128
29549,12242
29549,29822
29549,40753
29549,42635
29549,37512
29549,50883
29549,81927
29549,55814
29549,13705
29549,85606
29549,47292
29549,29982
29549,54466
29549,82847
29549,47881
29549,5943
29549,76900
29549,86161
29549,41473
29549,92622
29549,29682
29549,84280
29549,80842
29549,62293
29549,6594
29549,48302
29549,8982
29549,15956
29549,76327
29549,2997
29549,87505
29549,26638
29549,56747
29549,76511
29549,83902
29549,99290
29549,29040
29549,61573
29549,77841
29549,59783
29549,77942
29549,61326
29549,11038
29549,10353
29549,37787
29549,93507
29549,55184
29549,49942
29549,55334
29549,82741
29549,43081
29549,20762
29549,38591
29549,29290
29549,45696
29549,35093
29549,84551
29549,24072
29549,16216
29549,18064
29549,13373
29549,99454
29549,93387
29549,90650
29549,39496
29549,20515
29549,652
29549,49307
43257,40696
43257,39243
43257,2885
43257,12999
43257,53926
43257,90965
43257,73918
43257,94649
43257,79668
43257,29838
43257,15989
43257,49558
43257,59121
43257,43092
43257,3545
43257,3805
43257,10428
43257,66638
43257,36458
43257,82241
43257,46461
43257,53548
43257,69427
43257,38578
43257,78355
43257,38335
43257,59176
43257,49983
43257,8287
43257,58424
43257,60979
43257,58914
43257,59292
43257,50015
43257,50426
43257,24848
43257,73798
43257,65681
43257,78373
43257,77441
43257,39274
43257,60090
43257,58143
43257,97872
43257,83365
43257,7685
43257,29628
43257,72277
43257,80519
43257,14531
43257,49612
43257,8862
43257,71870
43257,5949
43257,80996
43257,68964
43257,70954
43257,39863
43257,30205
43257,41019
43257,45177
43257,46061
43257,85851
43257,84441
43257,1836
43257,38505
43257,92548
43257,25460
43257,24548
43257,78229
43257,85293
43257,57494
43257,49806
43257,97475
43257,48489
43257,27199
43257,63112
43257,21793
43257,36838
43257,99057
43257,80999
43257,72188
43257,18030
43257,19091
43257,66075
43257,80321
43257,24070
43257,71128
43257,15889
43257,61524
43257,113
43257,48898
43257,42723
43257,70511
43257,59114
43257,98521
43257,81927
43257,46828
43257,53695
43257,82814
43257,61309
43257,9031
43257,6525
43257,91314
43257,10042
43257,21036
43257,95408
43257,55319
43257,14425
43257,86161
43257,15566
43257,49068
43257,87379
43257,59113
43257,81743
43257,39501
43257,84280
43257,26618
43257,99792
43257,45841
43257,62293
43257,6594
43257,3588
43257,2997
43257,26638
43257,30846
43257,8796
43257,38798
43257,56747
43257,70679
43257,10513
43257,83902
43257,50307
43257,57782
43257,48790
43257,57967
43257,12407
43257,77942
43257,10692
43257,12333
43257,4925
43257,1674
43257,78177
43257,4312
43257,97900
43257,93507
43257,72598
43257,74499
43257,72270
43257,74722
43257,1829
43257,11238
43257,56407
43257,66713
43257,18445
43257,58681
43257,28112
43257,88089
43257,79138
43257,62826
43257,2677
43257,85038
43257,16291
43257,92282
43257,13373
43257,53352
43257,37022
43257,90650
43257,95180
43257,17930
43257,66677
43257,89967
43257,35079
43257,46196
43257,49307
43257,74888
43257,44128
39276,90482
39276,1064
39276,41477
39276,50797
39276,99710
39276,28680
39276,96311
39276,65887
39276,14613
39276,73945
39276,59121
39276,81332
39276,70434
39276,46159
39276,53548
39276,76581
39276,38932
39276,22048
39276,46068
39276,48196
39276,47260
39276,60979
39276,58914
39276,59292
39276,73445
39276,73733
39276,60211
39276,41190
39276,60090
39276,40875
39276,10079
39276,63014
39276,43461
39276,13914
39276,98684
39276,76214
39276,3228
39276,80519
39276,89332
39276,8862
39276,71870
39276,5949
39276,63951
39276,46061
39276,84441
39276,38505
39276,13512
39276,30719
39276,78229
39276,64747
39276,27199
39276,74365
39276,3924
39276,80887
39276,75147
39276,99057
39276,43003
39276,65432
39276,65746
39276,19091
39276,82093
39276,32541
39276,71128
39276,88161
39276,29822
39276,40753
39276,44313
39276,70511
39276,48430
39276,73346
39276,55814
39276,67349
39276,37212
39276,64757
39276,8669
39276,47881
39276,11766
39276,95408
39276,14425
39276,47820
39276,88953
39276,9588
39276,37840
39276,53495
39276,59817
39276,92622
39276,78995
39276,12104
39276,38211
39276,44348
39276,76511
39276,83902
39276,50519
39276,45925
39276,48745
39276,94202
39276,12407
39276,62224
39276,61326
39276,36956
39276,10692
39276,68857
39276,4925
39276,76147
39276,4312
39276,12599
39276,8536
39276,93507
39276,17736
39276,56489
39276,18841
39276,62851
39276,40557
39276,79138
39276,87993
39276,42982
39276,97754
39276,90034
39276,84551
39276,4809
39276,92282
39276,10424
39276,37022
39276,9169
39276,13395
39276,16219
39276,66677
39276,65114
39276,47458
39276,30776
39276,74088
39276,52110
39276,33470
39276,7197
53298,84844
53298,17253
53298,53643
53298,695
53298,25155
53298,29759
53298,49558
53298,59121
53298,61726
53298,8980
53298,3545
53298,77939
53298,72594
53298,34874
53298,10428
53298,83129
53298,39824
53298,36458
53298,70392
53298,53548
53298,69427
53298,79095
53298,20460
53298,49983
53298,65268
53298,22048
53298,46068
53298,58424
53298,62725
53298,59292
53298,50426
53298,42452
53298,36866
53298,73445
53298,58245
53298,24848
53298,39080
53298,78373
53298,51055
53298,41190
53298,51451
53298,77441
53298,51710
53298,62803
53298,13748
53298,10079
53298,43461
53298,44043
53298,89624
53298,94556
53298,69711
53298,44582
53298,44672
53298,76214
53298,28429
53298,72277
53298,78983
53298,67649
53298,91
53298,16081
53298,65304
53298,51431
53298,70954
53298,84786
53298,9915
53298,66501
53298,13875
53298,7315
53298,46061
53298,48244
53298,6346
53298,92655
53298,38505
53298,96678
53298,78765
53298,81497
53298,17740
53298,23594
53298,13285
53298,2500
53298,1608
53298,14421
53298,27199
53298,14290
53298,46692
53298,83163
53298,36854
53298,19451
53298,33181
53298,65664
53298,18030
53298,29358
53298,66075
53298,15889
53298,61524
53298,25706
53298,28495
53298,37195
53298,48898
53298,7021
53298,15718
53298,29822
53298,84024
53298,37654
53298,63663
53298,73295
53298,94691
53298,59114
53298,25316
53298,41743
53298,66004
53298,98521
53298,81927
53298,96507
53298,74421
53298,86997
53298,29982
53298,58951
53298,61309
53298,9031
53298,8669
53298,6525
53298,18276
53298,9621
53298,60670
53298,11766
53298,72410
53298,26544
53298,62943
53298,36851
53298,75444
53298,11733
53298,55319
53298,65295
53298,39383
53298,47820
53298,86161
53298,34448
53298,55587
53298,49068
53298,72659
53298,73704
53298,53495
53298,41473
53298,93464
53298,30170
53298,6594
53298,28136
53298,18845
53298,76327
53298,97247
53298,12104
53298,44348
53298,58617
53298,63028
53298,64039
53298,7339
53298,9239
53298,29040
53298,45925
53298,13613
53298,48745
53298,61025
53298,78665
53298,57782
53298,7025
53298,29811
53298,59783
53298,71663
53298,67009
53298,36956
53298,24497
53298,45770
53298,68857
53298,22436
53298,44244
53298,48609
53298,63620
53298,4925
53298,76147
53298,21855
53298,78177
53298,18882
53298,4232
53298,85225
53298,57242
53298,3101
53298,86833
53298,92503
53298,72568
53298,93507
53298,76145
53298,16758
53298,67921
53298,72270
53298,52708
53298,10188
53298,56407
53298,62851
53298,84135
53298,57589
53298,82741
53298,79102
53298,43081
53298,39310
53298,17185
53298,28282
53298,20445
53298,69661
53298,88089
53298,9835
53298,45696
53298,33450
53298,88486
53298,21831
53298,61825
53298,31910
53298,90034
53298,2677
53298,18808
53298,37735
53298,4809
53298,27660
53298,92282
53298,52703
53298,10424
53298,18064
53298,35240
53298,53352
53298,9169
53298,52638
53298,78277
53298,16219
53298,80572
53298,17930
53298,47458
53298,20515
53298,25838
53298,46196
53298,697
53298,94637
53298,52110
53298,1711
53298,44128
53298,7197
75138,53926
75138,53643
75138,25155
75138,74649
75138,63867
75138,88731
75138,20082
75138,87030
75138,43092
75138,70434
75138,49372
75138,36458
75138,38335
75138,5957
75138,65268
75138,68556
75138,76017
75138,42452
75138,54857
75138,36866
75138,11153
75138,51055
75138,51451
75138,77441
75138,70782
75138,62803
75138,10079
75138,63014
75138,43461
75138,97872
75138,72277
75138,97386
75138,51431
75138,84786
75138,42451
75138,66326
75138,7315
75138,6
75138,92548
75138,3086
75138,42102
75138,81497
75138,1608
75138,97475
75138,80887
75138,21092
75138,91832
75138,58876
75138,65664
75138,19091
75138,81052
75138,25706
75138,48391
75138,4177
75138,59054
75138,63663
75138,71951
75138,81927
75138,96507
75138,58951
75138,9031
75138,54466
75138,10042
75138,18276
75138,47881
75138,52905
75138,14425
75138,9076
75138,21026
75138,26761
75138,34448
75138,87456
75138,59817
75138,26618
75138,18845
75138,99173
75138,26638
75138,42987
75138,97247
75138,6856
75138,42923
75138,12104
75138,58617
75138,79067
75138,13613
75138,85262
75138,17354
75138,45185
75138,29811
75138,77841
75138,71663
75138,77942
75138,68857
75138,22436
75138,44244
75138,48609
75138,1674
75138,85225
75138,3101
75138,34076
75138,57589
75138,32176
75138,27856
75138,87993
75138,33450
75138,31910
75138,90034
75138,2677
75138,35093
75138,37735
75138,41543
75138,92282
75138,35240
75138,30692
75138,47458
75138,5062
75138,74088
75138,33252
75138,74888
9395,22551
9395,16021
9395,79650
9395,1503
9395,92369
9395,78355
9395,8013
9395,58424
9395,58914
9395,30083
9395,11125
9395,39274
9395,23385
9395,43461
9395,18765
9395,65304
9395,98151
9395,62905
9395,65271
9395,1836
9395,6
9395,93016
9395,17740
9395,51181
9395,99057
9395,21092
9395,65432
9395,81052
9395,12906
9395,59063
9395,19152
9395,53695
9395,58951
9395,60670
9395,26761
9395,86161
9395,9588
9395,59113
9395,62293
9395,44976
9395,95995
9395,58159
9395,84083
9395,99290
9395,28714
9395,43946
9395,6815
9395,77841
9395,57967
9395,81307
9395,10353
9395,67747
9395,1674
9395,62789
9395,8536
9395,72270
9395,45506
9395,77844
9395,51097
9395,5059
9395,88089
9395,88486
9395,84551
9395,16291
9395,18064
9395,89249
9395,73539
9395,61976
9395,52638
9395,91043
9395,16219
9395,49307
9395,30776
9395,33252
9395,59530
46241,54084
46241,1064
46241,50797
46241,84230
46241,79668
46241,53643
46241,37711
46241,15989
46241,40029
46241,36078
46241,59135
46241,87030
46241,79650
46241,10428
46241,64451
46241,55515
46241,36458
46241,51625
46241,69427
46241,10520
46241,64417
46241,5957
46241,68556
46241,46068
46241,1795
46241,88384
46241,59292
46241,36162
46241,51055
46241,88776
46241,78824
46241,29923
46241,3617
46241,68169
46241,62704
46241,7697
46241,43461
46241,69711
46241,44672
46241,63866
46241,67649
46241,97386
46241,71346
46241,80996
46241,84786
46241,74853
46241,63871
46241,65271
46241,1332
46241,34524
46241,17740
46241,1608
46241,97475
46241,46692
46241,92236
46241,53082
46241,37195
46241,7021
46241,59054
46241,63663
46241,42723
46241,96507
46241,53695
46241,58951
46241,58660
46241,54466
46241,96149
46241,47881
46241,95408
46241,26544
46241,14765
46241,14425
46241,47820
46241,55587
46241,49068
46241,9053
46241,59817
46241,99792
46241,45841
46241,36296
46241,26074
46241,76793
46241,99173
46241,26638
46241,78995
46241,42923
46241,12104
46241,8796
46241,56359
46241,99290
46241,45925
46241,38589
46241,61025
46241,90275
46241,60730
46241,19851
46241,68857
46241,78177
46241,78591
46241,73386
46241,72598
46241,34076
46241,10188
46241,56489
46241,1829
46241,18841
46241,32176
46241,17526
46241,79138
46241,8697
46241,97567
46241,65163
46241,31910
46241,37735
46241,24072
46241,4809
46241,99473
46241,10424
46241,65334
46241,86447
46241,93387
46241,42374
46241,52638
46241,91043
46241,16219
46241,89096
46241,5062
46241,25417
46241,33252
46241,44128
1448,97522
1448,46602
1448,53926
1448,90965
1448,79668
1448,53643
1448,28680
1448,6420
1448,96311
1448,15989
1448,63867
1448,14210
1448,84178
1448,59121
1448,79650
1448,7612
1448,34874
1448,91713
1448,46461
1448,11960
1448,25310
1448,36875
1448,38335
1448,93944
1448,64417
1448,48196
1448,6510
1448,60979
1448,29210
1448,69995
1448,50015
1448,82315
1448,73445
1448,58245
1448,24848
1448,73798
1448,9150
1448,41190
1448,4731
1448,26165
1448,62803
1448,62704
1448,22620
1448,64607
1448,44043
1448,16897
1448,62707
1448,29628
1448,78983
1448,17936
1448,49612
1448,18765
1448,89332
1448,97386
1448,46099
1448,8862
1448,20562
1448,1862
1448,50886
1448,19581
1448,84441
1448,97323
1448,81497
1448,92866
1448,13285
1448,65472
1448,49806
1448,63112
1448,99057
1448,83163
1448,18674
1448,80999
1448,72188
1448,65432
1448,4071
1448,58876
1448,51810
1448,82093
1448,40584
1448,24070
1448,71128
1448,89459
1448,12242
1448,25706
1448,88950
1448,113
1448,53881
1448,37195
1448,7021
1448,84595
1448,24234
1448,91374
1448,42635
1448,34808
1448,37512
1448,50883
1448,96507
1448,19152
1448,48612
1448,95970
1448,61309
1448,89757
1448,11766
1448,95408
1448,5943
1448,11733
1448,47820
1448,86161
1448,78675
1448,39888
1448,26618
1448,45841
1448,47884
1448,70167
1448,30170
1448,6594
1448,76793
1448,35999
1448,84622
1448,69725
1448,21334
1448,85542
1448,8796
1448,38798
1448,44348
1448,70679
1448,58617
1448,76511
1448,83902
1448,57837
1448,6090
1448,57782
1448,61573
1448,81307
1448,94202
1448,12407
1448,62224
1448,77942
1448,79515
1448,36956
1448,63777
1448,63620
1448,4925
1448,21855
1448,8536
1448,93507
1448,17736
1448,29704
1448,40938
1448,72270
1448,69125
1448,74722
1448,1829
1448,18841
1448,56407
1448,57589
1448,18218
1448,40557
1448,49957
1448,45696
1448,88486
1448,21831
1448,97567
1448,24072
1448,41543
1448,4809
1448,99473
1448,16291
1448,65334
1448,82704
1448,36323
1448,13395
1448,19794
1448,65114
1448,89096
1448,39496
1448,1318
1448,652
92680,84844
92680,1064
92680,41477
92680,97522
92680,2885
92680,84230
92680,12361
92680,28680
92680,25155
92680,74649
92680,65887
92680,40029
92680,2126
92680,14210
92680,37624
92680,8980
92680,95607
92680,77939
92680,64416
92680,72594
92680,34874
92680,66638
92680,1503
92680,1272
92680,70392
92680,46159
92680,39983
92680,53548
92680,79095
92680,36875
92680,10520
92680,5957
92680,1795
92680,58424
92680,26312
92680,7959
92680,72149
92680,88384
92680,69995
92680,42452
92680,98463
92680,82315
92680,11153
92680,39080
92680,57289
92680,65681
92680,41190
92680,40875
92680,78824
92680,29923
92680,10079
92680,89624
92680,94556
92680,26030
92680,16897
92680,2820
92680,3228
92680,78983
92680,29884
92680,97386
92680,47066
92680,5949
92680,54361
92680,70954
92680,39863
92680,74853
92680,43875
92680,13875
92680,41019
92680,50886
92680,92655
92680,38505
92680,13512
92680,92548
92680,34524
92680,27254
92680,78229
92680,49806
92680,74365
92680,3924
92680,14290
92680,54129
92680,46692
92680,18674
92680,21092
92680,19451
92680,80999
92680,33181
92680,65432
92680,4071
92680,54974
92680,65664
92680,18030
92680,34523
92680,82093
92680,32541
92680,40584
92680,24070
92680,81052
92680,87269
92680,61524
92680,25706
92680,28495
92680,95994
92680,48391
92680,12138
92680,75920
92680,97287
92680,42635
92680,47003
92680,68416
92680,62444
92680,13122
92680,24353
92680,98521
92680,81927
92680,39809
92680,59338
92680,84822
92680,72364
92680,20079
92680,67349
92680,53695
92680,82814
92680,58951
92680,61309
92680,6525
92680,58660
92680,57173
92680,72929
92680,11766
92680,42819
92680,14765
92680,16012
92680,55319
92680,9076
92680,93735
92680,15566
92680,87379
92680,59113
92680,28935
92680,53495
92680,59817
92680,92622
92680,78675
92680,56529
92680,39888
92680,45841
92680,90219
92680,28136
92680,76327
92680,74988
92680,58578
92680,95995
92680,36422
92680,76511
92680,27266
92680,37372
92680,9239
92680,6927
92680,45925
92680,57837
92680,85262
92680,7025
92680,90275
92680,60730
92680,67009
92680,10353
92680,76147
92680,37787
92680,4312
92680,59844
92680,78591
92680,57242
92680,3101
92680,72568
92680,8536
92680,3913
92680,33196
92680,49233
92680,67921
92680,72270
92680,52708
92680,7536
92680,66713
92680,62851
92680,18445
92680,32176
92680,82741
92680,27856
92680,39058
92680,38591
92680,20445
92680,84098
92680,65896
92680,9835
92680,8697
92680,62826
92680,998
92680,31910
92680,2677
92680,18808
92680,10424
92680,73409
92680,91319
92680,65334
92680,86447
92680,13373
92680,61976
92680,90650
92680,90307
92680,16219
92680,80572
92680,47458
92680,89096
92680,32666
92680,89967
92680,39496
92680,90808
92680,64597
92680,10958
92680,33470
92680,97957
29816,97522
29816,2885
29816,12999
29816,53926
29816,90965
29816,99710
29816,79668
29816,37605
29816,37711
29816,14613
29816,49558
29816,94916
29816,61726
29816,59135
29816,43092
29816,22517
29816,10428
29816,87810
29816,70434
29816,70392
29816,82241
29816,39983
29816,69427
29816,59176
29816,93944
29816,8013
29816,10563
29816,96937
29816,72149
29816,62725
29816,73445
29816,58245
29816,60211
29816,11153
29816,78428
29816,65681
29816,11125
29816,40875
29816,78824
29816,3617
29816,22620
29816,86807
29816,97872
29816,83365
29816,13148
29816,29628
29816,474
29816,72277
29816,67649
29816,49612
29816,9891
29816,18765
29816,29884
29816,89332
29816,71870
29816,34053
29816,54361
29816,68964
29816,70954
29816,43875
29816,66501
29816,13875
29816,7315
29816,46061
29816,48244
29816,62905
29816,65271
29816,82969
29816,64775
29816,86289
29816,96678
29816,78765
29816,90997
29816,49679
29816,85293
29816,57494
29816,84059
29816,27199
29816,63112
29816,74365
29816,36838
29816,54129
29816,99057
29816,83163
29816,99162
29816,36854
29816,79278
29816,65746
29816,18030
29816,66075
29816,98615
29816,40584
29816,87269
29816,28495
29816,53881
29816,59063
29816,91374
29816,44313
29816,97287
29816,34808
29816,37512
29816,70511
29816,94691
29816,59114
29816,87941
29816,48430
29816,50883
29816,59338
29816,37212
29816,64757
29816,8669
29816,6525
29816,60670
29816,15096
29816,79870
29816,21036
29816,76900
29816,11733
29816,55319
29816,26761
29816,28935
29816,81743
29816,53495
29816,59817
29816,92622
29816,84280
29816,47884
29816,63297
29816,26074
29816,62293
29816,30170
29816,6594
29816,58578
29816,78995
29816,97247
29816,8796
29816,44348
29816,19147
29816,63028
29816,10343
29816,7339
29816,6815
29816,79067
29816,4027
29816,45185
29816,94730
29816,23664
29816,60730
29816,57967
29816,94202
29816,62224
29816,77942
29816,67009
29816,24497
29816,68857
29816,22436
29816,4925
29816,1674
29816,21855
29816,2584
29816,37106
29816,60228
29816,8536
29816,40938
29816,49233
29816,74499
29816,77844
29816,18841
29816,56407
29816,62851
29816,58681
29816,57589
29816,39310
29816,28112
29816,17185
29816,40557
29816,17526
29816,33450
29816,88486
29816,97567
29816,37735
29816,72466
29816,41543
29816,92282
29816,52703
29816,95796
29816,65334
29816,18064
29816,30692
29816,37022
29816,42374
29816,61976
29816,13395
29816,16219
29816,17930
29816,10059
29816,35079
29816,1318
29816,80686
29816,64597
29816,49307
29816,74888
29816,44128
29816,59530
29816,7197
53788,40696
53788,2885
53788,39885
53788,28620
53788,12361
53788,695
53788,25155
53788,43561
53788,88731
53788,40029
53788,2126
53788,59121
53788,59135
53788,81332
53788,3545
53788,95607
53788,3805
53788,72594
53788,64451
53788,83129
53788,1503
53788,91713
53788,49372
53788,38578
53788,11960
53788,20460
53788,10564
53788,24302
53788,49983
53788,76581
53788,46068
53788,1795
53788,96937
53788,59292
53788,60388
53788,36162
53788,58245
53788,73733
53788,11153
53788,65538
53788,41435
53788,51846
53788,11125
53788,40875
53788,26165
53788,62803
53788,68169
53788,26405
53788,87239
53788,47172
53788,86807
53788,8309
53788,51855
53788,39301
53788,30883
53788,29628
53788,72277
53788,9891
53788,18765
53788,30614
53788,36215
53788,29884
53788,47722
53788,47066
53788,5949
53788,34053
53788,63951
53788,39863
53788,74853
53788,13875
53788,45177
53788,62905
53788,97323
53788,82969
53788,30719
53788,19897
53788,81497
53788,27522
53788,92866
53788,43175
53788,23525
53788,65472
53788,84059
53788,27199
53788,74365
53788,36838
53788,54129
53788,62515
53788,19451
53788,53082
53788,4071
53788,65746
53788,58876
53788,27455
53788,65664
53788,51810
53788,5199
53788,11158
53788,80321
53788,32541
53788,53881
53788,12138
53788,75920
53788,84595
53788,96472
53788,59054
53788,40753
53788,37654
53788,63663
53788,48756
53788,98521
53788,55814
53788,85606
53788,19152
53788,20079
53788,82814
53788,37212
53788,8669
53788,6525
53788,68658
53788,18276
53788,82847
53788,47881
53788,60670
53788,15096
53788,72410
53788,36851
53788,11733
53788,39383
53788,47820
53788,21026
53788,73704
53788,59817
53788,29682
53788,39888
53788,99792
53788,63297
53788,48302
53788,76327
53788,35999
53788,42987
53788,56747
53788,62837
53788,30481
53788,70679
53788,58617
53788,10513
53788,99290
53788,73973
53788,37372
53788,9239
53788,82703
53788,43946
53788,48745
53788,85262
53788,78665
53788,57782
53788,28799
53788,29811
53788,60730
53788,57967
53788,61326
53788,10353
53788,4925
53788,4312
53788,12599
53788,86833
53788,73386
53788,92503
53788,8536
53788,72598
53788,17736
53788,29704
53788,90546
53788,33196
53788,16758
53788,77844
53788,34076
53788,74722
53788,74176
53788,27856
53788,39058
53788,17185
53788,84098
53788,69661
53788,48933
53788,88089
53788,9835
53788,62826
53788,97754
53788,37735
53788,24072
53788,16291
53788,73409
53788,82704
53788,53352
53788,80759
53788,61976
53788,19794
53788,95180
53788,75733
53788,66677
53788,47458
53788,32666
53788,25838
4925,70994
4925,90965
4925,6420
4925,59121
4925,61726
4925,49372
4925,10520
4925,64417
4925,5957
4925,38932
4925,88384
4925,50426
4925,60211
4925,11125
4925,10079
4925,97872
4925,16897
4925,14531
4925,36215
4925,54361
4925,39863
4925,50886
4925,30719
4925,36838
4925,19091
4925,96472
4925,42635
4925,49424
4925,48430
4925,74421
4925,37212
4925,47881
4925,11766
4925,21947
4925,28935
4925,59817
4925,78675
4925,99173
4925,42987
4925,8796
4925,70679
4925,9239
4925,85262
4925,12407
4925,62224
4925,10692
4925,68857
4925,10353
4925,86833
4925,93507
4925,90546
4925,45506
4925,69125
4925,7536
4925,18445
4925,43081
4925,33249
4925,88089
4925,39993
4925,87993
4925,97754
4925,95796
4925,73539
4925,42374
4925,9169
4925,5062
60337,40696
60337,54084
60337,94791
60337,17253
60337,53643
60337,43561
60337,15989
60337,88731
60337,36078
60337,20082
60337,81332
60337,44305
60337,34874
60337,10428
60337,66638
60337,83129
60337,51625
60337,53548
60337,69427
60337,39079
60337,11960
60337,79095
60337,87781
60337,36875
60337,95763
60337,8013
60337,89592
60337,5957
60337,60979
60337,88384
60337,69995
60337,36162
60337,58245
60337,73798
60337,60211
60337,30083
60337,51055
60337,88776
60337,26165
60337,3617
60337,62803
60337,26405
60337,63014
60337,94556
60337,82739
60337,14531
60337,46099
60337,12812
60337,65304
60337,94560
60337,20562
60337,66501
60337,7315
60337,46061
60337,19581
60337,48244
60337,84441
60337,92655
60337,42102
60337,78765
60337,24548
60337,64747
60337,22799
60337,26935
60337,82707
60337,28928
60337,36838
60337,62515
60337,53082
60337,66075
60337,80321
60337,86538
60337,94363
60337,12138
60337,15718
60337,4177
60337,40753
60337,37654
60337,63663
60337,13705
60337,85606
60337,84822
60337,86997
60337,95970
60337,37212
60337,61309
60337,89757
60337,95408
60337,5943
60337,13968
60337,26761
60337,88953
60337,86161
60337,49068
60337,87379
60337,47187
60337,78675
60337,47884
60337,48302
60337,71569
60337,76327
60337,2997
60337,87505
60337,97247
60337,62837
60337,70679
60337,58617
60337,19147
60337,37372
60337,43946
60337,38589
60337,6090
60337,48745
60337,61025
60337,94730
60337,23664
60337,60730
60337,81307
60337,77942
60337,24497
60337,10692
60337,11038
60337,68857
60337,67747
60337,6463
60337,78177
60337,57242
60337,72568
60337,97900
60337,93507
60337,72598
60337,76145
60337,33196
60337,67921
60337,72270
60337,45506
60337,10188
60337,7536
60337,74722
60337,96402
60337,58681
60337,57589
60337,32176
60337,79102
60337,43081
60337,18218
60337,69661
60337,48933
60337,17526
60337,49957
60337,74594
60337,79138
60337,33450
60337,21831
60337,62826
60337,998
60337,90034
60337,84551
60337,41543
60337,27660
60337,92282
60337,89249
60337,64575
60337,53056
60337,19794
60337,90307
60337,89096
60337,10059
60337,89967
60337,46196
60337,5062
60337,25417
60337,49307
60337,74088
60337,74888
60337,97957
45886,1064
45886,2885
45886,73918
45886,99710
45886,12361
45886,74649
45886,20082
45886,59135
45886,7612
45886,22517
45886,66638
45886,55515
45886,49372
45886,11960
45886,93944
45886,74059
45886,65268
45886,68556
45886,8287
45886,48196
45886,1795
45886,69995
45886,92155
45886,57289
45886,51451
45886,39274
45886,2418
45886,10079
45886,87239
45886,7697
45886,82739
45886,98684
45886,14531
45886,49195
45886,89332
45886,51431
45886,39863
45886,30205
45886,66501
45886,34274
45886,65271
45886,92655
45886,38505
45886,13512
45886,27254
45886,19897
45886,81497
45886,90997
45886,17740
45886,27522
45886,78229
45886,43175
45886,2500
45886,16722
45886,84059
45886,21793
45886,96691
45886,14290
45886,80887
45886,19487
45886,92236
45886,19451
45886,80999
45886,27455
45886,5199
45886,82093
45886,40584
45886,95994
45886,37195
45886,15718
45886,75920
45886,24234
45886,42635
45886,3793
45886,68416
45886,50883
45886,66004
45886,81927
45886,72364
45886,48612
45886,53695
45886,95970
45886,58951
45886,61309
45886,9031
45886,8669
45886,6525
45886,91314
45886,54466
45886,9621
45886,72929
45886,34016
45886,5943
45886,16012
45886,4272
45886,65295
45886,93735
45886,26761
45886,88953
45886,87456
45886,47187
45886,37840
45886,39501
45886,29682
45886,36296
45886,18845
45886,69725
45886,95265
45886,97247
45886,85542
45886,12104
45886,8796
45886,70679
45886,99290
45886,37372
45886,29040
45886,6815
45886,43746
45886,28799
45886,81307
45886,77942
45886,22436
45886,1674
45886,6463
45886,78177
45886,2584
45886,75529
45886,85225
45886,78591
45886,3101
45886,92503
45886,97900
45886,8536
45886,93507
45886,49942
45886,45506
45886,74722
45886,56407
45886,66713
45886,13278
45886,28112
45886,39058
45886,65896
45886,35093
45886,18808
45886,30568
45886,96211
45886,16291
45886,27660
45886,73409
45886,82704
45886,35240
45886,91043
45886,90650
45886,78277
45886,90307
45886,90085
45886,17930
45886,47458
45886,89967
45886,39496
45886,90808
45886,1318
45886,697
45886,68532
45886,652
45886,10958
45886,59530
99333,97522
99333,2885
99333,50797
99333,12999
99333,69909
99333,11003
99333,96311
99333,37711
99333,43561
99333,91845
99333,63867
99333,40029
99333,84178
99333,98122
99333,14340
99333,79650
99333,77939
99333,72594
99333,10428
99333,55515
99333,49372
99333,38578
99333,39079
99333,11960
99333,78355
99333,10564
99333,8013
99333,10563
99333,8287
99333,1795
99333,35573
99333,58424
99333,47260
99333,58914
99333,36162
99333,82315
99333,9150
99333,78428
99333,51055
99333,39274
99333,68169
99333,62704
99333,66992
99333,26030
99333,50055
99333,69711
99333,44582
99333,62707
99333,98684
99333,13148
99333,3228
99333,78983
99333,14531
99333,6262
99333,65304
99333,54361
99333,66326
99333,13875
99333,41019
99333,6
99333,13512
99333,34524
99333,27254
99333,30860
99333,42102
99333,64775
99333,92866
99333,64747
99333,91223
99333,43175
99333,26935
99333,7926
99333,33181
99333,72188
99333,65432
99333,98615
99333,40584
99333,87269
99333,25706
99333,37195
99333,12138
99333,7021
99333,15718
99333,24234
99333,96472
99333,40753
99333,37512
99333,50883
99333,26261
99333,47292
99333,48612
99333,53695
99333,82814
99333,34016
99333,21036
99333,13968
99333,14765
99333,65295
99333,93735
99333,86161
99333,9588
99333,9053
99333,47187
99333,59113
99333,84280
99333,45841
99333,90219
99333,93464
99333,8982
99333,28136
99333,58578
99333,78995
99333,6856
99333,38211
99333,44348
99333,70679
99333,36422
99333,19147
99333,70600
99333,6815
99333,31580
99333,48745
99333,57782
99333,43746
99333,51956
99333,57967
99333,12407
99333,10692
99333,68857
99333,22436
99333,78177
99333,4312
99333,98306
99333,3101
99333,76145
99333,33196
99333,16758
99333,56489
99333,60549
99333,11238
99333,74176
99333,43081
99333,39058
99333,17185
99333,20445
99333,29290
99333,42982
99333,88486
99333,65163
99333,84551
99333,96211
99333,16291
99333,16216
99333,65334
99333,18064
99333,86447
99333,89249
99333,93387
99333,9169
99333,52638
99333,89642
99333,66677
99333,51334
99333,1318
99333,85528
99333,33252
36599,12376
36599,1064
36599,11003
36599,65887
36599,29759
36599,22551
36599,14340
36599,8980
36599,81332
36599,44305
36599,83129
36599,1272
36599,30965
36599,81015
36599,46159
36599,39983
36599,78355
36599,87781
36599,38335
36599,64417
36599,10563
36599,65268
36599,35573
36599,58424
36599,7959
36599,50015
36599,42452
36599,98463
36599,82315
36599,36866
36599,22340
36599,11153
36599,39491
36599,3193
36599,60090
36599,3617
36599,2418
36599,23385
36599,7697
36599,44043
36599,50055
36599,69711
36599,13914
36599,63866
36599,30883
36599,49612
36599,16081
36599,29884
36599,47066
36599,5949
36599,51431
36599,1862
36599,9915
36599,41019
36599,62905
36599,38505
36599,93016
36599,42102
36599,25460
36599,81497
36599,17740
36599,57494
36599,2500
36599,48489
36599,16722
36599,14421
36599,74365
36599,96691
36599,36838
36599,18674
36599,80999
36599,72188
36599,65746
36599,27455
36599,19091
36599,29358
36599,71128
36599,48391
36599,84595
36599,29822
36599,40753
36599,44313
36599,84024
36599,98521
36599,55814
36599,86997
36599,20079
36599,67349
36599,53695
36599,36851
36599,13968
36599,21947
36599,16012
36599,39383
36599,55639
36599,1349
36599,15566
36599,39501
36599,26618
36599,6594
36599,76793
36599,28136
36599,18845
36599,95995
36599,42987
36599,21334
36599,30846
36599,78374
36599,30481
36599,58159
36599,58617
36599,76511
36599,84083
36599,6815
36599,45185
36599,77841
36599,59783
36599,77942
36599,67009
36599,79515
36599,11038
36599,19851
36599,10353
36599,63620
36599,96932
36599,93507
36599,17736
36599,76145
36599,45506
36599,52708
36599,11238
36599,5059
36599,58681
36599,18218
36599,17185
36599,29290
36599,9835
36599,79138
36599,42982
36599,21831
36599,61825
36599,90034
36599,85617
36599,73409
36599,18064
36599,35240
36599,37022
36599,52638
36599,91043
36599,19794
36599,90085
36599,47458
36599,32666
36599,10059
36599,1318
36599,94637
36599,1711
36599,80200
36599,7197
92160,63867
92160,84178
92160,87030
92160,81015
92160,49983
92160,65268
92160,76017
92160,42452
92160,51846
92160,87239
92160,7697
92160,63014
92160,36215
92160,29884
92160,48721
92160,51431
92160,68964
92160,39863
92160,84441
92160,3086
92160,49679
92160,1608
92160,58876
92160,81052
92160,7021
92160,20079
92160,9031
92160,10042
92160,18276
92160,29682
92160,26074
92160,30846
92160,70679
92160,76511
92160,27266
92160,7339
92160,57242
92160,76145
92160,3913
92160,69125
92160,92100
92160,2677
92160,91319
92160,18064
92160,63531
92160,64575
92160,53056
92160,89642
92160,17930
92160,32666
92160,10059
92160,74888
92160,33470
92160,1711
92160,59530
6271,54084
6271,97522
6271,2885
6271,28620
6271,90965
6271,12361
6271,32818
6271,6420
6271,25155
6271,74649
6271,37711
6271,63867
6271,14613
6271,14210
6271,73945
6271,59121
6271,59135
6271,64451
6271,91713
6271,70434
6271,46461
6271,69427
6271,39079
6271,87781
6271,20460
6271,38335
6271,93944
6271,64417
6271,24302
6271,74059
6271,89592
6271,22048
6271,46068
6271,35573
6271,58914
6271,72149
6271,69995
6271,60388
6271,42452
6271,54857
6271,36162
6271,58245
6271,73798
6271,91642
6271,65681
6271,30083
6271,70782
6271,40875
6271,3617
6271,62803
6271,68169
6271,26405
6271,22620
6271,47172
6271,3003
6271,97893
6271,82739
6271,13914
6271,80519
6271,9891
6271,47722
6271,46099
6271,42451
6271,66326
6271,1862
6271,74853
6271,46061
6271,84441
6271,38505
6271,6
6271,27254
6271,30860
6271,42102
6271,26935
6271,48489
6271,16722
6271,84059
6271,63112
6271,74365
6271,28928
6271,14290
6271,54129
6271,83163
6271,36854
6271,91832
6271,29358
6271,66075
6271,32541
6271,71128
6271,12242
6271,15889
6271,113
6271,48391
6271,15718
6271,4177
6271,59054
6271,84024
6271,34808
6271,63042
6271,87941
6271,81927
6271,74421
6271,46828
6271,37212
6271,89757
6271,8669
6271,6525
6271,54466
6271,96149
6271,82847
6271,57173
6271,82639
6271,42819
6271,76900
6271,21947
6271,26761
6271,15566
6271,14240
6271,59817
6271,39501
6271,47884
6271,62293
6271,35999
6271,42923
6271,85542
6271,8796
6271,62837
6271,36422
6271,58617
6271,56359
6271,73973
6271,29040
6271,70600
6271,13613
6271,85262
6271,44949
6271,45185
6271,81307
6271,94202
6271,62224
6271,77942
6271,10692
6271,10353
6271,67747
6271,8628
6271,90546
6271,40938
6271,74499
6271,82993
6271,72270
6271,45506
6271,1829
6271,61238
6271,96402
6271,17185
6271,88089
6271,29290
6271,9835
6271,45696
6271,87993
6271,21831
6271,31910
6271,24072
6271,41543
6271,30568
6271,27660
6271,10424
6271,63531
6271,35240
6271,73873
6271,61976
6271,90307
6271,80572
6271,88311
6271,90808
6271,1318
6271,46196
6271,697
6271,652
6271,30776
6271,52110
6271,97957
26894,53926
26894,69909
26894,17253
26894,99710
26894,11003
26894,43561
26894,65887
26894,15989
26894,91845
26894,14210
26894,37624
26894,43092
26894,64416
26894,41448
26894,66638
26894,91713
26894,92369
26894,70434
26894,70392
26894,46159
26894,39983
26894,78355
26894,36875
26894,50802
26894,74059
26894,76581
26894,43652
26894,22048
26894,8287
26894,46068
26894,48196
26894,47260
26894,88384
26894,42452
26894,36162
26894,82315
26894,22340
26894,73798
26894,60211
26894,11153
26894,65538
26894,78373
26894,51451
26894,88776
26894,70782
26894,62803
26894,68169
26894,26405
26894,87239
26894,7697
26894,47172
26894,26030
26894,97872
26894,16897
26894,39301
26894,98684
26894,2820
26894,72277
26894,29884
26894,47722
26894,89332
26894,48721
26894,8862
26894,71870
26894,5949
26894,65304
26894,54361
26894,42451
26894,13875
26894,41019
26894,46061
26894,62905
26894,6346
26894,92548
26894,97323
26894,34524
26894,86289
26894,90997
26894,22799
26894,26935
26894,62153
26894,84059
26894,63112
26894,96691
26894,80887
26894,51181
26894,54129
26894,83163
26894,80999
26894,43003
26894,4071
26894,58876
26894,36891
26894,31024
26894,32541
26894,12906
26894,48391
26894,37195
26894,40753
26894,37654
26894,3793
26894,49424
26894,37512
26894,96507
26894,19152
26894,84822
26894,86997
26894,58660
26894,96149
26894,18276
26894,60670
26894,42819
26894,95408
26894,36851
26894,21947
26894,16012
26894,14425
26894,34448
26894,15566
26894,49068
26894,92622
26894,78675
26894,26618
26894,45841
26894,90219
26894,47884
26894,93464
26894,30170
26894,95853
26894,8982
26894,18845
26894,78995
26894,8796
26894,30481
26894,58159
26894,36422
26894,58617
26894,84083
26894,3
26894,63028
26894,18165
26894,37372
26894,70600
26894,6815
26894,13613
26894,57782
26894,64966
26894,59783
26894,94202
26894,62224
26894,79515
26894,96932
26894,6463
26894,2584
26894,75529
26894,59844
26894,4232
26894,78591
26894,62789
26894,72598
26894,3913
26894,16758
26894,52708
26894,7536
26894,57589
26894,92100
26894,82741
26894,74176
26894,79102
26894,39310
26894,39058
26894,20762
26894,17185
26894,38591
26894,20445
26894,40557
26894,48933
26894,88089
26894,74594
26894,33450
26894,8697
26894,68607
26894,61825
26894,998
26894,97567
26894,65163
26894,97754
26894,90034
26894,85038
26894,99757
26894,92966
26894,16291
26894,16216
26894,27660
26894,52703
26894,95796
26894,91319
26894,65334
26894,93387
26894,9320
26894,78277
26894,17930
26894,66677
26894,10059
26894,85528
26894,5062
26894,697
26894,80686
26894,30776
26894,52110
26894,7197
26894,97957
18351,84844
18351,2885
18351,90965
18351,84230
18351,94649
18351,99710
18351,57372
18351,25155
18351,74649
18351,73945
18351,3545
18351,3805
18351,34874
18351,66638
18351,92369
18351,49372
18351,36458
18351,51625
18351,39983
18351,39079
18351,25310
18351,36875
18351,93944
18351,10520
18351,10564
18351,49983
18351,65268
18351,88384
18351,42452
18351,36162
18351,60211
18351,92155
18351,39491
18351,28105
18351,77441
18351,68169
18351,87239
18351,51678
18351,50055
18351,63866
18351,84786
18351,39863
18351,74853
18351,34274
18351,84441
18351,6
18351,30860
18351,19897
18351,90997
18351,17740
18351,49679
18351,78229
18351,2500
18351,26935
18351,16722
18351,36838
18351,21092
18351,80999
18351,65664
18351,24070
18351,61524
18351,25706
18351,113
18351,53881
18351,4177
18351,84024
18351,34808
18351,63663
18351,3793
18351,71951
18351,85606
18351,39809
18351,67349
18351,58951
18351,68658
18351,54466
18351,10042
18351,96149
18351,18276
18351,72929
18351,21036
18351,26544
18351,5943
18351,47820
18351,9076
18351,93735
18351,21026
18351,47187
18351,36296
18351,62293
18351,30170
18351,28136
18351,99173
18351,30846
18351,38798
18351,58159
18351,66626
18351,63028
18351,7339
18351,45925
18351,38589
18351,78665
18351,7025
18351,77964
18351,29811
18351,20130
18351,81307
18351,67009
18351,68857
18351,10353
18351,1674
18351,78177
18351,98306
18351,12599
18351,57242
18351,86833
18351,92503
18351,97900
18351,8536
18351,93507
18351,56489
18351,7536
18351,1829
18351,56407
18351,6374
18351,58681
18351,32176
18351,27856
18351,39310
18351,18218
18351,28112
18351,17526
18351,87993
18351,33450
18351,8697
18351,90034
18351,99757
18351,16216
18351,12515
18351,73409
18351,91319
18351,63531
18351,64575
18351,61976
18351,53056
18351,78277
18351,89967
18351,10958
18351,74888
18351,80200
18351,59530
18351,7197
21628,97522
21628,39243
21628,2885
21628,79668
21628,28680
21628,6420
21628,37605
21628,37711
21628,91845
21628,88731
21628,37624
21628,90113
21628,50306
21628,43092
21628,3545
21628,66638
21628,83129
21628,70434
21628,46159
21628,46461
21628,87781
21628,20460
21628,50802
21628,5957
21628,8287
21628,46068
21628,62725
21628,42452
21628,36162
21628,11125
21628,60090
21628,2418
21628,26405
21628,23385
21628,7697
21628,86807
21628,63866
21628,72277
21628,67649
21628,9891
21628,36215
21628,80996
21628,74853
21628,9915
21628,13875
21628,38505
21628,74600
21628,24548
21628,13285
21628,1608
21628,49806
21628,97475
21628,16722
21628,28928
21628,51181
21628,99057
21628,62515
21628,36854
21628,65432
21628,65746
21628,18030
21628,19091
21628,36891
21628,32541
21628,24070
21628,81052
21628,15889
21628,88950
21628,29822
21628,37654
21628,47003
21628,63042
21628,87941
21628,25316
21628,50883
21628,98521
21628,86997
21628,46828
21628,82814
21628,6816
21628,79834
21628,91314
21628,42819
21628,11733
21628,4272
21628,53770
21628,65295
21628,39383
21628,55587
21628,49068
21628,72659
21628,59113
21628,59817
21628,39888
21628,99792
21628,30170
21628,15956
21628,99173
21628,44976
21628,21334
21628,12104
21628,38211
21628,44348
21628,70679
21628,83902
21628,7339
21628,12237
21628,13613
21628,45185
21628,48790
21628,23664
21628,77841
21628,57967
21628,81307
21628,77942
21628,4925
21628,75529
21628,4232
21628,60228
21628,97900
21628,49233
21628,45506
21628,34076
21628,60549
21628,56407
21628,55334
21628,32176
21628,20445
21628,69661
21628,17526
21628,21831
21628,31910
21628,4809
21628,27660
21628,65334
21628,82704
21628,53352
21628,30692
21628,80759
21628,9169
21628,88311
21628,66677
21628,10059
21628,46196
21628,68532
21628,94637
21628,10958
21628,33470
84542,46602
84542,70994
84542,57372
84542,2126
84542,37624
84542,79650
84542,8980
84542,36458
84542,93944
84542,59292
84542,87765
84542,82315
84542,36866
84542,41190
84542,39491
84542,63866
84542,78983
84542,17936
84542,6262
84542,16081
84542,63951
84542,39863
84542,1862
84542,66501
84542,98151
84542,23594
84542,92866
84542,24548
84542,36854
84542,65432
84542,4071
84542,86538
84542,24070
84542,15889
84542,84024
84542,56254
84542,8669
84542,42819
84542,11733
84542,90219
84542,63297
84542,6594
84542,70254
84542,48745
84542,64317
84542,4232
84542,97900
84542,8536
84542,52708
84542,18445
84542,33249
84542,79138
84542,62826
84542,85617
84542,86447
84542,53352
84542,37022
84542,75733
84542,697
84542,21236
84542,80200
29380,84844
29380,1064
29380,94791
29380,28620
29380,32818
29380,88731
29380,73945
29380,84178
29380,37624
29380,81332
29380,3545
29380,7612
29380,22517
29380,34874
29380,66638
29380,1272
29380,91713
29380,53548
29380,24302
29380,74059
29380,38932
29380,35573
29380,60979
29380,7959
29380,58914
29380,50426
29380,36162
29380,73798
29380,60211
29380,41190
29380,39491
29380,22648
29380,77441
29380,40875
29380,78824
29380,3617
29380,62803
29380,10079
29380,22620
29380,86807
29380,16897
29380,39301
29380,29628
29380,78983
29380,17936
29380,49612
29380,30614
29380,36215
29380,47722
29380,89332
29380,5949
29380,34053
29380,63951
29380,42451
29380,9915
29380,46061
29380,48244
29380,62905
29380,6346
29380,92548
29380,3086
29380,86289
29380,74600
29380,70282
29380,78229
29380,2500
29380,21793
29380,83163
29380,54974
29380,5199
29380,66075
29380,45216
29380,98615
29380,40584
29380,12242
29380,88161
29380,94363
29380,15718
29380,4177
29380,59054
29380,91374
29380,44313
29380,42635
29380,37654
29380,47003
29380,24353
29380,81927
29380,55814
29380,39809
29380,37212
29380,64757
29380,8669
29380,91314
29380,54466
29380,60670
29380,52905
29380,82639
29380,42819
29380,62943
29380,76900
29380,55319
29380,65295
29380,21026
29380,15566
29380,47187
29380,73704
29380,37840
29380,80842
29380,62293
29380,6594
29380,28136
29380,44976
29380,87505
29380,26638
29380,95265
29380,21334
29380,56747
29380,58159
29380,58617
29380,19147
29380,12237
29380,38589
29380,78665
29380,12407
29380,77942
29380,67009
29380,21683
29380,45770
29380,10353
29380,63620
29380,4925
29380,2584
29380,75529
29380,37787
29380,12599
29380,86833
29380,93507
29380,29704
29380,76145
29380,16758
29380,52708
29380,10188
29380,60549
29380,61238
29380,43081
29380,17185
29380,79138
29380,31910
29380,90034
29380,99757
29380,92966
29380,92282
29380,86447
29380,82704
29380,42374
29380,16219
29380,17930
29380,75733
29380,89096
29380,90808
29380,68532
29380,44128
29380,59530
21926,63867
21926,14340
21926,81332
21926,70434
21926,39079
21926,93944
21926,58914
21926,39080
21926,51055
21926,51451
21926,39274
21926,7697
21926,16897
21926,78983
21926,14531
21926,48721
21926,20562
21926,74853
21926,6
21926,92866
21926,22807
21926,54974
21926,87269
21926,68416
21926,87941
21926,96507
21926,19152
21926,36851
21926,21026
21926,86161
21926,87379
21926,59113
21926,74988
21926,62837
21926,38211
21926,36422
21926,13613
21926,48745
21926,78665
21926,81307
21926,68857
21926,67747
21926,63620
21926,6463
21926,78591
21926,33196
21926,1829
21926,96402
21926,74176
21926,39058
21926,20445
21926,48933
21926,9835
21926,33450
21926,88486
21926,27660
21926,95796
21926,91319
21926,65334
21926,63531
21926,39496
21926,49307
21926,97957
35672,28620
35672,90965
35672,53643
35672,40029
35672,20082
35672,59135
35672,91713
35672,10520
35672,58914
35672,82315
35672,47172
35672,94556
35672,14531
35672,91
35672,47722
35672,12812
35672,9915
35672,19581
35672,92655
35672,27522
35672,64747
35672,62153
35672,48489
35672,22528
35672,21793
35672,28928
35672,99057
35672,91832
35672,4071
35672,51810
35672,94363
35672,15718
35672,42635
35672,37512
35672,73295
35672,81927
35672,13705
35672,85606
35672,19152
35672,15096
35672,76900
35672,65295
35672,21026
35672,73704
35672,78675
35672,48302
35672,76793
35672,76327
35672,35999
35672,56747
35672,70679
35672,58617
35672,19147
35672,99290
35672,61573
35672,11038
35672,68857
35672,63777
35672,37787
35672,37106
35672,74499
35672,73855
35672,13278
35672,69661
35672,49957
35672,74594
35672,45696
35672,68607
35672,65163
35672,90034
35672,84551
35672,4809
35672,12515
35672,99454
35672,9169
35672,66677
35672,51334
35672,90808
35672,46196
35672,33252
35672,1711
39694,57372
39694,14613
39694,2126
39694,14340
39694,79650
39694,44305
39694,91713
39694,26312
39694,62725
39694,82315
39694,36866
39694,22340
39694,73798
39694,91642
39694,65681
39694,88776
39694,3193
39694,66992
39694,39301
39694,17936
39694,9891
39694,6262
39694,85851
39694,19897
39694,32541
39694,37195
39694,84024
39694,97287
39694,34808
39694,49424
39694,63042
39694,98521
39694,39809
39694,8669
39694,15096
39694,42819
39694,95408
39694,71569
39694,35999
39694,44976
39694,95995
39694,44348
39694,58617
39694,6815
39694,60730
39694,57967
39694,94202
39694,37787
39694,85225
39694,97900
39694,8536
39694,56407
39694,92100
39694,18218
39694,17185
39694,42982
39694,21831
39694,85617
39694,30568
39694,73409
39694,99454
39694,53352
39694,30692
39694,66677
39694,21236
39694,80200
39694,44128
5901,97522
5901,73918
5901,63867
5901,79650
5901,70434
5901,7959
5901,58914
5901,69995
5901,51055
5901,46431
5901,62704
5901,89624
5901,48721
5901,80996
5901,70954
5901,39863
5901,74853
5901,84441
5901,22807
5901,57494
5901,3924
5901,54129
5901,80999
5901,54974
5901,5199
5901,82093
5901,95994
5901,113
5901,68416
5901,19152
5901,72364
5901,53770
5901,65295
5901,47187
5901,59113
5901,90219
5901,30170
5901,74988
5901,38211
5901,76511
5901,19147
5901,37372
5901,48745
5901,67747
5901,45506
5901,7536
5901,56407
5901,20445
5901,84098
5901,88089
5901,45696
5901,88486
5901,4809
5901,92282
5901,95796
5901,63531
5901,90307
5901,68532
5901,49307
5901,33470
28987,1064
28987,2885
28987,39885
28987,70994
28987,94791
28987,99710
28987,14613
28987,40029
28987,2126
28987,84178
28987,37624
28987,14340
28987,87030
28987,8980
28987,81332
28987,22517
28987,34874
28987,64451
28987,1272
28987,91713
28987,39824
28987,70434
28987,49372
28987,81015
28987,36458
28987,46461
28987,64417
28987,5957
28987,68556
28987,50015
28987,82315
28987,60211
28987,11153
28987,57289
28987,28105
28987,40875
28987,3617
28987,87239
28987,62704
28987,63014
28987,16897
28987,474
28987,78983
28987,6262
28987,29884
28987,47066
28987,5949
28987,65304
28987,70954
28987,84786
28987,74853
28987,41019
28987,46061
28987,62905
28987,38505
28987,82969
28987,34524
28987,30860
28987,42102
28987,19897
28987,13285
28987,22807
28987,22799
28987,26935
28987,49806
28987,97475
28987,48489
28987,16722
28987,21793
28987,28928
28987,80887
28987,54129
28987,46692
28987,92236
28987,91832
28987,53082
28987,58876
28987,54974
28987,19091
28987,82093
28987,45216
28987,40584
28987,94363
28987,95994
28987,113
28987,53881
28987,37195
28987,24234
28987,42635
28987,16425
28987,63663
28987,71951
28987,19152
28987,20079
28987,46828
28987,53695
28987,95970
28987,9031
28987,91314
28987,54466
28987,60670
28987,11766
28987,72410
28987,36851
28987,13968
28987,11733
28987,39351
28987,34448
28987,15566
28987,9053
28987,47187
28987,81743
28987,99792
28987,36296
28987,90219
28987,62293
28987,95338
28987,95853
28987,48302
28987,76327
28987,26638
28987,84622
28987,95995
28987,42987
28987,21334
28987,30846
28987,97247
28987,85542
28987,8796
28987,56747
28987,38211
28987,30481
28987,36422
28987,3
28987,56359
28987,64039
28987,18165
28987,73973
28987,7339
28987,9239
28987,45925
28987,43946
28987,50307
28987,17354
28987,78665
28987,94730
28987,77841
28987,71663
28987,19851
28987,63777
28987,63620
28987,1674
28987,6463
28987,4312
28987,3101
28987,93507
28987,90546
28987,33196
28987,74499
28987,77844
28987,34076
28987,10188
28987,61238
28987,82741
28987,39310
28987,20445
28987,69661
28987,65896
28987,8697
28987,88486
28987,62826
28987,97754
28987,85617
28987,35093
28987,41543
28987,4809
28987,99473
28987,12515
28987,10424
28987,95796
28987,73409
28987,86447
28987,99454
28987,82704
28987,30692
28987,93387
28987,42374
28987,64575
28987,53056
28987,16219
28987,75733
28987,47458
28987,32666
28987,10059
28987,51334
28987,25838
28987,90808
28987,85528
28987,652
28987,33252
28987,7197
88890,90482
88890,54084
88890,97522
88890,94791
88890,84230
88890,99710
88890,28680
88890,29838
88890,63867
88890,2126
88890,73945
88890,98122
88890,37624
88890,79650
88890,3805
88890,39824
88890,70434
88890,49372
88890,81015
88890,87781
88890,36875
88890,93944
88890,50136
88890,5957
88890,35573
88890,36866
88890,65538
88890,41435
88890,77441
88890,70782
88890,3193
88890,51710
88890,26405
88890,23385
88890,64607
88890,47172
88890,44043
88890,97872
88890,39301
88890,76214
88890,80519
88890,49612
88890,9891
88890,18765
88890,36215
88890,89332
88890,5949
88890,80996
88890,70954
88890,39863
88890,9915
88890,41019
88890,34274
88890,50886
88890,96678
88890,14290
88890,19487
88890,7926
88890,18674
88890,79278
88890,51810
88890,45216
88890,32541
88890,61524
88890,88950
88890,113
88890,53881
88890,91374
88890,34808
88890,16425
88890,87941
88890,25316
88890,66004
88890,55814
88890,47292
88890,20079
88890,67349
88890,53695
88890,82814
88890,37212
88890,79834
88890,9031
88890,10042
88890,96149
88890,15096
88890,42819
88890,36851
88890,21947
88890,16012
88890,55319
88890,65295
88890,88953
88890,86161
88890,72659
88890,59113
88890,39501
88890,39888
88890,26618
88890,99173
88890,69725
88890,6856
88890,38211
88890,30481
88890,58159
88890,58617
88890,76511
88890,56359
88890,6927
88890,36956
88890,22436
88890,2584
88890,57242
88890,72568
88890,60228
88890,97900
88890,90546
88890,82993
88890,60549
88890,74722
88890,18841
88890,58681
88890,13278
88890,20445
88890,69661
88890,42982
88890,90034
88890,84551
88890,27660
88890,91319
88890,18064
88890,99454
88890,37022
88890,64575
88890,9169
88890,78277
88890,16219
88890,90808
88890,5062
88890,652
47225,54084
47225,41477
47225,2885
47225,50797
47225,84230
47225,94649
47225,25155
47225,40029
47225,59135
47225,87030
47225,50306
47225,53548
47225,25310
47225,93944
47225,10564
47225,5957
47225,68556
47225,8287
47225,60979
47225,88384
47225,54857
47225,60211
47225,78373
47225,39491
47225,51451
47225,29923
47225,51678
47225,58143
47225,86807
47225,43461
47225,94556
47225,50055
47225,69711
47225,63866
47225,28429
47225,474
47225,72277
47225,67649
47225,97386
47225,47066
47225,12812
47225,51431
47225,74853
47225,63871
47225,85851
47225,38505
47225,30860
47225,96678
47225,74600
47225,1608
47225,49806
47225,97475
47225,34924
47225,21092
47225,65664
47225,1198
47225,29822
47225,34808
47225,3793
47225,46428
47225,91314
47225,72929
47225,11766
47225,47820
47225,9076
47225,93735
47225,55587
47225,9053
47225,26618
47225,80842
47225,26074
47225,76327
47225,95265
47225,6856
47225,8796
47225,30481
47225,56359
47225,18165
47225,29040
47225,45925
47225,43946
47225,79067
47225,17354
47225,7025
47225,23664
47225,29811
47225,20130
47225,36956
47225,78591
47225,73386
47225,92503
47225,97900
47225,72598
47225,34076
47225,61238
47225,58681
47225,13278
47225,79102
47225,69661
47225,42982
47225,2677
47225,35093
47225,37735
47225,16291
47225,52703
47225,12515
47225,99454
47225,82704
47225,93387
47225,64575
47225,9169
47225,61976
47225,91043
47225,10059
47225,46196
47225,25417
47225,74088
23209,90482
23209,40696
23209,39885
23209,28620
23209,79668
23209,37711
23209,40029
23209,59135
23209,66638
23209,36458
23209,46461
23209,8013
23209,74059
23209,10563
23209,5957
23209,38932
23209,48196
23209,58245
23209,73798
23209,60090
23209,40875
23209,78824
23209,39301
23209,27671
23209,90375
23209,78983
23209,97386
23209,47066
23209,8862
23209,12812
23209,9915
23209,48244
23209,92655
23209,96678
23209,49679
23209,27522
23209,92866
23209,78229
23209,48489
23209,28928
23209,99057
23209,18674
23209,58876
23209,54974
23209,5199
23209,80321
23209,36891
23209,31024
23209,32541
23209,24070
23209,15718
23209,91374
23209,44313
23209,42635
23209,49424
23209,68416
23209,81927
23209,85606
23209,47292
23209,86997
23209,67349
23209,8669
23209,47881
23209,60670
23209,34016
23209,5943
23209,65295
23209,73704
23209,37840
23209,59113
23209,84280
23209,15956
23209,76327
23209,26638
23209,95265
23209,21334
23209,42923
23209,56747
23209,44348
23209,66626
23209,18165
23209,82703
23209,85262
23209,48790
23209,94730
23209,12407
23209,21683
23209,45770
23209,63777
23209,8628
23209,2584
23209,75529
23209,57242
23209,86833
23209,97900
23209,93507
23209,45506
23209,10188
23209,69125
23209,60549
23209,18841
23209,73855
23209,61238
23209,39310
23209,38591
23209,40557
23209,49957
23209,29290
23209,74594
23209,79138
23209,45696
23209,87993
23209,88486
23209,65163
23209,85038
23209,99473
23209,92282
23209,12515
23209,35240
23209,42374
23209,9169
23209,7137
23209,19794
23209,17930
23209,39496
23209,1318
23209,46196
23209,94637
23209,652
23209,10958
58756,28680
58756,57372
58756,695
58756,63867
58756,40029
58756,59121
58756,16021
58756,43092
58756,1503
58756,92369
58756,39983
58756,95763
58756,35573
58756,58424
58756,78428
58756,11125
58756,63014
58756,43461
58756,69711
58756,44582
58756,13914
58756,90375
58756,49612
58756,6262
58756,47066
58756,98151
58756,62905
58756,84441
58756,1836
58756,13512
58756,27254
58756,88855
58756,27199
58756,3924
58756,21092
58756,43003
58756,72188
58756,29358
58756,12906
58756,96472
58756,42635
58756,81927
58756,91314
58756,14425
58756,26761
58756,88953
58756,9588
58756,47187
58756,14299
58756,48302
58756,28136
58756,38211
58756,63028
58756,7339
58756,79589
58756,4027
58756,77841
58756,10692
58756,12333
58756,4312
58756,18882
58756,4232
58756,16758
58756,49942
58756,77844
58756,1829
58756,11238
58756,66713
58756,33249
58756,39310
58756,89249
58756,30692
58756,19794
58756,66677
58756,1318
58756,80686
58756,52110
53710,54084
53710,97522
53710,46602
53710,70994
53710,94649
53710,17253
53710,99710
53710,79668
53710,28680
53710,25155
53710,37605
53710,63867
53710,29759
53710,49558
53710,40029
53710,2126
53710,14210
53710,73945
53710,79650
53710,44305
53710,10428
53710,66638
53710,39824
53710,36458
53710,46461
53710,20460
53710,10520
53710,10564
53710,50802
53710,64417
53710,43652
53710,58424
53710,96937
53710,6510
53710,29210
53710,72149
53710,88384
53710,59292
53710,76017
53710,69995
53710,50015
53710,36162
53710,36866
53710,60211
53710,78428
53710,51846
53710,65681
53710,78373
53710,51055
53710,37570
53710,22648
53710,46431
53710,51710
53710,2418
53710,68169
53710,13748
53710,10079
53710,97872
53710,39301
53710,44672
53710,2820
53710,76214
53710,90375
53710,72277
53710,17936
53710,14531
53710,18765
53710,47722
53710,97386
53710,71870
53710,34053
53710,54361
53710,30205
53710,74853
53710,46061
53710,48244
53710,62905
53710,82969
53710,34524
53710,30860
53710,78765
53710,84059
53710,14421
53710,63112
53710,21793
53710,96691
53710,14290
53710,19487
53710,99057
53710,91832
53710,53082
53710,65432
53710,4071
53710,65746
53710,65664
53710,51810
53710,18030
53710,34523
53710,29358
53710,31024
53710,32541
53710,98615
53710,40584
53710,24070
53710,87269
53710,15889
53710,53881
53710,4177
53710,75920
53710,29822
53710,42635
53710,37654
53710,63663
53710,49424
53710,68416
53710,73295
53710,59114
53710,56254
53710,24353
53710,48756
53710,81927
53710,55814
53710,13705
53710,19152
53710,84822
53710,72364
53710,29982
53710,67349
53710,64757
53710,58660
53710,47212
53710,79870
53710,19028
53710,4272
53710,65295
53710,39351
53710,55639
53710,21026
53710,15566
53710,87456
53710,59113
53710,14240
53710,26618
53710,90219
53710,95338
53710,95853
53710,6594
53710,75375
53710,3588
53710,28136
53710,15956
53710,70254
53710,69725
53710,38798
53710,30481
53710,58159
53710,70679
53710,56359
53710,18165
53710,73973
53710,50519
53710,29040
53710,82703
53710,6927
53710,6815
53710,50307
53710,48745
53710,61025
53710,17354
53710,78665
53710,77964
53710,29811
53710,60730
53710,59783
53710,71663
53710,20130
53710,81307
53710,77942
53710,67009
53710,10692
53710,19851
53710,10353
53710,44244
53710,21855
53710,37787
53710,73386
53710,92503
53710,93507
53710,76145
53710,16758
53710,34076
53710,1829
53710,18841
53710,51097
53710,66713
53710,96402
53710,58681
53710,92100
53710,82741
53710,79102
53710,33249
53710,49957
53710,62826
53710,65163
53710,97754
53710,31910
53710,85617
53710,18808
53710,72466
53710,24072
53710,96211
53710,16216
53710,91319
53710,13373
53710,99454
53710,35240
53710,89249
53710,37022
53710,73873
53710,42374
53710,64575
53710,13395
53710,90650
53710,16219
53710,90085
53710,75733
53710,47458
53710,32666
53710,10059
53710,39496
53710,35079
53710,1318
53710,5062
53710,52110
53710,44128
2356,39243
2356,50797
2356,99322
2356,84178
2356,59135
2356,77939
2356,34874
2356,70434
2356,46461
2356,50136
2356,58424
2356,69995
2356,24848
2356,9150
2356,77441
2356,2820
2356,13148
2356,30614
2356,41019
2356,48244
2356,21230
2356,13285
2356,2500
2356,97475
2356,83163
2356,91832
2356,54974
2356,19091
2356,98615
2356,1198
2356,28495
2356,48898
2356,96507
2356,84822
2356,82814
2356,52905
2356,42819
2356,14765
2356,87379
2356,39888
2356,93464
2356,14299
2356,28136
2356,58578
2356,21334
2356,42923
2356,58159
2356,10513
2356,57782
2356,43746
2356,48609
2356,1674
2356,90546
2356,34076
2356,69125
2356,18841
2356,17185
2356,16291
2356,10424
82614,1064
82614,39243
82614,50797
82614,70994
82614,53926
82614,69909
82614,99322
82614,99710
82614,79668
82614,57372
82614,6420
82614,73945
82614,50306
82614,43092
82614,44305
82614,3805
82614,72594
82614,66638
82614,30965
82614,49372
82614,36458
82614,53548
82614,87781
82614,38335
82614,95594
82614,59176
82614,50136
82614,46068
82614,60979
82614,58914
82614,72149
82614,42452
82614,36866
82614,73798
82614,26165
82614,62803
82614,47172
82614,3003
82614,13914
82614,13148
82614,3228
82614,18765
82614,29884
82614,34053
82614,70954
82614,66326
82614,9915
82614,66501
82614,48244
82614,85851
82614,65271
82614,13512
82614,3086
82614,30719
82614,86289
82614,23594
82614,74600
82614,70282
82614,92866
82614,23525
82614,84059
82614,28928
82614,36854
82614,65432
82614,54974
82614,51810
82614,18030
82614,19091
82614,80321
82614,36891
82614,82093
82614,31024
82614,86538
82614,98615
82614,88161
82614,94363
82614,28495
82614,40753
82614,97287
82614,34808
82614,37512
82614,94691
82614,24353
82614,55814
82614,13705
82614,39809
82614,29982
82614,46828
82614,53695
82614,82814
82614,9031
82614,58660
82614,60670
82614,34016
82614,11733
82614,4272
82614,9588
82614,73704
82614,28935
82614,59817
82614,39501
82614,39888
82614,99792
82614,45841
82614,90219
82614,47884
82614,63297
82614,6594
82614,28136
82614,35999
82614,44976
82614,70254
82614,95995
82614,42987
82614,38798
82614,44348
82614,58159
82614,66626
82614,10513
82614,56359
82614,19147
82614,99290
82614,7339
82614,6927
82614,31580
82614,13613
82614,57782
82614,45185
82614,57967
82614,94202
82614,67009
82614,10353
82614,48609
82614,78177
82614,59844
82614,4232
82614,86833
82614,72568
82614,3913
82614,49233
82614,82993
82614,1829
82614,51097
82614,56407
82614,92100
82614,28112
82614,17185
82614,20445
82614,40557
82614,69661
82614,88089
82614,29290
82614,21831
82614,62826
82614,31910
82614,85617
82614,2677
82614,4809
82614,27660
82614,92282
82614,73409
82614,65334
82614,99454
82614,82704
82614,63531
82614,53352
82614,10059
82614,51334
82614,21236
82614,80200
82614,7197
91736,57372
91736,25155
91736,65887
91736,88731
91736,36078
91736,73945
91736,90113
91736,59135
91736,87030
91736,79650
91736,3805
91736,49372
91736,81015
91736,25310
91736,1795
91736,58424
91736,39080
91736,29923
91736,51678
91736,28429
91736,51431
91736,71346
91736,63871
91736,92548
91736,1332
91736,19897
91736,17740
91736,97475
91736,91832
91736,11158
91736,1198
91736,113
91736,59063
91736,42635
91736,34808
91736,81927
91736,96507
91736,53695
91736,6525
91736,11766
91736,11733
91736,36296
91736,95338
91736,78995
91736,12104
91736,9239
91736,29040
91736,90275
91736,71663
91736,19851
91736,3101
91736,97900
91736,93507
91736,61238
91736,84135
91736,13278
91736,82741
91736,42982
91736,16291
91736,86447
91736,10958
41844,40696
41844,94649
41844,28680
41844,50306
41844,64451
41844,53548
41844,25310
41844,93944
41844,10564
41844,50802
41844,64417
41844,29210
41844,36162
41844,92155
41844,51055
41844,37570
41844,51451
41844,26405
41844,86807
41844,43461
41844,7685
41844,27671
41844,67649
41844,80996
41844,82969
41844,96678
41844,74600
41844,34924
41844,65432
41844,65664
41844,18030
41844,81052
41844,15889
41844,75920
41844,34808
41844,3793
41844,24353
41844,48756
41844,96507
41844,58951
41844,91314
41844,72929
41844,62943
41844,76900
41844,28935
41844,59817
41844,45841
41844,80842
41844,26074
41844,62293
41844,95853
41844,2997
41844,8796
41844,66626
41844,63028
41844,99290
41844,28714
41844,43946
41844,17354
41844,78665
41844,77942
41844,12599
41844,67921
41844,79102
41844,8697
41844,97567
41844,24072
41844,91043
27500,84844
27500,40696
27500,41477
27500,39885
27500,70994
27500,12999
27500,73918
27500,32818
27500,57372
27500,37711
27500,65887
27500,15989
27500,91845
27500,63867
27500,49558
27500,37624
27500,20082
27500,61726
27500,22517
27500,3805
27500,34874
27500,66638
27500,89592
27500,69995
27500,82315
27500,73445
27500,22340
27500,92155
27500,11125
27500,78824
27500,23385
27500,86807
27500,26030
27500,62707
27500,44672
27500,98684
27500,47722
27500,48721
27500,28110
27500,12812
27500,39863
27500,30205
27500,74853
27500,43875
27500,62905
27500,3086
27500,34524
27500,86289
27500,21230
27500,49679
27500,43175
27500,62153
27500,97475
27500,34924
27500,14421
27500,74365
27500,3924
27500,36838
27500,54129
27500,83163
27500,99162
27500,43003
27500,33181
27500,58876
27500,5199
27500,19091
27500,29358
27500,66075
27500,31024
27500,86538
27500,45216
27500,71128
27500,12906
27500,28495
27500,53881
27500,48898
27500,15718
27500,91374
27500,48430
27500,50883
27500,98521
27500,26261
27500,47292
27500,82814
27500,37212
27500,46428
27500,6525
27500,91314
27500,47881
27500,52905
27500,79870
27500,34016
27500,21036
27500,5943
27500,14765
27500,47820
27500,21026
27500,81743
27500,26618
27500,20149
27500,62293
27500,14299
27500,76793
27500,84622
27500,95265
27500,30846
27500,56747
27500,44348
27500,84083
27500,18165
27500,77841
27500,57967
27500,67009
27500,10692
27500,45770
27500,11038
27500,76147
27500,8628
27500,75529
27500,3101
27500,92503
27500,62789
27500,8536
27500,45506
27500,7536
27500,84135
27500,38591
27500,20445
27500,29290
27500,45696
27500,88486
27500,2677
27500,35093
27500,84551
27500,16291
27500,16216
27500,18064
27500,13373
27500,30692
27500,37022
27500,80572
27500,35079
27500,25838
27500,46196
27500,33252
27500,74888
27500,33470
27500,59530
94996,12376
94996,90482
94996,1064
94996,46602
94996,50797
94996,94791
94996,53926
94996,84230
94996,17253
94996,99710
94996,53643
94996,28680
94996,57372
94996,65887
94996,15989
94996,49558
94996,36078
94996,84178
94996,94916
94996,14340
94996,64416
94996,22517
94996,34874
94996,83129
94996,55515
94996,1272
94996,36458
94996,39983
94996,53548
94996,69427
94996,11960
94996,78355
94996,10564
94996,22048
94996,8287
94996,46068
94996,47260
94996,7959
94996,76017
94996,60388
94996,50015
94996,42452
94996,36866
94996,73445
94996,22340
94996,73733
94996,92155
94996,39080
94996,57289
94996,65681
94996,51451
94996,4731
94996,46431
94996,88776
94996,77441
94996,60090
94996,26165
94996,13748
94996,26405
94996,87239
94996,62704
94996,44043
94996,26030
94996,44582
94996,76214
94996,78983
94996,49612
94996,16081
94996,29884
94996,34053
94996,68964
94996,66326
94996,98151
94996,62905
94996,65271
94996,6346
94996,27254
94996,30860
94996,42102
94996,30719
94996,86289
94996,96678
94996,21230
94996,17740
94996,92866
94996,13285
94996,57494
94996,2500
94996,62153
94996,48489
94996,54129
94996,19487
94996,18674
94996,21092
94996,54974
94996,5199
94996,19091
94996,29358
94996,36891
94996,82093
94996,31024
94996,32541
94996,71128
94996,89459
94996,25706
94996,53881
94996,37195
94996,48898
94996,91374
94996,34808
94996,3793
94996,49424
94996,59114
94996,62444
94996,66004
94996,98521
94996,39809
94996,74421
94996,86997
94996,67349
94996,6816
94996,91314
94996,47212
94996,52905
94996,42819
94996,11733
94996,19028
94996,55319
94996,9588
94996,49068
94996,72659
94996,9053
94996,73704
94996,53495
94996,59817
94996,78675
94996,36296
94996,62293
94996,14299
94996,35999
94996,99173
94996,44976
94996,26638
94996,78995
94996,69725
94996,30846
94996,62837
94996,30481
94996,44348
94996,99290
94996,27266
94996,7339
94996,9239
94996,45925
94996,43946
94996,6815
94996,6090
94996,50307
94996,13613
94996,44949
94996,78665
94996,43746
94996,51956
94996,28799
94996,59783
94996,81307
94996,77942
94996,24497
94996,19851
94996,67747
94996,1674
94996,21855
94996,4232
94996,3101
94996,92503
94996,72568
94996,60228
94996,17736
94996,29704
94996,3913
94996,55184
94996,74499
94996,16758
94996,67921
94996,69125
94996,74722
94996,1829
94996,55334
94996,58681
94996,20445
94996,84098
94996,8697
94996,998
94996,31910
94996,90034
94996,85617
94996,2677
94996,85038
94996,99473
94996,30568
94996,16216
94996,27660
94996,92282
94996,10424
94996,73409
94996,13373
94996,30692
94996,37022
94996,64575
94996,61976
94996,53056
94996,90085
94996,66677
94996,65114
94996,5062
94996,49307
94996,74088
94996,33252
94996,74888
94996,44128
94996,7197
94996,97957
93125,46602
93125,70994
93125,695
93125,49558
93125,59121
93125,37624
93125,79650
93125,8980
93125,43092
93125,44305
93125,91713
93125,49372
93125,39983
93125,78355
93125,20460
93125,95763
93125,95594
93125,93944
93125,5957
93125,58424
93125,58914
93125,88384
93125,62725
93125,41190
93125,39491
93125,70782
93125,3193
93125,51710
93125,26030
93125,83365
93125,39301
93125,44672
93125,17936
93125,18765
93125,29884
93125,5949
93125,63951
93125,80996
93125,42451
93125,65271
93125,92655
93125,6
93125,64775
93125,23525
93125,84059
93125,51181
93125,36854
93125,34523
93125,66075
93125,31024
93125,24070
93125,15889
93125,24234
93125,59063
93125,42635
93125,42723
93125,49424
93125,73295
93125,87941
93125,81927
93125,86997
93125,29982
93125,46828
93125,15096
93125,26544
93125,53770
93125,39383
93125,90219
93125,6594
93125,48302
93125,28136
93125,38211
93125,84083
93125,70600
93125,43946
93125,50307
93125,13613
93125,78665
93125,6463
93125,21855
93125,37787
93125,4312
93125,18882
93125,4232
93125,12599
93125,62789
93125,97900
93125,8536
93125,17736
93125,82993
93125,77844
93125,51097
93125,57589
93125,45696
93125,61825
93125,27660
93125,13373
93125,73873
93125,52638
93125,91043
93125,89642
93125,51334
93125,64597
93125,49307
93125,52110
93125,44128
93125,59530
93125,97957
26969,40696
26969,41477
26969,12999
26969,53926
26969,90965
26969,17253
26969,53643
26969,65887
26969,15989
26969,59121
26969,14340
26969,59135
26969,87030
26969,50306
26969,81332
26969,77939
26969,22517
26969,83129
26969,1272
26969,81015
26969,51625
26969,70392
26969,82241
26969,46461
26969,69427
26969,11960
26969,95763
26969,95594
26969,69995
26969,50015
26969,82315
26969,36866
26969,60211
26969,9150
26969,39080
26969,39491
26969,22648
26969,46431
26969,77441
26969,70782
26969,3617
26969,68169
26969,26405
26969,7697
26969,58143
26969,86807
26969,94556
26969,50055
26969,97893
26969,98684
26969,90375
26969,474
26969,17936
26969,14531
26969,49612
26969,47066
26969,65304
26969,74853
26969,98151
26969,65271
26969,92655
26969,3086
26969,27254
26969,42102
26969,86289
26969,74600
26969,22807
26969,2500
26969,16722
26969,96691
26969,14290
26969,36838
26969,19091
26969,86538
26969,25706
26969,95994
26969,75920
26969,42635
26969,37654
26969,37512
26969,73295
26969,87941
26969,96507
26969,59338
26969,86997
26969,37212
26969,89757
26969,6525
26969,82847
26969,57173
26969,15096
26969,82639
26969,42819
26969,26544
26969,14765
26969,11733
26969,4272
26969,65295
26969,87379
26969,47187
26969,73704
26969,59817
26969,39888
26969,84280
26969,45841
26969,90219
26969,80842
26969,93464
26969,2997
26969,35999
26969,87505
26969,42923
26969,38211
26969,58159
26969,66626
26969,3
26969,19147
26969,99290
26969,82703
26969,13613
26969,57782
26969,94730
26969,28799
26969,81307
26969,67009
26969,67747
26969,6463
26969,78177
26969,2584
26969,3101
26969,29704
26969,45506
26969,52708
26969,10188
26969,7536
26969,74722
26969,18841
26969,73855
26969,55334
26969,13278
26969,82741
26969,43081
26969,39310
26969,18218
26969,28112
26969,39058
26969,20445
26969,69661
26969,49957
26969,29290
26969,33450
26969,42982
26969,88486
26969,998
26969,65163
26969,90034
26969,35093
26969,84551
26969,99473
26969,30568
26969,96211
26969,92282
26969,99454
26969,89249
26969,37022
26969,42374
26969,9169
26969,7137
26969,90650
26969,80572
26969,1318
26969,85528
26969,74088
26969,33252
26969,33470
26969,1711
26969,59530
11779,54084
11779,70994
11779,32818
11779,96311
11779,43561
11779,14613
11779,20082
11779,59135
11779,79650
11779,43092
11779,95607
11779,7612
11779,22517
11779,34874
11779,51625
11779,69427
11779,95594
11779,10520
11779,64417
11779,8013
11779,76581
11779,5957
11779,47260
11779,60979
11779,58914
11779,69995
11779,36162
11779,58245
11779,73798
11779,73733
11779,78373
11779,39491
11779,22648
11779,60090
11779,3617
11779,62803
11779,68169
11779,7697
11779,94556
11779,82739
11779,98684
11779,29884
11779,48721
11779,28110
11779,9915
11779,13875
11779,13512
11779,64775
11779,96678
11779,49679
11779,62153
11779,16722
11779,14421
11779,63112
11779,22528
11779,36838
11779,75147
11779,99057
11779,54974
11779,51810
11779,66075
11779,45216
11779,89459
11779,61524
11779,7021
11779,75920
11779,59054
11779,97287
11779,42635
11779,37512
11779,70511
11779,98521
11779,85606
11779,19152
11779,84822
11779,37212
11779,8669
11779,91314
11779,47212
11779,13968
11779,11733
11779,65295
11779,47820
11779,86161
11779,47187
11779,73704
11779,84280
11779,20149
11779,90219
11779,47884
11779,62293
11779,93464
11779,95995
11779,85542
11779,62837
11779,63028
11779,29040
11779,57837
11779,48745
11779,61025
11779,78665
11779,45185
11779,61573
11779,94202
11779,63620
11779,6463
11779,76147
11779,4312
11779,57242
11779,37106
11779,74499
11779,34076
11779,56489
11779,55334
11779,28112
11779,39058
11779,48933
11779,2677
11779,24072
11779,16216
11779,95796
11779,86447
11779,99454
11779,35240
11779,52638
11779,80572
11779,47458
11779,20515
11779,68532
11779,94637
11779,49307
11779,7197
91273,84844
91273,41477
91273,2885
91273,90965
91273,94649
91273,79668
91273,91845
91273,40029
91273,43735
91273,37624
91273,94916
91273,50306
91273,44305
91273,3805
91273,64451
91273,1272
91273,92369
91273,81015
91273,46159
91273,39983
91273,49983
91273,7959
91273,59292
91273,76017
91273,78373
91273,39491
91273,4731
91273,11125
91273,77441
91273,70782
91273,62803
91273,64607
91273,58143
91273,27671
91273,48721
91273,5949
91273,39863
91273,1862
91273,7315
91273,34274
91273,42102
91273,96678
91273,49679
91273,1608
91273,84059
91273,74365
91273,21793
91273,14290
91273,19487
91273,65664
91273,82093
91273,81052
91273,12138
91273,15718
91273,84595
91273,24234
91273,16425
91273,63663
91273,13705
91273,20079
91273,91314
91273,18276
91273,57173
91273,34016
91273,42819
91273,5943
91273,36851
91273,13968
91273,16012
91273,39383
91273,47820
91273,88953
91273,41473
91273,92622
91273,78675
91273,95853
91273,71569
91273,26638
91273,6856
91273,78374
91273,85542
91273,8796
91273,56747
91273,83902
91273,18165
91273,27266
91273,6090
91273,45185
91273,77964
91273,81307
91273,62224
91273,19851
91273,75529
91273,78591
91273,8536
91273,3913
91273,90546
91273,74499
91273,55334
91273,33249
91273,9835
91273,37735
91273,99757
91273,65334
91273,64575
91273,91043
91273,13395
91273,89642
91273,47458
91273,10059
91273,89967
91273,5062
91273,25417
91273,10958
91273,74888
91273,33470
6255,2126
6255,14340
6255,8980
6255,50306
6255,87781
6255,50015
6255,42452
6255,30083
6255,4731
6255,11125
6255,46431
6255,39274
6255,40875
6255,97893
6255,14531
6255,48721
6255,39863
6255,66501
6255,13512
6255,27254
6255,92866
6255,26935
6255,7926
6255,29358
6255,82093
6255,40584
6255,87269
6255,95994
6255,37195
6255,75920
6255,68416
6255,87941
6255,84822
6255,72364
6255,61309
6255,58660
6255,36851
6255,47187
6255,39501
6255,45841
6255,85542
6255,79067
6255,78665
6255,7025
6255,28799
6255,81307
6255,29704
6255,72270
6255,74722
6255,96402
6255,74176
6255,28112
6255,38591
6255,20445
6255,9835
6255,21831
6255,65163
6255,2677
6255,27660
6255,95796
6255,91319
6255,93387
6255,42374
6255,90650
6255,90307
6255,89096
6255,39496
6255,85528
6255,30776
6255,74088
6255,33470
12534,90482
12534,97522
12534,94791
12534,12999
12534,53926
12534,90965
12534,69909
12534,84230
12534,94649
12534,11003
12534,53643
12534,6420
12534,29838
12534,37711
12534,40029
12534,73945
12534,79650
12534,8980
12534,3545
12534,41448
12534,55515
12534,70434
12534,36458
12534,53548
12534,38578
12534,78355
12534,25310
12534,8013
12534,5957
12534,8287
12534,58424
12534,60979
12534,29210
12534,50015
12534,24848
12534,22340
12534,9150
12534,57289
12534,78373
12534,51055
12534,13748
12534,64607
12534,47172
12534,63014
12534,89624
12534,97872
12534,82739
12534,44672
12534,72277
12534,80519
12534,30614
12534,36215
12534,89332
12534,8862
12534,65304
12534,68964
12534,39863
12534,43875
12534,31336
12534,13875
12534,6346
12534,1836
12534,6
12534,34524
12534,19897
12534,96678
12534,49679
12534,85293
12534,26935
12534,1608
12534,63112
12534,74365
12534,43003
12534,65432
12534,5199
12534,98615
12534,40584
12534,87269
12534,12906
12534,25706
12534,12138
12534,84595
12534,24234
12534,96472
12534,13122
12534,50883
12534,81927
12534,55814
12534,19152
12534,84822
12534,72364
12534,95970
12534,46428
12534,64757
12534,6525
12534,54466
12534,47881
12534,15096
12534,52905
12534,62943
12534,21947
12534,11733
12534,14425
12534,53770
12534,93735
12534,21026
12534,26761
12534,72659
12534,73704
12534,28935
12534,39501
12534,80842
12534,93464
12534,30170
12534,28136
12534,44976
12534,85542
12534,62837
12534,38211
12534,70679
12534,36422
12534,76511
12534,19147
12534,10343
12534,37372
12534,70600
12534,79589
12534,50307
12534,7025
12534,94730
12534,28799
12534,77841
12534,12407
12534,62224
12534,10692
12534,6463
12534,78177
12534,37787
12534,98306
12534,18882
12534,59844
12534,72568
12534,76145
12534,90546
12534,72270
12534,77844
12534,56489
12534,56407
12534,74176
12534,39058
12534,28282
12534,84098
12534,69661
12534,87993
12534,42982
12534,61825
12534,998
12534,35093
12534,99757
12534,30568
12534,91319
12534,86447
12534,82704
12534,63531
12534,93387
12534,36323
12534,42374
12534,19794
12534,16219
12534,89642
12534,80572
12534,35079
12534,90808
12534,1318
12534,5062
12534,697
12534,94637
12534,33252
12534,33470
12534,80200
33294,40696
33294,41477
33294,39243
33294,39885
33294,46602
33294,99322
33294,32818
33294,28680
33294,6420
33294,25155
33294,29838
33294,43561
33294,65887
33294,40029
33294,73945
33294,37624
33294,87030
33294,8980
33294,77939
33294,87810
33294,66638
33294,1272
33294,30965
33294,70434
33294,38578
33294,78355
33294,20460
33294,95594
33294,59176
33294,10520
33294,10564
33294,64417
33294,24302
33294,5957
33294,68556
33294,1795
33294,96937
33294,6510
33294,76017
33294,69995
33294,22340
33294,9150
33294,41190
33294,39491
33294,4731
33294,46431
33294,40875
33294,10079
33294,69711
33294,97893
33294,82739
33294,16897
33294,62707
33294,44672
33294,7685
33294,2820
33294,29628
33294,90375
33294,80519
33294,67649
33294,30614
33294,91
33294,16081
33294,97386
33294,47066
33294,46099
33294,51431
33294,71346
33294,1862
33294,9915
33294,43875
33294,66501
33294,31336
33294,19581
33294,48244
33294,13512
33294,92548
33294,82969
33294,93016
33294,1332
33294,30719
33294,21230
33294,78765
33294,23594
33294,27522
33294,22807
33294,85293
33294,22799
33294,2500
33294,65472
33294,97475
33294,82707
33294,16722
33294,80887
33294,51181
33294,19487
33294,75147
33294,18674
33294,21092
33294,53082
33294,65432
33294,54974
33294,18030
33294,11158
33294,31024
33294,86538
33294,40584
33294,71128
33294,81052
33294,12242
33294,88950
33294,53881
33294,48391
33294,7021
33294,4177
33294,84595
33294,24234
33294,59054
33294,40753
33294,34808
33294,59114
33294,98521
33294,84822
33294,48612
33294,9031
33294,6525
33294,91314
33294,68658
33294,18276
33294,57173
33294,79870
33294,21036
33294,72410
33294,5943
33294,62943
33294,4272
33294,9076
33294,55587
33294,72659
33294,87456
33294,37840
33294,28935
33294,29682
33294,39888
33294,26618
33294,45841
33294,36296
33294,95338
33294,6594
33294,76793
33294,74988
33294,84622
33294,42987
33294,97247
33294,38798
33294,44348
33294,70679
33294,76511
33294,84083
33294,3
33294,56359
33294,19147
33294,28714
33294,50519
33294,82703
33294,45925
33294,31580
33294,6090
33294,13613
33294,17354
33294,45185
33294,43746
33294,29811
33294,77942
33294,61326
33294,67009
33294,45770
33294,19851
33294,10353
33294,22436
33294,63777
33294,48609
33294,1674
33294,6463
33294,2584
33294,78591
33294,62789
33294,33196
33294,74499
33294,45506
33294,60549
33294,56407
33294,84135
33294,18445
33294,57589
33294,13278
33294,79102
33294,18218
33294,17185
33294,40557
33294,74594
33294,87993
33294,8697
33294,68607
33294,61825
33294,31910
33294,72466
33294,99757
33294,99473
33294,16291
33294,52703
33294,13373
33294,63531
33294,53352
33294,42374
33294,61976
33294,7137
33294,90307
33294,90085
33294,88311
33294,66677
33294,65114
33294,89967
33294,35079
33294,46196
33294,85528
33294,68532
33294,652
33294,33470
33294,7197
1303,84844
1303,41477
1303,39243
1303,2885
1303,70994
1303,90965
1303,28680
1303,73945
1303,59121
1303,7612
1303,66638
1303,79095
1303,50136
1303,5957
1303,60979
1303,50426
1303,13914
1303,49612
1303,36215
1303,29884
1303,63951
1303,54361
1303,6346
1303,30719
1303,86289
1303,90997
1303,78229
1303,74365
1303,3924
1303,43003
1303,51810
1303,80321
1303,32541
1303,88161
1303,15718
1303,37654
1303,48430
1303,55814
1303,6816
1303,54466
1303,60670
1303,11766
1303,55319
1303,72659
1303,9053
1303,95853
1303,78995
1303,12104
1303,8796
1303,45925
1303,85262
1303,24497
1303,75529
1303,85225
1303,37106
1303,60228
1303,8536
1303,93507
1303,3913
1303,45506
1303,18841
1303,92100
1303,43081
1303,40557
1303,88089
1303,97754
1303,92282
1303,10424
1303,13373
1303,82704
1303,73539
1303,52638
1303,88311
1303,17930
1303,5062
1303,68532
1303,94637
1303,52110
46100,84844
46100,46602
46100,53926
46100,90965
46100,73918
46100,17253
46100,79668
46100,43561
46100,59121
46100,14340
46100,79650
46100,8980
46100,1503
46100,36458
46100,53548
46100,39079
46100,95594
46100,50136
46100,74059
46100,38932
46100,22048
46100,88384
46100,62725
46100,36162
46100,36866
46100,73445
46100,41190
46100,39491
46100,51451
46100,4731
46100,77441
46100,10079
46100,69711
46100,13914
46100,80519
46100,18765
46100,65304
46100,54361
46100,42451
46100,74853
46100,46061
46100,6346
46100,6
46100,42102
46100,43175
46100,63112
46100,28928
46100,19091
46100,36891
46100,31024
46100,24070
46100,71128
46100,87269
46100,95994
46100,113
46100,37195
46100,42723
46100,47003
46100,70511
46100,48430
46100,50883
46100,55814
46100,47292
46100,19152
46100,84822
46100,72364
46100,86997
46100,48612
46100,29982
46100,95970
46100,58660
46100,82847
46100,15096
46100,11733
46100,55319
46100,86161
46100,9588
46100,72659
46100,9053
46100,92622
46100,15956
46100,74988
46100,42923
46100,8796
46100,70679
46100,9239
46100,12237
46100,79067
46100,78665
46100,48790
46100,94730
46100,12407
46100,36956
46100,24497
46100,68857
46100,67747
46100,4925
46100,75529
46100,12599
46100,3913
46100,45506
46100,69125
46100,7536
46100,74722
46100,84135
46100,96402
46100,74176
46100,28112
46100,69661
46100,45696
46100,998
46100,65163
46100,35093
46100,16291
46100,95796
46100,65334
46100,13373
46100,63531
46100,36323
46100,42374
46100,52638
46100,91043
46100,16219
46100,17930
46100,39496
46100,46196
46100,74088
46100,74888
46100,7197
13488,84844
13488,54084
13488,57372
13488,3545
13488,91713
13488,30965
13488,70392
13488,11960
13488,92155
13488,4731
13488,47172
13488,58143
13488,27671
13488,97386
13488,9915
13488,48244
13488,97323
13488,24548
13488,64747
13488,21793
13488,96691
13488,58876
13488,86538
13488,113
13488,48391
13488,15718
13488,13705
13488,47292
13488,89757
13488,58660
13488,5943
13488,76900
13488,21026
13488,26761
13488,26618
13488,62293
13488,6594
13488,2997
13488,99290
13488,70600
13488,82703
13488,57837
13488,6090
13488,94730
13488,57967
13488,62224
13488,21683
13488,45770
13488,67747
13488,78591
13488,57242
13488,76145
13488,74499
13488,34076
13488,61238
13488,13278
13488,38591
13488,35093
13488,4809
13488,85038
13488,16216
13488,86447
13488,99454
13488,89249
13488,53056
13488,51334
13488,25838
13488,90808
13488,46196
13488,5062
13488,652
13488,1711
52842,53926
52842,90965
52842,73918
52842,94649
52842,17253
52842,99710
52842,11003
52842,28680
52842,57372
52842,96311
52842,88731
52842,84178
52842,94916
52842,14340
52842,59135
52842,50306
52842,64416
52842,3805
52842,41448
52842,30965
52842,92369
52842,38335
52842,95594
52842,24302
52842,49983
52842,76581
52842,43652
52842,10563
52842,58424
52842,62725
52842,59292
52842,58245
52842,39080
52842,41435
52842,70782
52842,39274
52842,3193
52842,51710
52842,62704
52842,43461
52842,26030
52842,97893
52842,44672
52842,90375
52842,78983
52842,14531
52842,6262
52842,36215
52842,89332
52842,65304
52842,1862
52842,66501
52842,98151
52842,38505
52842,27254
52842,25460
52842,74600
52842,78229
52842,88855
52842,34924
52842,16722
52842,14421
52842,21793
52842,51181
52842,99162
52842,4071
52842,58876
52842,31024
52842,40584
52842,81052
52842,15889
52842,25706
52842,48391
52842,12138
52842,7021
52842,75920
52842,29822
52842,96472
52842,84024
52842,3793
52842,73295
52842,62444
52842,73346
52842,66004
52842,26261
52842,55814
52842,72364
52842,20079
52842,46828
52842,67349
52842,53695
52842,68658
52842,10042
52842,57173
52842,42819
52842,21947
52842,39383
52842,93735
52842,86161
52842,15566
52842,81743
52842,41473
52842,26618
52842,70167
52842,95853
52842,6594
52842,18845
52842,26638
52842,42987
52842,85542
52842,38798
52842,38211
52842,36422
52842,58617
52842,84083
52842,83902
52842,19147
52842,64039
52842,27266
52842,70600
52842,38589
52842,57837
52842,50307
52842,45185
52842,28799
52842,59783
52842,81307
52842,24497
52842,22436
52842,67747
52842,48609
52842,76147
52842,90546
52842,16758
52842,67921
52842,49942
52842,7536
52842,60549
52842,66713
52842,74176
52842,33249
52842,28112
52842,84098
52842,8697
52842,21831
52842,97754
52842,99757
52842,96211
52842,92282
52842,73409
52842,18064
52842,86447
52842,13373
52842,82704
52842,53352
52842,37022
52842,93387
52842,73539
52842,91043
52842,78277
52842,19794
52842,75733
52842,39496
52842,35079
52842,51334
52842,90808
52842,85528
52842,10958
52842,33252
52842,52110
52842,33470
52842,59530
52842,7197
52842,97957
634,84844
634,41477
634,70994
634,28680
634,96311
634,65887
634,49558
634,14210
634,73945
634,59121
634,81332
634,3805
634,36458
634,53548
634,38578
634,79095
634,95763
634,10564
634,10563
634,8287
634,88384
634,60388
634,82315
634,9150
634,65681
634,41190
634,88776
634,78824
634,62803
634,47172
634,43461
634,26030
634,69711
634,13914
634,29628
634,90375
634,36215
634,29884
634,97386
634,5949
634,54361
634,70954
634,42451
634,74853
634,9915
634,41019
634,6346
634,96678
634,49679
634,23594
634,74600
634,13285
634,1608
634,3924
634,28928
634,99057
634,91832
634,65432
634,51810
634,31024
634,45216
634,40584
634,87269
634,48898
634,15718
634,59054
634,44313
634,47003
634,37512
634,94691
634,25316
634,55814
634,47292
634,19152
634,6816
634,58951
634,9031
634,91314
634,54466
634,15096
634,26544
634,62943
634,14765
634,4272
634,14425
634,9053
634,59817
634,47884
634,95853
634,78995
634,21334
634,8796
634,44348
634,31580
634,48790
634,64966
634,77841
634,12407
634,67009
634,24497
634,68857
634,48609
634,1674
634,4232
634,37106
634,29704
634,3913
634,90546
634,72270
634,45506
634,56489
634,69125
634,7536
634,1829
634,62851
634,92100
634,28112
634,69661
634,74594
634,79138
634,31910
634,63531
634,89249
634,9169
634,91043
634,16219
634,68532
634,74888
48724,97522
48724,46602
48724,94791
48724,79668
48724,57372
48724,6420
48724,25155
48724,37711
48724,49558
48724,88731
48724,2126
48724,59121
48724,90113
48724,34874
48724,66638
48724,55515
48724,1272
48724,82241
48724,46461
48724,69427
48724,38578
48724,25310
48724,79095
48724,36875
48724,38335
48724,10520
48724,50802
48724,50136
48724,74059
48724,76581
48724,8287
48724,1795
48724,35573
48724,58914
48724,62725
48724,76017
48724,36162
48724,58245
48724,39080
48724,51846
48724,41190
48724,39491
48724,11125
48724,77441
48724,60090
48724,26165
48724,29923
48724,2418
48724,23385
48724,22620
48724,7697
48724,58143
48724,86807
48724,43461
48724,66992
48724,94556
48724,97872
48724,8309
48724,69711
48724,39301
48724,2820
48724,90375
48724,9891
48724,16081
48724,5949
48724,54361
48724,68964
48724,84786
48724,39863
48724,30205
48724,74853
48724,66501
48724,45177
48724,50886
48724,82969
48724,1332
48724,34524
48724,19897
48724,96678
48724,90997
48724,17740
48724,70282
48724,92866
48724,78229
48724,91223
48724,34924
48724,84059
48724,27199
48724,74365
48724,21793
48724,14290
48724,21092
48724,91832
48724,4071
48724,27455
48724,82093
48724,45216
48724,40584
48724,24070
48724,22110
48724,12242
48724,28495
48724,48898
48724,7021
48724,4177
48724,84595
48724,29822
48724,96472
48724,63663
48724,68416
48724,73295
48724,62444
48724,13122
48724,24353
48724,47292
48724,86997
48724,53695
48724,6816
48724,79834
48724,46428
48724,64757
48724,6525
48724,54466
48724,47881
48724,11766
48724,5943
48724,21947
48724,14765
48724,75444
48724,1349
48724,26761
48724,55587
48724,49068
48724,9053
48724,37840
48724,41473
48724,59817
48724,56529
48724,84280
48724,20149
48724,36296
48724,47884
48724,93464
48724,70167
48724,95853
48724,6594
48724,28136
48724,35999
48724,58578
48724,42987
48724,30846
48724,85542
48724,8796
48724,56747
48724,30481
48724,44348
48724,70679
48724,10513
48724,64039
48724,28714
48724,29040
48724,6815
48724,31580
48724,6090
48724,48745
48724,45185
48724,77841
48724,59783
48724,94202
48724,62224
48724,77942
48724,79515
48724,10692
48724,19851
48724,68857
48724,96932
48724,78177
48724,4312
48724,18882
48724,59844
48724,4232
48724,92503
48724,97900
48724,90546
48724,72270
48724,49942
48724,52708
48724,69125
48724,7536
48724,74722
48724,73855
48724,66713
48724,62851
48724,18445
48724,58681
48724,57589
48724,39310
48724,28112
48724,65896
48724,17526
48724,9835
48724,97754
48724,90034
48724,18808
48724,85038
48724,99757
48724,12515
48724,99454
48724,82704
48724,63531
48724,35240
48724,89249
48724,52638
48724,13395
48724,53056
48724,10059
48724,697
48724,68532
48724,10958
48724,74888
48724,52110
48724,7197
82659,94649
82659,11003
82659,37711
82659,40029
82659,59121
82659,22551
82659,7612
82659,92369
82659,8013
82659,58424
82659,47260
82659,73445
82659,78428
82659,70782
82659,44672
82659,80519
82659,18765
82659,6262
82659,29884
82659,68964
82659,39863
82659,42451
82659,46061
82659,13512
82659,30860
82659,42102
82659,25460
82659,17740
82659,57494
82659,88855
82659,3924
82659,99162
82659,21092
82659,12906
82659,53881
82659,26261
82659,55814
82659,60670
82659,11733
82659,90219
82659,76793
82659,84083
82659,63028
82659,99290
82659,43746
82659,77841
82659,12333
82659,3101
82659,62789
82659,8536
82659,60549
82659,5059
82659,38591
82659,88089
82659,88486
82659,84551
82659,13373
82659,53352
82659,73539
82659,35079
82659,1318
82659,52110
82659,80200
22369,41477
22369,39243
22369,50797
22369,70994
22369,57372
22369,74649
22369,29759
22369,88731
22369,73945
22369,84178
22369,90113
22369,43092
22369,95607
22369,7612
22369,64416
22369,10428
22369,46159
22369,39983
22369,39079
22369,49983
22369,10563
22369,1795
22369,58424
22369,60979
22369,58914
22369,76017
22369,50426
22369,73445
22369,73733
22369,60211
22369,39080
22369,51846
22369,30083
22369,41190
22369,4731
22369,28105
22369,11125
22369,2418
22369,10079
22369,63014
22369,97872
22369,83365
22369,8309
22369,7685
22369,30883
22369,29628
22369,90375
22369,14531
22369,30614
22369,48721
22369,97386
22369,47066
22369,68964
22369,70954
22369,66326
22369,1862
22369,41019
22369,7315
22369,34274
22369,13512
22369,92548
22369,49679
22369,74600
22369,78229
22369,62153
22369,97475
22369,27199
22369,74365
22369,28928
22369,46692
22369,7926
22369,53082
22369,82093
22369,45216
22369,87269
22369,89459
22369,15889
22369,88950
22369,48391
22369,37195
22369,15718
22369,4177
22369,29822
22369,59063
22369,40753
22369,84024
22369,16425
22369,37654
22369,63663
22369,42723
22369,3793
22369,87941
22369,71951
22369,62444
22369,25316
22369,50883
22369,85606
22369,39809
22369,84822
22369,48612
22369,67349
22369,37212
22369,64757
22369,8669
22369,58660
22369,68658
22369,10042
22369,18276
22369,47881
22369,60670
22369,11766
22369,14765
22369,11733
22369,65295
22369,47820
22369,93735
22369,15566
22369,53495
22369,14240
22369,59817
22369,92622
22369,39501
22369,78675
22369,45841
22369,95338
22369,28136
22369,15956
22369,18845
22369,42987
22369,78995
22369,95265
22369,12104
22369,76511
22369,63028
22369,99290
22369,28714
22369,27266
22369,9239
22369,6815
22369,78665
22369,7025
22369,64966
22369,29811
22369,59783
22369,71663
22369,81307
22369,94202
22369,79515
22369,10692
22369,44244
22369,48609
22369,96932
22369,4925
22369,6463
22369,2584
22369,86833
22369,37106
22369,97900
22369,8536
22369,17736
22369,29704
22369,76145
22369,40938
22369,77844
22369,62851
22369,27856
22369,39310
22369,18218
22369,20762
22369,20445
22369,84098
22369,48933
22369,88089
22369,74594
22369,39993
22369,87993
22369,8697
22369,42982
22369,88486
22369,62826
22369,998
22369,35093
22369,37735
22369,4809
22369,30568
22369,12515
22369,13373
22369,89249
22369,30692
22369,73539
22369,90307
22369,88311
22369,75733
22369,66677
22369,89967
22369,51334
22369,5062
22369,68532
22369,94637
22369,30776
22369,74088
22369,74888
22369,59530
22369,97957
48906,54084
48906,41477
48906,2885
48906,46602
48906,70994
48906,90965
48906,94649
48906,17253
48906,99710
48906,53643
48906,32818
48906,25155
48906,88731
48906,61726
48906,79650
48906,50306
48906,43092
48906,83129
48906,91713
48906,92369
48906,46461
48906,87781
48906,20460
48906,36875
48906,93944
48906,50802
48906,49983
48906,89592
48906,68556
48906,48196
48906,58424
48906,26312
48906,96937
48906,36162
48906,82315
48906,22340
48906,65538
48906,91642
48906,2418
48906,26405
48906,62704
48906,64607
48906,63014
48906,43461
48906,44043
48906,66992
48906,63866
48906,72277
48906,17936
48906,6262
48906,91
48906,97386
48906,28110
48906,65304
48906,51431
48906,80996
48906,84786
48906,66326
48906,9915
48906,13875
48906,19581
48906,3086
48906,1332
48906,92866
48906,64747
48906,49806
48906,48489
48906,82707
48906,16722
48906,22528
48906,14290
48906,36838
48906,83163
48906,62515
48906,79278
48906,43003
48906,53082
48906,4071
48906,65746
48906,18030
48906,19091
48906,86538
48906,45216
48906,81052
48906,1198
48906,61524
48906,37195
48906,15718
48906,4177
48906,96472
48906,97287
48906,34808
48906,68416
48906,73295
48906,63042
48906,87941
48906,50883
48906,66004
48906,98521
48906,69465
48906,53695
48906,82814
48906,6525
48906,54466
48906,57173
48906,34016
48906,42819
48906,14765
48906,16012
48906,53770
48906,39351
48906,9076
48906,55639
48906,21026
48906,26761
48906,86161
48906,55587
48906,29682
48906,20149
48906,63297
48906,95338
48906,95853
48906,76327
48906,2997
48906,35999
48906,84622
48906,78995
48906,95265
48906,6856
48906,38798
48906,10513
48906,3
48906,56359
48906,99290
48906,18165
48906,73973
48906,37372
48906,6927
48906,61025
48906,78665
48906,7025
48906,48790
48906,90275
48906,28799
48906,29811
48906,57967
48906,21683
48906,10692
48906,11038
48906,76147
48906,78177
48906,37787
48906,18882
48906,3101
48906,86833
48906,73386
48906,92503
48906,40938
48906,49942
48906,34076
48906,52708
48906,51097
48906,73855
48906,13278
48906,82741
48906,79102
48906,38591
48906,69661
48906,29290
48906,87993
48906,62826
48906,97754
48906,24072
48906,85038
48906,99757
48906,16216
48906,52703
48906,65334
48906,86447
48906,82704
48906,53352
48906,73873
48906,9169
48906,52638
48906,91043
48906,53056
48906,16219
48906,89642
48906,10059
48906,90808
48906,1318
48906,697
48906,94637
48906,80200
48906,97957
63531,84844
63531,12376
63531,90482
63531,40696
63531,41477
63531,2885
63531,39885
63531,50797
63531,70994
63531,84230
63531,73918
63531,99710
63531,53643
63531,25155
63531,15989
63531,29759
63531,36078
63531,84178
63531,90113
63531,7612
63531,87810
63531,83129
63531,30965
63531,51625
63531,70392
63531,82241
63531,39983
63531,69427
63531,79095
63531,87781
63531,95763
63531,38335
63531,10564
63531,64417
63531,24302
63531,89592
63531,22048
63531,68556
63531,8287
63531,26312
63531,47260
63531,6510
63531,60979
63531,88384
63531,50015
63531,82315
63531,36866
63531,58245
63531,24848
63531,73798
63531,60211
63531,11153
63531,9150
63531,39080
63531,30083
63531,78373
63531,22648
63531,28105
63531,77441
63531,70782
63531,39274
63531,60090
63531,40875
63531,51710
63531,29923
63531,10079
63531,26405
63531,62704
63531,63014
63531,43461
63531,44043
63531,89624
63531,94556
63531,51855
63531,13914
63531,63866
63531,7685
63531,27671
63531,2820
63531,30883
63531,3228
63531,78983
63531,14531
63531,6262
63531,36215
63531,91
63531,47722
63531,47066
63531,5949
63531,51431
63531,80996
63531,94560
63531,68964
63531,74853
63531,43875
63531,63871
63531,7315
63531,34274
63531,19581
63531,62905
63531,38505
63531,97323
63531,82969
63531,93016
63531,3086
63531,25460
63531,70282
63531,64747
63531,2500
63531,26935
63531,65472
63531,88855
63531,49806
63531,97475
63531,63112
63531,74365
63531,19487
63531,7926
63531,19451
63531,80999
63531,91832
63531,43003
63531,72188
63531,4071
63531,58876
63531,34523
63531,29358
63531,36891
63531,71128
63531,87269
63531,12242
63531,15889
63531,88161
63531,94363
63531,48898
63531,15718
63531,24234
63531,29822
63531,59063
63531,40753
63531,44313
63531,47003
63531,3793
63531,37512
63531,71951
63531,13122
63531,56254
63531,96507
63531,74421
63531,59338
63531,72364
63531,29982
63531,69465
63531,82814
63531,6525
63531,58660
63531,91314
63531,10042
63531,9621
63531,34016
63531,95408
63531,5943
63531,36851
63531,13968
63531,14765
63531,16012
63531,55319
63531,39383
63531,39351
63531,93735
63531,21026
63531,26761
63531,72659
63531,87379
63531,47187
63531,92622
63531,39501
63531,78675
63531,56529
63531,26618
63531,36296
63531,70167
63531,30170
63531,95853
63531,71569
63531,15956
63531,2997
63531,69725
63531,95265
63531,6856
63531,42923
63531,12104
63531,8796
63531,56747
63531,36422
63531,66626
63531,3
63531,99290
63531,27266
63531,12237
63531,82703
63531,31580
63531,13613
63531,48745
63531,85262
63531,4027
63531,45185
63531,43746
63531,94730
63531,64966
63531,57967
63531,67009
63531,36956
63531,24497
63531,10692
63531,68857
63531,10353
63531,22436
63531,6463
63531,78177
63531,78591
63531,72568
63531,60228
63531,8536
63531,3913
63531,33196
63531,49233
63531,74499
63531,49942
63531,52708
63531,60549
63531,11238
63531,18841
63531,51097
63531,5059
63531,62851
63531,55334
63531,84135
63531,18445
63531,58681
63531,32176
63531,92100
63531,74176
63531,39310
63531,18218
63531,17185
63531,20445
63531,40557
63531,49957
63531,74594
63531,45696
63531,39993
63531,97567
63531,65163
63531,31910
63531,99757
63531,92966
63531,52703
63531,95796
63531,99454
63531,89249
63531,36323
63531,64575
63531,61976
63531,7137
63531,90650
63531,53056
63531,19794
63531,90307
63531,88311
63531,89967
63531,90808
63531,85528
63531,652
63531,64597
63531,10958
40266,97522
40266,2885
40266,94791
40266,73918
40266,99710
40266,11003
40266,37711
40266,29759
40266,84178
40266,37624
40266,72594
40266,1503
40266,81015
40266,36458
40266,51625
40266,39983
40266,53548
40266,25310
40266,64417
40266,10563
40266,47260
40266,60979
40266,7959
40266,42452
40266,98463
40266,36866
40266,73445
40266,11153
40266,39080
40266,78428
40266,39491
40266,4731
40266,70782
40266,39274
40266,68169
40266,64607
40266,63014
40266,44582
40266,39301
40266,7685
40266,98684
40266,80519
40266,36215
40266,16081
40266,97386
40266,92882
40266,98151
40266,46061
40266,65271
40266,84441
40266,13512
40266,92548
40266,82969
40266,57494
40266,88855
40266,34924
40266,28928
40266,54129
40266,92236
40266,18674
40266,19451
40266,80999
40266,65432
40266,4071
40266,27455
40266,51810
40266,11158
40266,31024
40266,81052
40266,88161
40266,113
40266,12138
40266,44313
40266,34808
40266,63663
40266,68416
40266,48430
40266,62444
40266,50883
40266,85606
40266,86997
40266,29982
40266,46828
40266,53695
40266,58660
40266,10042
40266,9621
40266,60670
40266,15096
40266,95408
40266,36851
40266,75444
40266,16012
40266,11775
40266,47820
40266,9588
40266,59113
40266,81743
40266,14240
40266,59817
40266,99792
40266,36296
40266,95853
40266,48302
40266,95995
40266,69725
40266,30846
40266,8796
40266,38211
40266,70679
40266,76511
40266,84083
40266,56359
40266,63028
40266,7339
40266,9239
40266,29040
40266,70600
40266,82703
40266,45925
40266,45185
40266,51956
40266,57967
40266,77942
40266,61326
40266,67009
40266,12333
40266,10353
40266,67747
40266,6463
40266,75529
40266,85225
40266,97900
40266,76145
40266,16758
40266,10188
40266,69125
40266,74722
40266,1829
40266,11238
40266,5059
40266,66713
40266,58681
40266,32176
40266,92100
40266,13278
40266,79102
40266,33249
40266,39310
40266,17185
40266,42982
40266,88486
40266,61825
40266,62826
40266,65163
40266,97754
40266,31910
40266,85617
40266,84551
40266,99757
40266,27660
40266,73539
40266,1318
40266,5062
40266,30776
46764,84844
46764,12376
46764,54084
46764,1064
46764,39243
46764,50797
46764,70994
46764,94791
46764,69909
46764,84230
46764,73918
46764,94649
46764,12361
46764,37605
46764,37711
46764,63867
46764,29759
46764,37624
46764,16021
46764,61726
46764,79650
46764,22517
46764,3805
46764,34874
46764,64451
46764,66638
46764,1503
46764,1272
46764,92369
46764,36458
46764,39983
46764,69427
46764,78355
46764,36875
46764,93944
46764,8013
46764,49983
46764,76581
46764,35573
46764,62725
46764,59292
46764,42452
46764,73733
46764,11153
46764,9150
46764,65538
46764,41435
46764,65681
46764,78373
46764,41190
46764,51451
46764,11125
46764,70782
46764,40875
46764,26165
46764,3617
46764,87239
46764,7697
46764,44043
46764,94556
46764,69711
46764,7685
46764,90375
46764,80519
46764,49612
46764,30614
46764,6262
46764,16081
46764,29884
46764,89332
46764,97386
46764,54361
46764,80996
46764,39863
46764,30205
46764,42451
46764,74853
46764,9915
46764,41019
46764,62905
46764,42102
46764,81497
46764,23594
46764,27522
46764,74600
46764,92866
46764,24548
46764,57494
46764,97475
46764,84059
46764,14290
46764,36838
46764,54129
46764,99057
46764,62515
46764,99162
46764,80999
46764,65432
46764,65664
46764,34523
46764,24070
46764,12242
46764,37195
46764,12138
46764,7021
46764,24234
46764,59054
46764,44313
46764,47003
46764,37512
46764,87941
46764,62444
46764,48756
46764,98521
46764,81927
46764,55814
46764,29982
46764,61309
46764,8669
46764,6525
46764,91314
46764,68658
46764,10042
46764,18276
46764,47881
46764,82639
46764,11733
46764,16012
46764,14425
46764,53770
46764,47820
46764,55639
46764,93735
46764,1349
46764,88953
46764,9588
46764,59113
46764,41473
46764,14240
46764,70167
46764,99173
46764,69725
46764,97247
46764,70679
46764,19147
46764,99290
46764,18165
46764,10343
46764,6927
46764,43946
46764,13613
46764,48745
46764,85262
46764,61025
46764,4027
46764,7025
46764,23664
46764,81307
46764,94202
46764,36956
46764,10353
46764,63620
46764,37787
46764,85225
46764,78591
46764,57242
46764,97900
46764,55184
46764,16758
46764,82993
46764,56489
46764,11238
46764,61238
46764,18445
46764,57589
46764,13278
46764,38591
46764,69661
46764,62826
46764,97567
46764,18808
46764,41543
46764,4809
46764,99757
46764,30568
46764,16291
46764,10424
46764,73409
46764,13373
46764,82704
46764,63531
46764,19794
46764,16219
46764,89642
46764,17930
46764,66677
46764,10059
46764,20515
46764,51334
46764,94637
46764,10958
46764,52110
46764,1711
46764,44128
46764,7197
86991,84844
86991,54084
86991,1064
86991,39243
86991,46602
86991,12999
86991,69909
86991,57372
86991,96311
86991,15989
86991,63867
86991,14613
86991,49558
86991,14340
86991,20082
86991,87030
86991,79650
86991,3545
86991,22517
86991,3805
86991,66638
86991,55515
86991,1503
86991,30965
86991,39824
86991,92369
86991,70434
86991,38578
86991,11960
86991,78355
86991,87781
86991,95594
86991,59176
86991,10564
86991,50136
86991,43652
86991,58424
86991,96937
86991,60388
86991,50015
86991,82315
86991,73445
86991,88776
86991,94556
86991,44672
86991,98684
86991,2820
86991,90375
86991,78983
86991,97386
86991,65304
86991,66326
86991,74853
86991,66501
86991,50886
86991,85851
86991,13512
86991,93016
86991,25460
86991,64775
86991,21230
86991,92866
86991,91223
86991,23525
86991,26935
86991,88855
86991,97475
86991,27199
86991,3924
86991,21793
86991,99057
86991,99162
86991,33181
86991,72188
86991,65746
86991,18030
86991,94363
86991,37195
86991,48898
86991,24234
86991,96472
86991,59054
86991,16425
86991,3793
86991,70511
86991,48430
86991,24353
86991,26261
86991,55814
86991,96507
86991,13705
86991,39809
86991,47881
86991,79870
86991,11766
86991,42819
86991,26544
86991,62943
86991,11733
86991,55319
86991,65295
86991,93735
86991,26761
86991,9588
86991,9053
86991,28935
86991,14240
86991,39888
86991,90219
86991,15956
86991,70254
86991,95995
86991,10513
86991,63028
86991,27266
86991,43946
86991,79589
86991,6090
86991,50307
86991,48745
86991,4027
86991,51956
86991,64317
86991,57967
86991,12407
86991,61326
86991,36956
86991,11038
86991,10353
86991,67747
86991,12599
86991,85225
86991,37106
86991,29704
86991,76145
86991,49233
86991,82993
86991,67921
86991,77844
86991,69125
86991,11238
86991,58681
86991,45696
86991,61825
86991,35093
86991,84551
86991,85038
86991,30568
86991,16291
86991,92282
86991,10424
86991,99454
86991,37022
86991,73539
86991,61976
86991,52638
86991,90650
86991,19794
86991,89642
86991,80686
86991,49307
86991,33252
86991,74888
32031,39243
32031,50797
32031,15989
32031,14210
32031,37624
32031,3545
32031,34874
32031,66638
32031,55515
32031,11960
32031,95763
32031,10564
32031,39491
32031,62704
32031,66992
32031,26030
32031,50055
32031,97386
32031,34053
32031,74853
32031,50886
32031,86289
32031,21230
32031,92866
32031,43175
32031,2500
32031,26935
32031,1608
32031,34924
32031,74365
32031,4071
32031,19091
32031,94363
32031,3793
32031,59114
32031,55814
32031,47292
32031,19152
32031,86997
32031,58951
32031,52905
32031,42819
32031,62943
32031,55319
32031,73704
32031,39888
32031,99792
32031,14299
32031,43746
32031,24497
32031,11038
32031,1674
32031,29704
32031,72270
32031,45506
32031,56407
32031,62851
32031,29290
32031,2677
32031,10424
32031,86447
32031,63531
26441,54084
26441,2885
26441,53926
26441,12361
26441,53643
26441,29838
26441,65887
26441,20082
26441,87030
26441,39824
26441,70434
26441,81015
26441,95763
26441,10520
26441,8013
26441,7959
26441,42452
26441,51846
26441,51055
26441,28105
26441,40875
26441,51855
26441,27671
26441,29628
26441,17936
26441,47066
26441,28110
26441,12812
26441,92882
26441,51431
26441,71346
26441,84786
26441,13875
26441,41019
26441,50886
26441,62905
26441,82969
26441,19897
26441,96678
26441,26935
26441,62153
26441,14421
26441,74365
26441,28928
26441,43003
26441,53082
26441,86538
26441,45216
26441,71128
26441,87269
26441,12242
26441,15718
26441,59054
26441,34808
26441,16425
26441,37512
26441,13122
26441,81927
26441,85606
26441,74421
26441,69465
26441,58660
26441,26544
26441,9076
26441,37840
26441,92622
26441,56529
26441,84280
26441,20149
26441,76793
26441,2997
26441,78995
26441,21334
26441,12104
26441,56747
26441,58617
26441,3
26441,18165
26441,28714
26441,73973
26441,9239
26441,29040
26441,45925
26441,79067
26441,17354
26441,61573
26441,77942
26441,11038
26441,63777
26441,57242
26441,86833
26441,92503
26441,49942
26441,10188
26441,13278
26441,37735
26441,24072
26441,16216
26441,95796
26441,65334
26441,93387
26441,64575
26441,89642
26441,66677
26441,46196
26441,5062
26441,697
26441,1711
89638,70994
89638,94791
89638,84230
89638,99710
89638,11003
89638,57372
89638,91845
89638,63867
89638,14613
89638,90113
89638,16021
89638,59135
89638,8980
89638,69427
89638,8287
89638,58424
89638,26312
89638,47260
89638,96937
89638,58914
89638,87765
89638,36866
89638,11153
89638,78428
89638,91642
89638,51055
89638,41190
89638,51451
89638,40875
89638,51710
89638,26165
89638,2418
89638,94556
89638,83365
89638,69711
89638,39301
89638,63866
89638,80519
89638,17936
89638,6262
89638,42451
89638,74853
89638,13875
89638,98151
89638,85851
89638,65271
89638,6
89638,3086
89638,74600
89638,92866
89638,13285
89638,88855
89638,34924
89638,22528
89638,62515
89638,7926
89638,18674
89638,21092
89638,82093
89638,48898
89638,15718
89638,34808
89638,3793
89638,49424
89638,70511
89638,87941
89638,24353
89638,13705
89638,39809
89638,79834
89638,8669
89638,96149
89638,47881
89638,21947
89638,4272
89638,26761
89638,88953
89638,55587
89638,26618
89638,99792
89638,6594
89638,8982
89638,71569
89638,28136
89638,35999
89638,26638
89638,95995
89638,97247
89638,8796
89638,38798
89638,58159
89638,58617
89638,66626
89638,63028
89638,10343
89638,6815
89638,13613
89638,48745
89638,17354
89638,4027
89638,43746
89638,60730
89638,64317
89638,81307
89638,77942
89638,36956
89638,24497
89638,10692
89638,48609
89638,76147
89638,4232
89638,78591
89638,3101
89638,62789
89638,40938
89638,72270
89638,77844
89638,56489
89638,7536
89638,66713
89638,79102
89638,17185
89638,28282
89638,69661
89638,45696
89638,97567
89638,72466
89638,41543
89638,13373
89638,89249
89638,91043
89638,19794
89638,66677
89638,46196
89638,80686
89638,652
89638,80200
89638,59530
89638,7197
4699,84844
4699,97522
4699,53926
4699,40029
4699,14210
4699,73945
4699,79650
4699,44305
4699,7612
4699,41448
4699,34874
4699,55515
4699,1503
4699,39824
4699,81015
4699,70392
4699,46159
4699,39079
4699,25310
4699,79095
4699,93944
4699,50802
4699,46068
4699,58424
4699,60979
4699,29210
4699,58914
4699,60211
4699,51846
4699,37570
4699,4731
4699,28105
4699,39274
4699,78824
4699,68169
4699,26405
4699,58143
4699,94556
4699,69711
4699,82739
4699,16897
4699,51855
4699,63866
4699,28429
4699,67649
4699,36215
4699,48721
4699,46099
4699,5949
4699,42451
4699,74853
4699,7315
4699,1332
4699,42102
4699,19897
4699,17740
4699,22807
4699,16722
4699,27199
4699,3924
4699,96691
4699,54129
4699,65664
4699,5199
4699,18030
4699,80321
4699,87269
4699,61524
4699,25706
4699,95994
4699,48391
4699,37195
4699,12138
4699,4177
4699,71951
4699,96507
4699,39809
4699,19152
4699,72364
4699,69465
4699,53695
4699,79834
4699,91314
4699,47881
4699,57173
4699,15096
4699,11766
4699,36851
4699,4272
4699,14425
4699,47820
4699,86161
4699,55587
4699,49068
4699,87379
4699,47187
4699,41473
4699,14240
4699,36296
4699,28136
4699,76327
4699,2997
4699,99173
4699,42923
4699,38211
4699,66626
4699,19147
4699,18165
4699,37372
4699,29040
4699,45925
4699,38589
4699,50307
4699,17354
4699,7025
4699,60730
4699,77841
4699,20130
4699,81307
4699,77942
4699,63620
4699,78177
4699,73386
4699,72568
4699,97900
4699,93507
4699,67921
4699,72270
4699,1829
4699,84135
4699,13278
4699,27856
4699,84098
4699,48933
4699,17526
4699,45696
4699,42982
4699,65163
4699,31910
4699,99473
4699,16291
4699,92282
4699,95796
4699,91319
4699,65334
4699,80759
4699,64575
4699,61976
4699,91043
4699,90307
4699,88311
4699,89096
4699,10059
4699,46196
4699,85528
4699,697
4699,68532
33949,84844
33949,40696
33949,46602
33949,28620
33949,53926
33949,69909
33949,17253
33949,79668
33949,32818
33949,28680
33949,25155
33949,91845
33949,63867
33949,29759
33949,14613
33949,40029
33949,43735
33949,98122
33949,90113
33949,61726
33949,79650
33949,50306
33949,43092
33949,3805
33949,72594
33949,64451
33949,1272
33949,30965
33949,46159
33949,39983
33949,69427
33949,39079
33949,25310
33949,10520
33949,64417
33949,74059
33949,49983
33949,89592
33949,47260
33949,96937
33949,29210
33949,58914
33949,60211
33949,65538
33949,91642
33949,30083
33949,39491
33949,37570
33949,70782
33949,68169
33949,86807
33949,43461
33949,8309
33949,69711
33949,97893
33949,16897
33949,13914
33949,27671
33949,2820
33949,30883
33949,29628
33949,28429
33949,72277
33949,78983
33949,67649
33949,17936
33949,97386
33949,63951
33949,54361
33949,74853
33949,9915
33949,66501
33949,13875
33949,63871
33949,34274
33949,48244
33949,62905
33949,6
33949,97323
33949,1332
33949,27254
33949,30719
33949,86289
33949,74600
33949,13285
33949,43175
33949,1608
33949,82707
33949,74365
33949,3924
33949,96691
33949,36838
33949,75147
33949,83163
33949,62515
33949,72188
33949,19091
33949,66075
33949,82093
33949,15889
33949,94363
33949,95994
33949,15718
33949,84595
33949,29822
33949,59063
33949,42635
33949,63663
33949,37512
33949,98521
33949,81927
33949,96507
33949,85606
33949,59338
33949,67349
33949,82814
33949,95970
33949,89757
33949,6525
33949,82847
33949,9621
33949,72929
33949,11766
33949,95408
33949,13968
33949,11733
33949,19028
33949,47820
33949,9076
33949,55639
33949,93735
33949,1349
33949,21026
33949,86161
33949,55587
33949,53495
33949,59817
33949,92622
33949,39501
33949,56529
33949,20149
33949,93464
33949,95338
33949,87505
33949,21334
33949,6856
33949,12104
33949,38798
33949,38211
33949,44348
33949,58159
33949,70679
33949,76511
33949,64039
33949,28714
33949,37372
33949,50519
33949,29040
33949,38589
33949,50307
33949,13613
33949,78665
33949,48790
33949,61573
33949,77841
33949,59783
33949,12407
33949,62224
33949,21683
33949,96932
33949,6463
33949,8628
33949,2584
33949,4312
33949,98306
33949,59844
33949,12599
33949,37106
33949,92503
33949,33196
33949,55184
33949,40938
33949,74499
33949,82993
33949,72270
33949,56489
33949,5059
33949,92100
33949,13278
33949,82741
33949,74176
33949,39310
33949,18218
33949,38591
33949,69661
33949,45696
33949,65163
33949,97754
33949,84551
33949,41543
33949,92282
33949,52703
33949,91319
33949,63531
33949,89249
33949,9320
33949,80759
33949,9169
33949,13395
33949,53056
33949,80572
33949,89967
33949,68532
33949,94637
33949,64597
33949,49307
33949,30776
33949,74088
33949,74888
33949,52110
33949,80200
33949,7197
33949,97957
39112,84230
39112,11003
39112,91845
39112,63867
39112,49558
39112,59121
39112,44305
39112,3805
39112,72594
39112,1503
39112,39983
39112,43652
39112,47260
39112,7959
39112,73445
39112,11153
39112,78428
39112,62707
39112,44672
39112,98684
39112,80519
39112,47066
39112,62905
39112,13512
39112,93016
39112,42102
39112,25460
39112,17740
39112,57494
39112,3924
39112,54129
39112,99162
39112,80999
39112,72188
39112,31024
39112,53881
39112,24234
39112,81927
39112,55814
39112,53695
39112,58951
39112,6525
39112,91314
39112,60670
39112,79870
39112,11733
39112,55639
39112,26761
39112,86161
39112,47187
39112,90219
39112,62293
39112,44976
39112,21334
39112,30846
39112,38798
39112,79589
39112,13613
39112,77841
39112,10353
39112,1674
39112,6463
39112,18882
39112,92503
39112,72270
39112,1829
39112,51097
39112,39310
39112,88486
39112,84551
39112,13373
39112,89249
39112,13395
39112,19794
39112,66677
39112,1318
47288,53926
47288,94649
47288,17253
47288,91845
47288,63867
47288,29759
47288,40029
47288,84178
47288,14340
47288,59135
47288,79650
47288,41448
47288,10428
47288,1272
47288,51625
47288,46159
47288,53548
47288,39079
47288,95763
47288,95594
47288,64417
47288,10563
47288,35573
47288,50426
47288,42452
47288,36866
47288,73798
47288,30083
47288,39274
47288,60090
47288,26165
47288,68169
47288,26405
47288,22620
47288,58143
47288,26030
47288,83365
47288,82739
47288,16897
47288,62707
47288,72277
47288,80519
47288,49612
47288,18765
47288,8862
47288,5949
47288,65304
47288,63951
47288,30205
47288,9915
47288,98151
47288,46061
47288,1836
47288,38505
47288,96678
47288,17740
47288,49679
47288,27522
47288,70282
47288,22807
47288,85293
47288,43175
47288,26935
47288,88855
47288,97475
47288,74365
47288,3924
47288,28928
47288,99057
47288,99162
47288,80999
47288,43003
47288,80321
47288,36891
47288,40584
47288,12242
47288,113
47288,53881
47288,48391
47288,15718
47288,75920
47288,84595
47288,59054
47288,42635
47288,37654
47288,49424
47288,70511
47288,94691
47288,48430
47288,13122
47288,98521
47288,26261
47288,55814
47288,74421
47288,84822
47288,29982
47288,6816
47288,64757
47288,10042
47288,96149
47288,82847
47288,42819
47288,21947
47288,11733
47288,14425
47288,53770
47288,21026
47288,9588
47288,15566
47288,72659
47288,47187
47288,81743
47288,90219
47288,30170
47288,6594
47288,48302
47288,15956
47288,74988
47288,99173
47288,42987
47288,78995
47288,8796
47288,62837
47288,44348
47288,36422
47288,76511
47288,63028
47288,7339
47288,9239
47288,70600
47288,43946
47288,12407
47288,11038
47288,1674
47288,2584
47288,3101
47288,86833
47288,62789
47288,29704
47288,3913
47288,90546
47288,33196
47288,49942
47288,74722
47288,1829
47288,11238
47288,5059
47288,56407
47288,39310
47288,28112
47288,39058
47288,40557
47288,84098
47288,33450
47288,42982
47288,88486
47288,85617
47288,2677
47288,35093
47288,84551
47288,4809
47288,16291
47288,27660
47288,10424
47288,13373
47288,53352
47288,36323
47288,90650
47288,19794
47288,80572
47288,17930
47288,66677
47288,39496
47288,90808
47288,5062
47288,33252
47288,52110
47288,44128
52445,54084
52445,1064
52445,39885
52445,94649
52445,57372
52445,695
52445,63867
52445,44305
52445,3545
52445,72594
52445,91713
52445,30965
52445,92369
52445,39983
52445,69427
52445,11960
52445,8013
52445,38932
52445,58424
52445,6510
52445,42452
52445,82315
52445,22340
52445,73798
52445,92155
52445,78373
52445,78824
52445,26405
52445,86807
52445,63014
52445,39301
52445,62707
52445,27671
52445,72277
52445,78983
52445,14531
52445,18765
52445,48721
52445,97386
52445,54361
52445,19581
52445,65271
52445,6
52445,3086
52445,30860
52445,25460
52445,64775
52445,96678
52445,88855
52445,48489
52445,14421
52445,28928
52445,36838
52445,83163
52445,99162
52445,53082
52445,72188
52445,65432
52445,4071
52445,82093
52445,45216
52445,71128
52445,88950
52445,48391
52445,37512
52445,70511
52445,26261
52445,55814
52445,86997
52445,53695
52445,58951
52445,58660
52445,54466
52445,10042
52445,57173
52445,4272
52445,14425
52445,55639
52445,88953
52445,86161
52445,9588
52445,9053
52445,73704
52445,39501
52445,6594
52445,48302
52445,76793
52445,26638
52445,21334
52445,3
52445,18165
52445,28714
52445,37372
52445,7339
52445,50307
52445,81307
52445,45770
52445,68857
52445,10353
52445,1674
52445,6463
52445,18882
52445,4232
52445,78591
52445,97900
52445,73855
52445,66713
52445,84135
52445,18218
52445,74594
52445,88486
52445,61825
52445,90034
52445,85617
52445,24072
52445,99757
52445,92966
52445,13373
52445,30692
52445,73539
52445,13395
52445,16219
52445,66677
52445,10059
52445,39496
52445,25838
52445,1318
52445,33252
52445,52110
69515,41477
69515,39885
69515,73918
69515,17253
69515,6420
69515,25155
69515,96311
69515,36078
69515,37624
69515,20082
69515,83129
69515,1272
69515,70434
69515,49372
69515,81015
69515,39983
69515,38335
69515,95594
69515,10520
69515,49983
69515,89592
69515,38932
69515,8287
69515,35573
69515,29210
69515,7959
69515,60388
69515,98463
69515,82315
69515,11153
69515,41435
69515,51846
69515,41190
69515,70782
69515,40875
69515,26165
69515,87239
69515,23385
69515,86807
69515,66992
69515,62707
69515,474
69515,72277
69515,80519
69515,16081
69515,47066
69515,5949
69515,66326
69515,34274
69515,46061
69515,62905
69515,65271
69515,92548
69515,96678
69515,74600
69515,92866
69515,57494
69515,62153
69515,48489
69515,21793
69515,28928
69515,14290
69515,19487
69515,99057
69515,80999
69515,65432
69515,4071
69515,27455
69515,36891
69515,31024
69515,88161
69515,53881
69515,4177
69515,96472
69515,42723
69515,47003
69515,37512
69515,73295
69515,70511
69515,41743
69515,50883
69515,81927
69515,47292
69515,29982
69515,6816
69515,79834
69515,89757
69515,8669
69515,58660
69515,47881
69515,60670
69515,11766
69515,95408
69515,26544
69515,5943
69515,36851
69515,13968
69515,21947
69515,65295
69515,21026
69515,87456
69515,9053
69515,73704
69515,78675
69515,99792
69515,80842
69515,95853
69515,87505
69515,30846
69515,58159
69515,3
69515,99290
69515,27266
69515,29040
69515,6090
69515,43746
69515,48790
69515,64966
69515,77841
69515,12407
69515,63620
69515,8628
69515,78177
69515,57242
69515,37106
69515,3913
69515,90546
69515,92100
69515,13278
69515,18218
69515,40557
69515,74594
69515,79138
69515,45696
69515,87993
69515,42982
69515,97754
69515,85617
69515,4809
69515,92966
69515,92282
69515,63531
69515,91043
69515,7137
69515,19794
69515,90085
69515,32666
69515,85528
69515,68532
69515,94637
69515,49307
69515,52110
69515,33470
56060,84230
56060,88731
56060,87030
56060,50306
56060,34874
56060,1272
56060,70434
56060,81015
56060,36458
56060,39983
56060,10563
56060,76017
56060,98463
56060,11153
56060,65538
56060,4731
56060,2418
56060,10079
56060,39301
56060,63866
56060,72277
56060,49195
56060,48721
56060,39863
56060,30205
56060,34274
56060,84441
56060,78229
56060,34924
56060,96691
56060,7021
56060,84024
56060,63663
56060,3793
56060,70511
56060,20079
56060,11766
56060,13968
56060,53770
56060,59817
56060,26618
56060,18845
56060,30846
56060,76511
56060,85262
56060,1674
56060,85225
56060,57242
56060,76145
56060,90546
56060,77844
56060,52708
56060,66713
56060,58681
56060,92100
56060,33249
56060,17185
56060,33450
56060,8697
56060,18808
56060,41543
56060,16216
56060,91319
56060,63531
56060,35240
56060,64575
56060,78277
56060,90085
56060,75733
56060,90808
56060,1318
56060,33470
52240,2885
52240,53926
52240,17253
52240,12361
52240,29838
52240,65887
52240,88731
52240,40029
52240,83129
52240,70392
52240,69427
52240,10520
52240,8013
52240,89592
52240,38932
52240,48196
52240,58424
52240,7959
52240,87765
52240,54857
52240,39491
52240,28105
52240,40875
52240,29923
52240,62704
52240,23385
52240,7697
52240,89624
52240,97872
52240,50055
52240,44672
52240,78983
52240,47722
52240,89332
52240,51431
52240,9915
52240,19581
52240,3086
52240,30860
52240,86289
52240,19897
52240,27522
52240,22799
52240,62153
52240,34924
52240,16722
52240,14290
52240,92236
52240,83163
52240,18674
52240,5199
52240,19091
52240,24070
52240,48391
52240,15718
52240,59063
52240,59054
52240,16425
52240,49424
52240,71951
52240,13705
52240,39809
52240,86997
52240,37212
52240,8669
52240,58660
52240,54466
52240,34016
52240,11766
52240,21036
52240,14765
52240,14425
52240,39351
52240,9053
52240,37840
52240,81743
52240,84280
52240,26618
52240,20149
52240,8982
52240,28136
52240,99173
52240,87505
52240,26638
52240,95265
52240,21334
52240,30481
52240,70679
52240,64039
52240,37372
52240,79067
52240,38589
52240,17354
52240,62224
52240,77942
52240,45770
52240,19851
52240,10353
52240,63777
52240,63620
52240,75529
52240,37787
52240,12599
52240,92503
52240,93507
52240,58681
52240,82741
52240,74594
52240,37735
52240,24072
52240,16216
52240,9169
52240,66677
52240,51334
52240,1318
52240,5062
52240,10958
20528,84844
20528,94791
20528,28620
20528,84230
20528,94649
20528,17253
20528,25155
20528,37711
20528,49558
20528,40029
20528,98122
20528,90113
20528,16021
20528,61726
20528,50306
20528,70434
20528,81015
20528,70392
20528,46159
20528,46461
20528,11960
20528,8013
20528,49983
20528,5957
20528,60979
20528,50015
20528,54857
20528,82315
20528,58245
20528,22340
20528,60211
20528,11153
20528,39080
20528,78428
20528,41435
20528,51846
20528,78373
20528,39491
20528,22648
20528,4731
20528,70782
20528,29923
20528,68169
20528,23385
20528,51678
20528,86807
20528,94556
20528,97872
20528,50055
20528,44582
20528,27671
20528,14531
20528,16081
20528,47722
20528,47066
20528,5949
20528,12812
20528,92882
20528,54361
20528,71346
20528,39863
20528,66326
20528,9915
20528,66501
20528,13875
20528,92655
20528,3086
20528,27254
20528,30860
20528,64775
20528,81497
20528,90997
20528,17740
20528,88855
20528,1608
20528,82707
20528,16722
20528,84059
20528,22528
20528,21793
20528,28928
20528,14290
20528,36838
20528,92236
20528,99162
20528,21092
20528,80999
20528,43003
20528,54974
20528,66075
20528,24070
20528,87269
20528,15889
20528,61524
20528,53881
20528,48391
20528,96472
20528,42635
20528,34808
20528,63663
20528,87941
20528,24353
20528,13705
20528,85606
20528,74421
20528,86997
20528,67349
20528,58951
20528,37212
20528,61309
20528,79834
20528,8669
20528,6525
20528,91314
20528,68658
20528,54466
20528,72929
20528,60670
20528,82639
20528,11766
20528,21036
20528,36851
20528,75444
20528,4272
20528,39383
20528,93735
20528,34448
20528,55587
20528,9053
20528,37840
20528,28935
20528,41473
20528,59817
20528,39501
20528,29682
20528,14299
20528,6594
20528,2997
20528,99173
20528,84622
20528,85542
20528,38211
20528,30481
20528,58159
20528,84083
20528,63028
20528,27266
20528,45925
20528,43946
20528,6815
20528,79067
20528,38589
20528,57837
20528,4027
20528,77964
20528,60730
20528,81307
20528,36956
20528,10353
20528,63620
20528,76147
20528,4232
20528,37106
20528,8536
20528,17736
20528,40938
20528,67921
20528,49942
20528,45506
20528,34076
20528,10188
20528,66713
20528,55334
20528,32176
20528,27856
20528,39310
20528,18218
20528,65896
20528,79138
20528,45696
20528,90034
20528,41543
20528,99473
20528,92966
20528,27660
20528,10424
20528,73409
20528,86447
20528,13373
20528,35240
20528,73539
20528,52638
20528,91043
20528,89642
20528,17930
20528,51334
20528,697
20528,1711
20528,80200
20528,7197
49154,54084
49154,70994
49154,90965
49154,17253
49154,74649
49154,15989
49154,91845
49154,88731
49154,40029
49154,43735
49154,73945
49154,98122
49154,90113
49154,50306
49154,7612
49154,41448
49154,55515
49154,1503
49154,91713
49154,81015
49154,11960
49154,5957
49154,48196
49154,26312
49154,47260
49154,6510
49154,29210
49154,87765
49154,36162
49154,73445
49154,58245
49154,60211
49154,78373
49154,4731
49154,60090
49154,51710
49154,3617
49154,62803
49154,68169
49154,26405
49154,64607
49154,47172
49154,16897
49154,39301
49154,62707
49154,29628
49154,90375
49154,47722
49154,97386
49154,46099
49154,63951
49154,80996
49154,74853
49154,66501
49154,41019
49154,45177
49154,19581
49154,84441
49154,92548
49154,90997
49154,23594
49154,27522
49154,24548
49154,78229
49154,13285
49154,22799
49154,26935
49154,1608
49154,97475
49154,27199
49154,63112
49154,62515
49154,43003
49154,53082
49154,58876
49154,5199
49154,19091
49154,34523
49154,29358
49154,80321
49154,36891
49154,81052
49154,12242
49154,25706
49154,91374
49154,44313
49154,47003
49154,3793
49154,24353
49154,98521
49154,13705
49154,86997
49154,95970
49154,79834
49154,8669
49154,34016
49154,82639
49154,62943
49154,36851
49154,21947
49154,21026
49154,9588
49154,47187
49154,41473
49154,29682
49154,30170
49154,95853
49154,48302
49154,71569
49154,76327
49154,35999
49154,99173
49154,44976
49154,84622
49154,97247
49154,56747
49154,66626
49154,3
49154,83902
49154,18165
49154,37372
49154,7339
49154,9239
49154,43946
49154,57837
49154,50307
49154,13613
49154,85262
49154,44949
49154,78665
49154,94730
49154,90275
49154,77964
49154,61573
49154,57967
49154,62224
49154,63620
49154,4925
49154,21855
49154,4232
49154,12599
49154,85225
49154,33196
49154,49233
49154,74499
49154,67921
49154,77844
49154,10188
49154,56489
49154,7536
49154,18841
49154,73855
49154,18445
49154,58681
49154,32176
49154,82741
49154,79102
49154,28282
49154,48933
49154,79138
49154,33450
49154,8697
49154,998
49154,2677
49154,72466
49154,84551
49154,85038
49154,99473
49154,92966
49154,12515
49154,10424
49154,86447
49154,35240
49154,89249
49154,30692
49154,93387
49154,42374
49154,80572
49154,95180
49154,88311
49154,51334
49154,1318
49154,94637
49154,652
49154,64597
49154,74088
49154,33252
49154,74888
49154,44128
39015,40696
39015,70994
39015,53926
39015,28680
39015,25155
39015,74649
39015,96311
39015,65887
39015,14613
39015,40029
39015,73945
39015,50306
39015,44305
39015,3545
39015,95607
39015,22517
39015,3805
39015,30965
39015,70434
39015,49372
39015,81015
39015,38578
39015,11960
39015,87781
39015,59176
39015,49983
39015,10563
39015,68556
39015,8287
39015,35573
39015,58424
39015,47260
39015,62725
39015,50015
39015,98463
39015,58245
39015,11153
39015,9150
39015,41435
39015,30083
39015,39491
39015,4731
39015,11125
39015,88776
39015,70782
39015,3193
39015,23385
39015,51678
39015,64607
39015,44043
39015,83365
39015,39301
39015,62707
39015,44672
39015,13148
39015,90375
39015,17936
39015,49612
39015,18765
39015,46099
39015,12812
39015,51431
39015,54361
39015,68964
39015,20562
39015,42451
39015,66326
39015,9915
39015,34274
39015,98151
39015,46061
39015,48244
39015,13512
39015,42102
39015,30719
39015,86289
39015,19897
39015,96678
39015,21230
39015,92866
39015,24548
39015,13285
39015,57494
39015,26935
39015,49806
39015,97475
39015,16722
39015,14290
39015,36838
39015,54129
39015,19487
39015,75147
39015,92236
39015,72188
39015,65432
39015,4071
39015,58876
39015,27455
39015,65664
39015,11158
39015,86538
39015,12906
39015,1198
39015,61524
39015,88161
39015,113
39015,37195
39015,48898
39015,40753
39015,34808
39015,3793
39015,49424
39015,37512
39015,73295
39015,73346
39015,24353
39015,13705
39015,29982
39015,61309
39015,8669
39015,6525
39015,47881
39015,60670
39015,52905
39015,72410
39015,11733
39015,19028
39015,14425
39015,65295
39015,47820
39015,15566
39015,49068
39015,87379
39015,37840
39015,59113
39015,78675
39015,39888
39015,26618
39015,36296
39015,70167
39015,95853
39015,14299
39015,2997
39015,99173
39015,78374
39015,42923
39015,12104
39015,8796
39015,38798
39015,38211
39015,30481
39015,3
39015,83902
39015,19147
39015,99290
39015,28714
39015,50519
39015,45925
39015,57837
39015,50307
39015,13613
39015,85262
39015,4027
39015,71663
39015,57967
39015,36956
39015,10353
39015,44244
39015,63777
39015,48609
39015,96932
39015,76147
39015,21855
39015,78177
39015,98306
39015,85225
39015,3101
39015,29704
39015,76145
39015,16758
39015,67921
39015,72270
39015,45506
39015,77844
39015,69125
39015,74722
39015,56407
39015,66713
39015,84135
39015,58681
39015,92100
39015,13278
39015,18218
39015,28112
39015,39058
39015,38591
39015,28282
39015,20445
39015,8697
39015,62826
39015,97754
39015,31910
39015,90034
39015,2677
39015,85038
39015,30568
39015,96211
39015,91319
39015,13373
39015,63531
39015,61976
39015,90650
39015,80572
39015,88311
39015,89096
39015,32666
39015,39496
39015,35079
39015,1318
39015,80686
39015,74888
39015,52110
39015,80200
39015,7197
39015,97957
96428,73918
96428,11003
96428,59121
96428,22551
96428,20082
96428,79650
96428,3805
96428,92369
96428,49372
96428,8013
96428,43652
96428,47260
96428,82315
96428,43461
96428,44582
96428,98684
96428,6262
96428,29884
96428,48721
96428,47066
96428,71870
96428,62905
96428,30860
96428,42102
96428,49679
96428,27522
96428,24548
96428,57494
96428,88855
96428,97475
96428,51181
96428,99057
96428,80999
96428,53082
96428,53881
96428,7021
96428,96472
96428,70511
96428,10042
96428,42819
96428,11733
96428,55639
96428,88953
96428,21334
96428,84083
96428,28714
96428,50307
96428,51956
96428,81307
96428,61326
96428,6463
96428,37787
96428,4232
96428,12599
96428,76145
96428,40938
96428,49942
96428,1829
96428,21831
96428,84551
96428,99757
96428,73539
96428,61976
96428,13395
96428,89642
96428,1318
96428,80200
46534,84844
46534,94791
46534,99710
46534,12361
46534,84178
46534,59135
46534,8980
46534,43092
46534,3805
46534,72594
46534,91713
46534,70392
46534,38578
46534,11960
46534,87781
46534,10564
46534,36162
46534,73798
46534,88776
46534,77441
46534,3193
46534,78824
46534,62803
46534,13748
46534,62704
46534,94556
46534,26030
46534,50055
46534,63866
46534,80519
46534,49612
46534,34053
46534,63951
46534,54361
46534,80996
46534,39863
46534,50886
46534,48244
46534,13512
46534,49679
46534,92866
46534,13285
46534,91223
46534,26935
46534,91832
46534,65432
46534,18030
46534,19091
46534,82093
46534,31024
46534,1198
46534,75920
46534,84595
46534,91374
46534,59114
46534,98521
46534,81927
46534,96507
46534,13705
46534,47292
46534,19152
46534,53695
46534,82814
46534,9031
46534,11766
46534,42819
46534,95408
46534,55319
46534,86161
46534,28935
46534,99792
46534,36296
46534,6594
46534,71569
46534,95995
46534,21334
46534,42923
46534,19147
46534,28714
46534,27266
46534,45185
46534,43746
46534,57967
46534,11038
46534,68857
46534,1674
46534,76147
46534,21855
46534,85225
46534,37106
46534,43081
46534,28282
46534,62826
46534,2677
46534,35093
46534,10424
46534,73409
46534,13373
46534,73873
46534,91043
46534,17930
46534,51334
46534,697
46534,33470
46534,7197
45498,84844
45498,39243
45498,12999
45498,84230
45498,65887
45498,15989
45498,14210
45498,98122
45498,59121
45498,94916
45498,50306
45498,10428
45498,64451
45498,30965
45498,69427
45498,59176
45498,8287
45498,46068
45498,58424
45498,69995
45498,50015
45498,73798
45498,41190
45498,3617
45498,62704
45498,7697
45498,66992
45498,94556
45498,2820
45498,3228
45498,474
45498,72277
45498,49612
45498,9891
45498,47066
45498,42451
45498,74853
45498,7315
45498,50886
45498,85851
45498,3086
45498,70282
45498,92866
45498,91223
45498,43175
45498,49806
45498,34924
45498,82707
45498,16722
45498,14421
45498,91832
45498,54974
45498,19091
45498,98615
45498,81052
45498,87269
45498,37195
45498,15718
45498,75920
45498,24353
45498,13705
45498,47292
45498,84822
45498,61309
45498,91314
45498,82639
45498,95408
45498,26544
45498,62943
45498,14765
45498,73704
45498,59817
45498,29682
45498,78675
45498,39888
45498,47884
45498,63297
45498,30170
45498,14299
45498,6594
45498,76793
45498,44976
45498,58578
45498,63028
45498,28714
45498,79067
45498,17354
45498,57782
45498,7025
45498,90275
45498,77964
45498,36956
45498,24497
45498,10692
45498,11038
45498,68857
45498,4925
45498,76147
45498,75529
45498,3101
45498,93507
45498,74499
45498,45506
45498,74722
45498,73855
45498,61238
45498,62851
45498,55334
45498,28282
45498,69661
45498,29290
45498,74594
45498,33450
45498,97567
45498,2677
45498,37735
45498,72466
45498,4809
45498,12515
45498,10424
45498,61976
45498,91043
45498,90650
45498,10059
45498,89967
45498,25417
45498,10958
45498,7197
19600,46602
19600,14340
19600,79650
19600,43092
19600,36458
19600,39983
19600,20460
19600,95763
19600,26312
19600,96937
19600,91642
19600,7697
19600,9891
19600,18765
19600,6262
19600,16081
19600,97386
19600,65304
19600,98151
19600,19897
19600,49679
19600,92866
19600,24548
19600,22528
19600,65432
19600,82093
19600,12242
19600,37195
19600,97287
19600,50883
19600,53695
19600,62943
19600,4272
19600,86161
19600,28935
19600,14240
19600,90219
19600,6594
19600,71569
19600,15956
19600,44976
19600,95995
19600,38798
19600,48745
19600,45185
19600,57967
19600,94202
19600,78177
19600,37787
19600,4232
19600,97900
19600,49233
19600,20445
19600,42982
19600,85617
19600,30568
19600,51334
19600,1711
73100,1064
73100,97522
73100,39885
73100,28620
73100,12999
73100,53926
73100,90965
73100,69909
73100,99710
73100,96311
73100,84178
73100,87030
73100,43092
73100,77939
73100,64416
73100,41448
73100,87810
73100,92369
73100,49372
73100,95763
73100,10564
73100,24302
73100,76581
73100,7959
73100,62725
73100,36866
73100,92155
73100,30083
73100,22648
73100,60090
73100,51710
73100,62803
73100,7697
73100,44043
73100,44582
73100,16897
73100,98684
73100,29628
73100,474
73100,17936
73100,48721
73100,71870
73100,5949
73100,34053
73100,65304
73100,54361
73100,70954
73100,66326
73100,9915
73100,84441
73100,27254
73100,96678
73100,22807
73100,22799
73100,43175
73100,1608
73100,49806
73100,48489
73100,16722
73100,3924
73100,28928
73100,82093
73100,45216
73100,71128
73100,87269
73100,15889
73100,48391
73100,48898
73100,15718
73100,91374
73100,97287
73100,73295
73100,70511
73100,73346
73100,50883
73100,98521
73100,81927
73100,19152
73100,29982
73100,46828
73100,61309
73100,89757
73100,8669
73100,6525
73100,68658
73100,54466
73100,10042
73100,52905
73100,36851
73100,4272
73100,53770
73100,47820
73100,86161
73100,59113
73100,81743
73100,41473
73100,39501
73100,29682
73100,84280
73100,26618
73100,99792
73100,8982
73100,35999
73100,78995
73100,97247
73100,58617
73100,10513
73100,83902
73100,29040
73100,57837
73100,48745
73100,57967
73100,94202
73100,77942
73100,21683
73100,45770
73100,22436
73100,44244
73100,96932
73100,1674
73100,76147
73100,78177
73100,98306
73100,93507
73100,76145
73100,3913
73100,55184
73100,16758
73100,45506
73100,34076
73100,74722
73100,1829
73100,13278
73100,39058
73100,17185
73100,88089
73100,29290
73100,87993
73100,68607
73100,998
73100,65163
73100,2677
73100,99473
73100,95796
73100,73409
73100,86447
73100,13373
73100,63531
73100,89249
73100,37022
73100,93387
73100,9320
73100,52638
73100,53056
73100,80572
73100,66677
73100,65114
73100,20515
73100,1318
73100,46196
73100,5062
73100,68532
73100,7197
58005,90965
58005,69909
58005,73918
58005,11003
58005,88731
58005,14340
58005,16021
58005,61726
58005,7612
58005,34874
58005,83129
58005,1272
58005,36875
58005,38335
58005,64417
58005,43652
58005,10563
58005,35573
58005,47260
58005,58914
58005,76017
58005,42452
58005,98463
58005,36866
58005,65538
58005,39491
58005,40875
58005,64607
58005,8309
58005,69711
58005,44582
58005,62707
58005,44672
58005,63866
58005,90375
58005,80519
58005,49612
58005,49195
58005,18765
58005,36215
58005,16081
58005,29884
58005,89332
58005,48721
58005,5949
58005,65304
58005,54361
58005,31336
58005,41019
58005,98151
58005,46061
58005,62905
58005,65271
58005,38505
58005,42102
58005,25460
58005,17740
58005,24548
58005,78229
58005,62153
58005,16722
58005,74365
58005,54129
58005,19487
58005,21092
58005,91832
58005,53082
58005,19091
58005,66075
58005,31024
58005,71128
58005,81052
58005,12906
58005,89459
58005,53881
58005,12138
58005,84595
58005,96472
58005,59063
58005,40753
58005,84024
58005,37654
58005,70511
58005,87941
58005,66004
58005,98521
58005,81927
58005,85606
58005,19152
58005,53695
58005,96149
58005,79870
58005,34016
58005,42819
58005,55639
58005,88953
58005,9588
58005,15566
58005,87456
58005,53495
58005,78675
58005,26618
58005,26074
58005,70167
58005,14299
58005,15956
58005,99173
58005,21334
58005,30846
58005,70679
58005,10343
58005,27266
58005,50519
58005,43946
58005,38589
58005,13613
58005,48745
58005,57967
58005,79515
58005,10692
58005,11038
58005,48609
58005,96932
58005,76147
58005,12599
58005,78591
58005,37106
58005,92503
58005,93507
58005,17736
58005,40938
58005,16758
58005,45506
58005,77844
58005,34076
58005,60549
58005,92100
58005,79102
58005,18218
58005,20762
58005,17185
58005,49957
58005,18808
58005,73409
58005,65334
58005,18064
58005,86447
58005,30692
58005,73539
58005,61976
58005,13395
58005,53056
58005,47458
58005,10059
58005,1318
58005,697
58005,80686
58005,652
58005,10958
58005,49307
45472,12376
45472,40696
45472,41477
45472,46602
45472,50797
45472,94791
45472,12999
45472,99322
45472,73918
45472,17253
45472,12361
45472,53643
45472,43561
45472,91845
45472,63867
45472,40029
45472,36078
45472,14210
45472,98122
45472,59121
45472,37624
45472,20082
45472,16021
45472,61726
45472,79650
45472,8980
45472,50306
45472,44305
45472,77939
45472,64416
45472,22517
45472,72594
45472,41448
45472,34874
45472,66638
45472,55515
45472,92369
45472,82241
45472,53548
45472,20460
45472,38335
45472,59176
45472,50802
45472,76581
45472,5957
45472,48196
45472,58424
45472,47260
45472,60979
45472,29210
45472,7959
45472,72149
45472,22340
45472,73733
45472,60211
45472,92155
45472,70782
45472,39274
45472,51710
45472,10079
45472,63014
45472,66992
45472,97872
45472,8309
45472,69711
45472,7685
45472,2820
45472,3228
45472,474
45472,72277
45472,78983
45472,80519
45472,67649
45472,49612
45472,89332
45472,63951
45472,80996
45472,66501
45472,7315
45472,62905
45472,38505
45472,34524
45472,27254
45472,64775
45472,19897
45472,96678
45472,27522
45472,78229
45472,13285
45472,91223
45472,43175
45472,62153
45472,1608
45472,48489
45472,34924
45472,16722
45472,21793
45472,28928
45472,51181
45472,36838
45472,54129
45472,75147
45472,62515
45472,18674
45472,80999
45472,82093
45472,45216
45472,98615
45472,87269
45472,113
45472,4177
45472,96472
45472,97287
45472,34808
45472,3793
45472,68416
45472,73295
45472,70511
45472,87941
45472,13122
45472,24353
45472,47292
45472,48612
45472,61309
45472,79834
45472,54466
45472,47881
45472,60670
45472,79870
45472,11766
45472,21036
45472,95408
45472,26544
45472,76900
45472,13968
45472,21947
45472,55639
45472,93735
45472,9588
45472,55587
45472,49068
45472,47187
45472,28935
45472,81743
45472,53495
45472,14240
45472,92622
45472,78675
45472,45841
45472,80842
45472,93464
45472,74988
45472,35999
45472,44976
45472,70254
45472,95995
45472,62837
45472,38211
45472,58159
45472,63028
45472,10343
45472,27266
45472,7339
45472,50519
45472,9239
45472,70600
45472,12237
45472,45925
45472,43946
45472,6815
45472,50307
45472,44949
45472,43746
45472,51956
45472,94730
45472,90275
45472,57967
45472,81307
45472,12407
45472,11038
45472,22436
45472,75529
45472,98306
45472,78591
45472,3101
45472,86833
45472,60228
45472,62789
45472,8536
45472,3913
45472,55184
45472,40938
45472,82993
45472,49942
45472,77844
45472,51097
45472,62851
45472,55334
45472,18445
45472,74176
45472,20762
45472,20445
45472,84098
45472,79138
45472,8697
45472,21831
45472,31910
45472,35093
45472,24072
45472,99757
45472,99473
45472,30568
45472,10424
45472,13373
45472,42374
45472,64575
45472,52638
45472,13395
45472,90650
45472,19794
45472,16219
45472,95180
45472,65114
45472,89967
45472,20515
45472,1318
45472,697
45472,25417
45472,49307
45472,30776
45472,74088
45472,21236
97156,12376
97156,54084
97156,94791
97156,12361
97156,37605
97156,74649
97156,96311
97156,88731
97156,14210
97156,43092
97156,64416
97156,41448
97156,34874
97156,1503
97156,81015
97156,36458
97156,46159
97156,39983
97156,53548
97156,87781
97156,10563
97156,26312
97156,88384
97156,59292
97156,69995
97156,42452
97156,98463
97156,58245
97156,22340
97156,65538
97156,51451
97156,46431
97156,62803
97156,62704
97156,64607
97156,89624
97156,94556
97156,44582
97156,17936
97156,14531
97156,16081
97156,29884
97156,5949
97156,65304
97156,80996
97156,20562
97156,1862
97156,74853
97156,41019
97156,34274
97156,6
97156,3086
97156,30719
97156,24548
97156,22807
97156,43175
97156,23525
97156,26935
97156,97475
97156,34924
97156,84059
97156,21793
97156,80999
97156,27455
97156,82093
97156,45216
97156,40584
97156,81052
97156,25706
97156,88161
97156,37195
97156,12138
97156,7021
97156,84595
97156,24234
97156,40753
97156,97287
97156,34808
97156,3793
97156,49424
97156,37512
97156,63042
97156,13122
97156,56254
97156,72364
97156,53695
97156,82814
97156,9031
97156,6525
97156,10042
97156,18276
97156,47881
97156,34016
97156,72410
97156,5943
97156,11733
97156,16012
97156,15566
97156,49068
97156,14240
97156,29682
97156,30170
97156,75375
97156,35999
97156,26638
97156,42987
97156,38798
97156,58159
97156,70679
97156,99290
97156,28714
97156,27266
97156,38589
97156,50307
97156,13613
97156,44949
97156,45185
97156,28799
97156,64317
97156,94202
97156,78177
97156,4312
97156,4232
97156,8536
97156,76145
97156,3913
97156,82993
97156,49942
97156,77844
97156,34076
97156,52708
97156,56407
97156,57589
97156,74176
97156,79102
97156,33249
97156,38591
97156,48933
97156,29290
97156,9835
97156,42982
97156,21831
97156,97754
97156,2677
97156,16216
97156,27660
97156,92282
97156,12515
97156,65334
97156,18064
97156,99454
97156,53352
97156,53056
97156,78277
97156,89642
97156,17930
97156,90808
97156,46196
97156,97957
29166,84844
29166,54084
29166,1064
29166,70994
29166,94791
29166,28620
29166,53926
29166,90965
29166,69909
29166,84230
29166,37711
29166,88731
29166,87030
29166,79650
29166,3545
29166,7612
29166,3805
29166,66638
29166,46461
29166,69427
29166,74059
29166,68556
29166,58914
29166,87765
29166,39491
29166,29923
29166,10079
29166,23385
29166,7697
29166,58143
29166,86807
29166,66992
29166,97872
29166,39301
29166,62707
29166,7685
29166,27671
29166,89332
29166,48721
29166,34274
29166,19581
29166,65271
29166,17740
29166,13285
29166,64747
29166,34924
29166,21793
29166,28928
29166,80887
29166,36838
29166,99057
29166,7926
29166,4071
29166,5199
29166,80321
29166,82093
29166,1198
29166,48391
29166,91374
29166,84024
29166,37512
29166,81927
29166,86997
29166,58951
29166,8669
29166,58660
29166,54466
29166,9621
29166,11766
29166,14765
29166,4272
29166,65295
29166,93735
29166,1349
29166,21026
29166,47187
29166,81743
29166,92622
29166,56529
29166,93464
29166,76327
29166,95265
29166,21334
29166,78374
29166,56747
29166,19147
29166,99290
29166,64039
29166,9239
29166,70600
29166,38589
29166,71663
29166,77942
29166,45770
29166,63620
29166,76147
29166,8628
29166,3101
29166,72598
29166,74722
29166,84135
29166,58681
29166,32176
29166,92100
29166,20445
29166,29290
29166,74594
29166,87993
29166,88486
29166,90034
29166,37735
29166,41543
29166,99454
29166,64575
29166,47458
29166,652
29166,49307
62697,41477
62697,39243
62697,70994
62697,73918
62697,17253
62697,79668
62697,28680
62697,70434
62697,64417
62697,58914
62697,92155
62697,40875
62697,26405
62697,22620
62697,47172
62697,69711
62697,76214
62697,29884
62697,30719
62697,49679
62697,74600
62697,28928
62697,14290
62697,36838
62697,31024
62697,88950
62697,84595
62697,96472
62697,44313
62697,42635
62697,74421
62697,37212
62697,61309
62697,64757
62697,58660
62697,60670
62697,11766
62697,21947
62697,55319
62697,73704
62697,28935
62697,99173
62697,42987
62697,78995
62697,12104
62697,12237
62697,45925
62697,7025
62697,48790
62697,64966
62697,77841
62697,10692
62697,3913
62697,60549
62697,18841
62697,69661
62697,88089
62697,79138
62697,97754
62697,31910
62697,4809
62697,10424
62697,37022
62697,36323
62697,9169
62697,16219
62697,17930
62697,5062
97550,39885
97550,53926
97550,17253
97550,32818
97550,57372
97550,29838
97550,63867
97550,2126
97550,14210
97550,81332
97550,64416
97550,83129
97550,91713
97550,70434
97550,46461
97550,79095
97550,64417
97550,48196
97550,58914
97550,62725
97550,50015
97550,60211
97550,39491
97550,4731
97550,11125
97550,78824
97550,26405
97550,47172
97550,16897
97550,27671
97550,18765
97550,91
97550,28110
97550,94560
97550,19581
97550,62905
97550,96678
97550,43175
97550,3924
97550,28928
97550,14290
97550,36838
97550,54129
97550,99057
97550,4071
97550,58876
97550,80321
97550,45216
97550,48391
97550,37195
97550,4177
97550,37512
97550,87941
97550,50883
97550,96507
97550,85606
97550,47292
97550,59338
97550,86997
97550,48612
97550,61309
97550,34016
97550,95408
97550,26544
97550,4272
97550,53770
97550,86161
97550,20149
97550,30170
97550,35999
97550,99173
97550,56747
97550,18165
97550,44949
97550,48790
97550,28799
97550,1674
97550,6463
97550,12599
97550,37106
97550,72598
97550,72270
97550,45506
97550,7536
97550,61238
97550,57589
97550,39058
97550,69661
97550,48933
97550,9835
97550,74594
97550,87993
97550,42982
97550,68607
97550,21831
97550,65163
97550,90034
97550,4809
97550,16216
97550,12515
97550,65334
97550,90650
97550,19794
97550,89096
97550,51334
97550,46196
97550,85528
97550,652
97550,33252
97550,1711
99418,90482
99418,1064
99418,41477
99418,39243
99418,46602
99418,53926
99418,84230
99418,28680
99418,29838
99418,91845
99418,40029
99418,43735
99418,84178
99418,37624
99418,94916
99418,90113
99418,3805
99418,64451
99418,83129
99418,1272
99418,70434
99418,36458
99418,51625
99418,53548
99418,36875
99418,10563
99418,8287
99418,35573
99418,88384
99418,50015
99418,36866
99418,51451
99418,88776
99418,40875
99418,7697
99418,47172
99418,94556
99418,97872
99418,69711
99418,63866
99418,80519
99418,67649
99418,49612
99418,36215
99418,16081
99418,80996
99418,68964
99418,70954
99418,39863
99418,9915
99418,34274
99418,84441
99418,38505
99418,78765
99418,97475
99418,82707
99418,14290
99418,4071
99418,65664
99418,51810
99418,18030
99418,80321
99418,45216
99418,12242
99418,25706
99418,15718
99418,75920
99418,84595
99418,24234
99418,29822
99418,91374
99418,44313
99418,84024
99418,42723
99418,70511
99418,48430
99418,96507
99418,29982
99418,20079
99418,37212
99418,64757
99418,10042
99418,96149
99418,72929
99418,42819
99418,76900
99418,21947
99418,16012
99418,14425
99418,53770
99418,80842
99418,26074
99418,76793
99418,95995
99418,69725
99418,97247
99418,58159
99418,63028
99418,99290
99418,6090
99418,85262
99418,61025
99418,17354
99418,43746
99418,94730
99418,60730
99418,68857
99418,4925
99418,1674
99418,2584
99418,59844
99418,86833
99418,76145
99418,90546
99418,74499
99418,77844
99418,69125
99418,60549
99418,18841
99418,66713
99418,55334
99418,79102
99418,39310
99418,28112
99418,40557
99418,87993
99418,72466
99418,84551
99418,4809
99418,99757
99418,95796
99418,73409
99418,65334
99418,13373
99418,35240
99418,36323
99418,53056
99418,95180
99418,20515
99418,10958
99418,33252
99418,52110
99418,33470
90060,84844
90060,94791
90060,94649
90060,65887
90060,63867
90060,14613
90060,88731
90060,94916
90060,8980
90060,10428
90060,1272
90060,70434
90060,81015
90060,36458
90060,25310
90060,38335
90060,24302
90060,74059
90060,76581
90060,29210
90060,58914
90060,36162
90060,30083
90060,46431
90060,39274
90060,3193
90060,3617
90060,23385
90060,43461
90060,89624
90060,44582
90060,82739
90060,30883
90060,80519
90060,30614
90060,89332
90060,65304
90060,6346
90060,38505
90060,92548
90060,3086
90060,86289
90060,96678
90060,74600
90060,78229
90060,64747
90060,22807
90060,57494
90060,43175
90060,62153
90060,65472
90060,21793
90060,80887
90060,99057
90060,7926
90060,91832
90060,43003
90060,54974
90060,80321
90060,45216
90060,22110
90060,71128
90060,89459
90060,12138
90060,15718
90060,4177
90060,84595
90060,24234
90060,96472
90060,59054
90060,40753
90060,91374
90060,70511
90060,48430
90060,25316
90060,98521
90060,96507
90060,84822
90060,61309
90060,64757
90060,68658
90060,54466
90060,60670
90060,95408
90060,5943
90060,19028
90060,14425
90060,93735
90060,26761
90060,88953
90060,86161
90060,47187
90060,39501
90060,45841
90060,93464
90060,30170
90060,78995
90060,97247
90060,8796
90060,62837
90060,38211
90060,70679
90060,58617
90060,37372
90060,70600
90060,45925
90060,43946
90060,79067
90060,59783
90060,10692
90060,96932
90060,21855
90060,75529
90060,4312
90060,78591
90060,86833
90060,37106
90060,60228
90060,93507
90060,3913
90060,55184
90060,74499
90060,7536
90060,55334
90060,84135
90060,96402
90060,38591
90060,45696
90060,87993
90060,88486
90060,65163
90060,4809
90060,16291
90060,12515
90060,82704
90060,89249
90060,91043
90060,16219
90060,17930
90060,66677
90060,51334
90060,5062
90060,697
90060,94637
90060,52110
90060,33470
90060,44128
25477,40696
25477,70994
25477,94791
25477,90965
25477,94649
25477,12361
25477,53643
25477,28680
25477,695
25477,29838
25477,91845
25477,20082
25477,61726
25477,8980
25477,7612
25477,22517
25477,91713
25477,39824
25477,92369
25477,70434
25477,49372
25477,46461
25477,39983
25477,69427
25477,36875
25477,38932
25477,1795
25477,60979
25477,58914
25477,60388
25477,50015
25477,42452
25477,82315
25477,78373
25477,4731
25477,11125
25477,3193
25477,3617
25477,89624
25477,94556
25477,69711
25477,49612
25477,91
25477,97386
25477,12812
25477,68964
25477,1862
25477,31336
25477,19581
25477,93016
25477,34524
25477,27254
25477,23594
25477,23525
25477,97475
25477,34924
25477,16722
25477,27199
25477,22528
25477,28928
25477,54129
25477,36854
25477,43003
25477,34523
25477,66075
25477,82093
25477,24070
25477,37195
25477,59063
25477,47003
25477,68416
25477,70511
25477,50883
25477,98521
25477,55814
25477,19152
25477,86997
25477,29982
25477,46828
25477,82814
25477,58951
25477,10042
25477,96149
25477,76900
25477,11733
25477,53770
25477,39383
25477,47820
25477,21026
25477,28935
25477,81743
25477,39501
25477,20149
25477,80842
25477,62293
25477,14299
25477,71569
25477,15956
25477,70254
25477,21334
25477,42923
25477,38798
25477,66626
25477,19147
25477,18165
25477,82703
25477,43946
25477,57837
25477,78665
25477,48790
25477,62224
25477,67747
25477,63777
25477,63620
25477,76147
25477,8628
25477,4312
25477,18882
25477,12599
25477,78591
25477,57242
25477,72598
25477,16758
25477,82993
25477,34076
25477,11238
25477,57589
25477,13278
25477,43081
25477,33249
25477,17185
25477,49957
25477,29290
25477,42982
25477,21831
25477,62826
25477,65163
25477,85617
25477,30568
25477,12515
25477,18064
25477,86447
25477,35240
25477,37022
25477,93387
25477,19794
25477,16219
25477,89642
25477,75733
25477,35079
25477,94637
25477,64597
25477,74888
25477,21236
25477,97957
53823,41477
53823,39243
53823,28680
53823,37605
53823,74649
53823,96311
53823,91845
53823,49558
53823,2126
53823,98122
53823,61726
53823,59135
53823,43092
53823,3545
53823,72594
53823,1272
53823,91713
53823,39824
53823,49372
53823,82241
53823,46461
53823,25310
53823,79095
53823,59176
53823,50136
53823,89592
53823,8287
53823,26312
53823,60979
53823,59292
53823,50015
53823,36866
53823,58245
53823,24848
53823,22340
53823,60211
53823,65681
53823,78373
53823,51055
53823,39491
53823,40875
53823,51710
53823,29923
53823,26405
53823,51678
53823,7697
53823,58143
53823,86807
53823,66992
53823,83365
53823,39301
53823,44672
53823,63866
53823,72277
53823,6262
53823,29884
53823,47722
53823,65304
53823,51431
53823,71346
53823,39863
53823,9915
53823,13875
53823,98151
53823,50886
53823,46061
53823,48244
53823,62905
53823,85851
53823,13512
53823,92548
53823,3086
53823,21230
53823,78765
53823,81497
53823,24548
53823,22799
53823,27199
53823,96691
53823,28928
53823,83163
53823,65746
53823,54974
53823,34523
53823,45216
53823,24070
53823,81052
53823,12242
53823,94363
53823,59063
53823,40753
53823,42723
53823,3793
53823,73295
53823,87941
53823,13122
53823,50883
53823,24353
53823,96507
53823,39809
53823,59338
53823,19152
53823,86997
53823,69465
53823,37212
53823,46428
53823,9031
53823,8669
53823,72929
53823,34016
53823,11766
53823,42819
53823,16012
53823,55639
53823,93735
53823,49068
53823,28935
53823,81743
53823,14240
53823,29682
53823,26618
53823,20149
53823,47884
53823,80842
53823,93464
53823,48302
53823,75375
53823,76793
53823,2997
53823,58578
53823,84622
53823,97247
53823,78374
53823,85542
53823,58617
53823,3
53823,99290
53823,27266
53823,82703
53823,79067
53823,17354
53823,78665
53823,43746
53823,90275
53823,28799
53823,77841
53823,57967
53823,94202
53823,21683
53823,10353
53823,44244
53823,48609
53823,1674
53823,8628
53823,21855
53823,4232
53823,12599
53823,72568
53823,29704
53823,90546
53823,67921
53823,5059
53823,6374
53823,84135
53823,20445
53823,29290
53823,79138
53823,33450
53823,42982
53823,61825
53823,97754
53823,2677
53823,99757
53823,92282
53823,73409
53823,99454
53823,82704
53823,35240
53823,89249
53823,93387
53823,64575
53823,53056
53823,88311
53823,17930
53823,66677
53823,47458
53823,51334
53823,25838
53823,1318
53823,85528
53823,5062
53823,652
53823,64597
53823,10958
53823,74088
53823,1711
53823,59530
87810,1064
87810,39243
87810,46602
87810,73918
87810,79668
87810,53643
87810,29838
87810,43561
87810,65887
87810,29759
87810,88731
87810,36078
87810,61726
87810,87030
87810,81332
87810,95607
87810,41448
87810,87810
87810,83129
87810,55515
87810,1272
87810,70392
87810,46461
87810,39983
87810,39079
87810,11960
87810,79095
87810,50802
87810,64417
87810,8013
87810,50136
87810,49983
87810,35573
87810,26312
87810,96937
87810,29210
87810,88384
87810,62725
87810,60388
87810,36866
87810,65538
87810,57289
87810,51451
87810,2418
87810,22620
87810,43461
87810,89624
87810,97893
87810,16897
87810,39301
87810,13914
87810,29628
87810,18765
87810,89332
87810,97386
87810,34053
87810,68964
87810,70954
87810,66501
87810,50886
87810,42102
87810,86289
87810,21230
87810,78765
87810,81497
87810,2500
87810,65472
87810,82707
87810,3924
87810,96691
87810,28928
87810,14290
87810,36838
87810,99057
87810,7926
87810,91832
87810,53082
87810,65432
87810,65746
87810,58876
87810,65664
87810,19091
87810,34523
87810,71128
87810,87269
87810,1198
87810,61524
87810,28495
87810,113
87810,37195
87810,4177
87810,42635
87810,48430
87810,62444
87810,56254
87810,24353
87810,55814
87810,19152
87810,46828
87810,53695
87810,37212
87810,61309
87810,8669
87810,10042
87810,52905
87810,34016
87810,21036
87810,26544
87810,14765
87810,11733
87810,19028
87810,53770
87810,9588
87810,49068
87810,37840
87810,59113
87810,28935
87810,41473
87810,92622
87810,47884
87810,80842
87810,70167
87810,28136
87810,2997
87810,74988
87810,99173
87810,58578
87810,69725
87810,85542
87810,44348
87810,83902
87810,19147
87810,64039
87810,37372
87810,43946
87810,57782
87810,48790
87810,77964
87810,23664
87810,64966
87810,57967
87810,94202
87810,62224
87810,61326
87810,24497
87810,6463
87810,21855
87810,75529
87810,57242
87810,86833
87810,72568
87810,97900
87810,72598
87810,76145
87810,49233
87810,82993
87810,72270
87810,60549
87810,84135
87810,57589
87810,13278
87810,74176
87810,33249
87810,17185
87810,28282
87810,9835
87810,39993
87810,88486
87810,85617
87810,72466
87810,27660
87810,92282
87810,52703
87810,73409
87810,91319
87810,86447
87810,82704
87810,89249
87810,30692
87810,93387
87810,73539
87810,61976
87810,91043
87810,78277
87810,16219
87810,89642
87810,17930
87810,66677
87810,39496
87810,10958
87810,52110
87810,33470
87810,80200
87810,44128
87810,59530
38480,84844
38480,40696
38480,39885
38480,70994
38480,53643
38480,61726
38480,3545
38480,66638
38480,70392
38480,46461
38480,8013
38480,89592
38480,5957
38480,7959
38480,22648
38480,47172
38480,78983
38480,17936
38480,9915
38480,46061
38480,48244
38480,27522
38480,64747
38480,99057
38480,4071
38480,54974
38480,82093
38480,113
38480,48391
38480,42635
38480,37212
38480,4272
38480,26761
38480,78675
38480,26618
38480,80842
38480,62293
38480,76793
38480,70679
38480,19147
38480,18165
38480,38589
38480,57967
38480,77942
38480,37787
38480,76145
38480,34076
38480,10188
38480,73855
38480,13278
38480,87993
38480,65163
38480,85038
38480,16216
38480,95796
38480,86447
38480,35240
38480,19794
38480,66677
38480,697
38480,1711
5468,97522
5468,94649
5468,28680
5468,96311
5468,65887
5468,59121
5468,8980
5468,50306
5468,43092
5468,95607
5468,64416
5468,72594
5468,41448
5468,10428
5468,1503
5468,30965
5468,92369
5468,36458
5468,39079
5468,79095
5468,36875
5468,10520
5468,64417
5468,50136
5468,76581
5468,22048
5468,46068
5468,29210
5468,59292
5468,36866
5468,57289
5468,65681
5468,51451
5468,60090
5468,3617
5468,26405
5468,7697
5468,58143
5468,44043
5468,89624
5468,50055
5468,82739
5468,76214
5468,14531
5468,36215
5468,8862
5468,65304
5468,63951
5468,94560
5468,38505
5468,6
5468,13512
5468,27254
5468,27522
5468,78229
5468,22807
5468,65472
5468,63112
5468,14290
5468,19487
5468,75147
5468,99057
5468,80999
5468,65432
5468,51810
5468,36891
5468,82093
5468,45216
5468,98615
5468,89459
5468,25706
5468,53881
5468,12138
5468,40753
5468,44313
5468,97287
5468,94691
5468,87941
5468,48430
5468,41743
5468,96507
5468,84822
5468,46828
5468,95970
5468,91314
5468,54466
5468,82847
5468,47881
5468,57173
5468,15096
5468,34016
5468,11766
5468,53770
5468,1349
5468,21026
5468,87379
5468,59113
5468,28935
5468,39501
5468,29682
5468,74988
5468,78995
5468,69725
5468,8796
5468,76511
5468,83902
5468,63028
5468,70600
5468,12237
5468,79067
5468,57837
5468,94730
5468,94202
5468,44244
5468,21855
5468,59844
5468,4232
5468,93507
5468,40938
5468,56489
5468,7536
5468,60549
5468,96402
5468,18445
5468,33249
5468,84098
5468,88089
5468,45696
5468,87993
5468,88486
5468,97567
5468,2677
5468,84551
5468,92282
5468,52703
5468,82704
5468,63531
5468,36323
5468,73539
5468,16219
5468,47458
5468,20515
5468,74888
5468,52110
5468,33470
93920,39243
93920,39885
93920,94791
93920,17253
93920,63867
93920,36078
93920,43735
93920,84178
93920,59121
93920,90113
93920,3805
93920,70392
93920,79095
93920,95763
93920,10564
93920,89592
93920,38932
93920,46068
93920,58424
93920,50015
93920,82315
93920,11153
93920,41435
93920,39491
93920,51451
93920,22648
93920,70782
93920,60090
93920,87239
93920,47172
93920,86807
93920,63014
93920,83365
93920,63866
93920,76214
93920,72277
93920,91
93920,16081
93920,47722
93920,48721
93920,47066
93920,12812
93920,51431
93920,39863
93920,30205
93920,9915
93920,7315
93920,48244
93920,6346
93920,38505
93920,13512
93920,97323
93920,82969
93920,30860
93920,30719
93920,86289
93920,19897
93920,96678
93920,49679
93920,70282
93920,57494
93920,62153
93920,27199
93920,83163
93920,62515
93920,18674
93920,72188
93920,65432
93920,51810
93920,19091
93920,31024
93920,71128
93920,81052
93920,87269
93920,15889
93920,88161
93920,40753
93920,42635
93920,16425
93920,37654
93920,49424
93920,68416
93920,37512
93920,55814
93920,96507
93920,74421
93920,19152
93920,86997
93920,46828
93920,8669
93920,10042
93920,47881
93920,60670
93920,82639
93920,95408
93920,36851
93920,4272
93920,65295
93920,11775
93920,21026
93920,34448
93920,15566
93920,9053
93920,81743
93920,59817
93920,39501
93920,29682
93920,78675
93920,20149
93920,47884
93920,62293
93920,6594
93920,76793
93920,2997
93920,35999
93920,69725
93920,8796
93920,38211
93920,70679
93920,76511
93920,7339
93920,6815
93920,57837
93920,77841
93920,57967
93920,36956
93920,67747
93920,63777
93920,76147
93920,75529
93920,98306
93920,57242
93920,86833
93920,37106
93920,93507
93920,3913
93920,90546
93920,56489
93920,60549
93920,74722
93920,5059
93920,61238
93920,66713
93920,58681
93920,13278
93920,43081
93920,39310
93920,28112
93920,20445
93920,49957
93920,74594
93920,45696
93920,39993
93920,8697
93920,97567
93920,65163
93920,31910
93920,85617
93920,2677
93920,35093
93920,72466
93920,52703
93920,91319
93920,86447
93920,13373
93920,99454
93920,82704
93920,63531
93920,37022
93920,42374
93920,61976
93920,7137
93920,80572
93920,89967
93920,90808
93920,697
93920,94637
93920,25417
93920,33470
93920,1711
96234,94791
96234,28620
96234,29838
96234,20082
96234,66638
96234,69427
96234,8013
96234,89592
96234,6510
96234,42452
96234,54857
96234,82315
96234,60211
96234,78373
96234,78824
96234,23385
96234,47172
96234,94556
96234,39301
96234,27671
96234,17936
96234,14531
96234,47722
96234,28110
96234,54361
96234,66326
96234,9915
96234,50886
96234,96678
96234,62153
96234,48489
96234,96691
96234,91832
96234,43003
96234,5199
96234,19091
96234,113
96234,15718
96234,40753
96234,73295
96234,85606
96234,57173
96234,15096
96234,21026
96234,81743
96234,84280
96234,20149
96234,48302
96234,26638
96234,21334
96234,42923
96234,56747
96234,58617
96234,3
96234,99290
96234,61573
96234,45770
96234,98306
96234,37106
96234,74499
96234,34076
96234,10188
96234,61238
96234,39310
96234,18218
96234,29290
96234,87993
96234,68607
96234,85038
96234,99473
96234,92966
96234,12515
96234,86447
96234,89249
96234,53056
96234,19794
96234,10059
32834,84844
32834,1064
32834,84230
32834,28680
32834,57372
32834,14613
32834,88731
32834,36078
32834,43735
32834,98122
32834,37624
32834,94916
32834,90113
32834,3805
32834,34874
32834,64451
32834,66638
32834,1272
32834,36458
32834,46159
32834,69427
32834,39079
32834,79095
32834,10520
32834,48196
32834,50015
32834,42452
32834,36866
32834,78373
32834,39491
32834,4731
32834,11125
32834,70782
32834,26165
32834,64607
32834,58143
32834,69711
32834,7685
32834,49195
32834,29884
32834,47066
32834,68964
32834,66501
32834,41019
32834,13512
32834,30719
32834,49679
32834,49806
32834,82707
32834,21793
32834,65432
32834,82093
32834,12242
32834,37195
32834,12138
32834,15718
32834,16425
32834,63663
32834,42723
32834,50883
32834,85606
32834,20079
32834,46828
32834,79834
32834,8669
32834,91314
32834,96149
32834,11766
32834,88953
32834,87456
32834,41473
32834,78675
32834,26618
32834,99792
32834,95995
32834,69725
32834,21334
32834,97247
32834,78374
32834,56747
32834,30481
32834,70679
32834,66626
32834,76511
32834,63028
32834,99290
32834,79067
32834,61025
32834,17354
32834,78665
32834,45185
32834,43746
32834,28799
32834,60730
32834,1674
32834,78177
32834,18882
32834,76145
32834,3913
32834,77844
32834,73855
32834,9835
32834,2677
32834,18808
32834,72466
32834,41543
32834,52703
32834,80759
32834,80572
32834,17930
32834,75733
32834,32666
32834,89967
32834,90808
32834,25417
32834,10958
32834,74888
32834,59530
59628,41477
59628,39243
59628,69909
59628,99322
59628,73918
59628,99710
59628,15989
59628,29759
59628,88731
59628,40029
59628,14210
59628,84178
59628,22551
59628,94916
59628,59135
59628,8980
59628,22517
59628,66638
59628,55515
59628,92369
59628,81015
59628,51625
59628,53548
59628,11960
59628,25310
59628,59176
59628,93944
59628,49983
59628,89592
59628,48196
59628,1795
59628,60979
59628,59292
59628,36866
59628,73798
59628,9150
59628,30083
59628,51055
59628,37570
59628,4731
59628,78824
59628,62803
59628,58143
59628,63014
59628,43461
59628,89624
59628,83365
59628,69711
59628,97893
59628,82739
59628,63866
59628,80519
59628,67649
59628,18765
59628,30614
59628,89332
59628,63951
59628,30205
59628,66501
59628,31336
59628,45177
59628,50886
59628,46061
59628,48244
59628,62905
59628,84441
59628,1836
59628,6
59628,34524
59628,21230
59628,81497
59628,91223
59628,57494
59628,43175
59628,88855
59628,48489
59628,16722
59628,3924
59628,96691
59628,14290
59628,51181
59628,83163
59628,21092
59628,80999
59628,43003
59628,4071
59628,54974
59628,19091
59628,45216
59628,94363
59628,95994
59628,113
59628,48391
59628,15718
59628,4177
59628,75920
59628,42723
59628,87941
59628,24353
59628,48756
59628,81927
59628,55814
59628,13705
59628,85606
59628,59338
59628,72364
59628,48612
59628,29982
59628,95970
59628,61309
59628,46428
59628,9031
59628,8669
59628,57173
59628,52905
59628,82639
59628,42819
59628,95408
59628,5943
59628,62943
59628,13968
59628,41473
59628,45841
59628,80842
59628,95853
59628,6594
59628,3588
59628,76793
59628,99173
59628,87505
59628,84622
59628,95995
59628,30846
59628,56747
59628,62837
59628,36422
59628,58617
59628,66626
59628,83902
59628,18165
59628,79067
59628,38589
59628,57837
59628,17354
59628,43746
59628,94730
59628,28799
59628,60730
59628,57967
59628,21683
59628,12333
59628,68857
59628,48609
59628,4925
59628,6463
59628,75529
59628,8536
59628,33196
59628,40938
59628,74499
59628,67921
59628,49942
59628,60549
59628,18841
59628,56407
59628,61238
59628,66713
59628,57589
59628,13278
59628,33249
59628,18218
59628,39058
59628,17185
59628,38591
59628,20445
59628,88089
59628,17526
59628,87993
59628,33450
59628,61825
59628,62826
59628,65163
59628,85617
59628,41543
59628,99473
59628,16291
59628,92282
59628,12515
59628,65334
59628,18064
59628,35240
59628,53352
59628,37022
59628,42374
59628,64575
59628,9169
59628,13395
59628,90650
59628,53056
59628,90307
59628,89642
59628,89096
59628,10059
59628,39496
59628,5062
59628,697
59628,80686
59628,52110
59628,33470
59628,44128
59628,59530
59628,97957
48904,41477
48904,2885
48904,69909
48904,73918
48904,57372
48904,96311
48904,15989
48904,91845
48904,29759
48904,2126
48904,20082
48904,87030
48904,7612
48904,72594
48904,66638
48904,39824
48904,81015
48904,46461
48904,8013
48904,50136
48904,74059
48904,68556
48904,58424
48904,7959
48904,72149
48904,87765
48904,69995
48904,50015
48904,36866
48904,73445
48904,60211
48904,91642
48904,41190
48904,39491
48904,51451
48904,13748
48904,7697
48904,39301
48904,98684
48904,28429
48904,90375
48904,89332
48904,5949
48904,12812
48904,92882
48904,42451
48904,66326
48904,31336
48904,7315
48904,98151
48904,48244
48904,84441
48904,13512
48904,30860
48904,25460
48904,21230
48904,90997
48904,70282
48904,92866
48904,13285
48904,85293
48904,26935
48904,1608
48904,48489
48904,34924
48904,27199
48904,54129
48904,99057
48904,83163
48904,36854
48904,79278
48904,54974
48904,18030
48904,19091
48904,98615
48904,87269
48904,113
48904,84595
48904,59054
48904,44313
48904,97287
48904,16425
48904,3793
48904,56254
48904,24353
48904,55814
48904,39809
48904,58660
48904,47881
48904,79870
48904,42819
48904,26544
48904,62943
48904,14765
48904,11733
48904,4272
48904,93735
48904,86161
48904,47187
48904,37840
48904,28935
48904,53495
48904,29682
48904,56529
48904,84280
48904,80842
48904,95338
48904,14299
48904,6594
48904,76793
48904,28136
48904,6856
48904,70679
48904,58617
48904,10513
48904,63028
48904,43946
48904,6815
48904,79067
48904,17354
48904,45185
48904,90275
48904,29811
48904,57967
48904,12407
48904,48609
48904,6463
48904,12599
48904,86833
48904,37106
48904,97900
48904,8536
48904,16758
48904,56489
48904,69125
48904,7536
48904,61238
48904,6374
48904,55334
48904,84135
48904,27856
48904,88089
48904,79138
48904,88486
48904,21831
48904,65163
48904,97754
48904,85617
48904,2677
48904,35093
48904,37735
48904,99757
48904,30568
48904,92282
48904,10424
48904,73409
48904,18064
48904,99454
48904,63531
48904,93387
48904,61976
48904,52638
48904,75733
48904,10059
48904,80686
48904,33252
48904,44128
48904,7197
48904,97957
88817,69909
88817,28680
88817,57372
88817,695
88817,22551
88817,59135
88817,79650
88817,1503
88817,58914
88817,73445
88817,39274
88817,2418
88817,23385
88817,63014
88817,69711
88817,49612
88817,18765
88817,65304
88817,31336
88817,1836
88817,6
88817,27254
88817,42102
88817,25460
88817,88855
88817,97475
88817,54129
88817,80999
88817,43003
88817,29358
88817,66075
88817,12906
88817,24234
88817,42635
88817,70511
88817,26261
88817,81927
88817,86997
88817,53695
88817,79870
88817,42819
88817,21947
88817,26761
88817,88953
88817,47187
88817,59113
88817,90219
88817,48302
88817,43946
88817,79589
88817,50307
88817,13613
88817,4027
88817,81307
88817,6463
88817,18882
88817,3101
88817,77844
88817,34076
88817,11238
88817,38591
88817,86447
88817,89249
88817,61976
88817,52638
88817,19794
88817,89642
88817,35079
88817,90808
88817,1318
88817,49307
88817,33252
88817,52110
68771,41477
68771,94791
68771,73945
68771,70434
68771,49372
68771,10520
68771,46068
68771,60211
68771,88776
68771,47172
68771,43461
68771,13914
68771,5949
68771,46061
68771,6346
68771,3086
68771,30719
68771,19897
68771,96678
68771,90997
68771,74600
68771,92866
68771,65432
68771,88950
68771,113
68771,96472
68771,37654
68771,42723
68771,47003
68771,48430
68771,6816
68771,64757
68771,54466
68771,11766
68771,14425
68771,65295
68771,88953
68771,9588
68771,59113
68771,28935
68771,39501
68771,39888
68771,42987
68771,78995
68771,69725
68771,70600
68771,62224
68771,36956
68771,68857
68771,10353
68771,63620
68771,4232
68771,85225
68771,60228
68771,69125
68771,7536
68771,43081
68771,13373
68771,9169
68771,52638
68771,80572
68771,68532
68771,94637
68771,74088
68771,33470
68771,44128
99276,84844
99276,12376
99276,97522
99276,39243
99276,12999
99276,84230
99276,99322
99276,94649
99276,28680
99276,96311
99276,91845
99276,88731
99276,14210
99276,84178
99276,61726
99276,34874
99276,83129
99276,70434
99276,36458
99276,82241
99276,46159
99276,20460
99276,95763
99276,95594
99276,50802
99276,89592
99276,38932
99276,8287
99276,58424
99276,60979
99276,7959
99276,42452
99276,98463
99276,54857
99276,22340
99276,60211
99276,91642
99276,41190
99276,37570
99276,22648
99276,88776
99276,26165
99276,10079
99276,47172
99276,63014
99276,94556
99276,3003
99276,63866
99276,13148
99276,3228
99276,90375
99276,16081
99276,48721
99276,47066
99276,28110
99276,80996
99276,42451
99276,74853
99276,41019
99276,7315
99276,34274
99276,98151
99276,48244
99276,62905
99276,85851
99276,65271
99276,42102
99276,19897
99276,27522
99276,22799
99276,2500
99276,82707
99276,84059
99276,96691
99276,36838
99276,7926
99276,80999
99276,33181
99276,53082
99276,65746
99276,54974
99276,51810
99276,24070
99276,1198
99276,25706
99276,88161
99276,53881
99276,37195
99276,12138
99276,7021
99276,75920
99276,84595
99276,24234
99276,59054
99276,34808
99276,49424
99276,59114
99276,13122
99276,56254
99276,50883
99276,66004
99276,48756
99276,81927
99276,96507
99276,85606
99276,39809
99276,53695
99276,82814
99276,61309
99276,10042
99276,34016
99276,42819
99276,5943
99276,11733
99276,16012
99276,4272
99276,55319
99276,47820
99276,55639
99276,49068
99276,53495
99276,59817
99276,92622
99276,99792
99276,45841
99276,90219
99276,80842
99276,26074
99276,62293
99276,30170
99276,6594
99276,3588
99276,71569
99276,18845
99276,35999
99276,44976
99276,58578
99276,84622
99276,95995
99276,6856
99276,85542
99276,56747
99276,58159
99276,66626
99276,3
99276,19147
99276,63028
99276,18165
99276,28714
99276,57782
99276,7025
99276,48790
99276,67009
99276,10692
99276,19851
99276,68857
99276,3101
99276,97900
99276,76145
99276,16758
99276,67921
99276,72270
99276,34076
99276,69125
99276,18841
99276,51097
99276,66713
99276,18445
99276,38591
99276,28282
99276,29290
99276,45696
99276,8697
99276,88486
99276,62826
99276,65163
99276,97754
99276,90034
99276,24072
99276,16216
99276,52703
99276,13373
99276,73539
99276,61976
99276,89642
99276,90085
99276,66677
99276,47458
99276,39496
99276,20515
99276,94637
99276,25417
99276,64597
99276,44128
99276,97957
75966,97522
75966,63867
75966,14613
75966,2126
75966,14210
75966,37624
75966,14340
75966,79650
75966,8980
75966,50306
75966,41448
75966,36458
75966,36875
75966,95594
75966,93944
75966,10563
75966,8287
75966,62725
75966,58245
75966,11153
75966,39080
75966,57289
75966,39491
75966,4731
75966,11125
75966,40875
75966,7697
75966,64607
75966,44582
75966,82739
75966,16897
75966,39301
75966,78983
75966,18765
75966,36215
75966,29884
75966,39863
75966,30205
75966,3086
75966,27254
75966,92866
75966,22807
75966,57494
75966,84059
75966,3924
75966,21793
75966,36838
75966,4071
75966,54974
75966,12242
75966,15889
75966,12138
75966,15718
75966,4177
75966,68416
75966,96507
75966,19152
75966,20079
75966,79834
75966,18276
75966,82847
75966,19028
75966,65295
75966,39383
75966,86161
75966,49068
75966,47187
75966,29682
75966,78675
75966,45841
75966,95853
75966,42987
75966,69725
75966,30846
75966,8796
75966,38211
75966,76511
75966,99290
75966,37372
75966,6815
75966,79067
75966,50307
75966,13613
75966,48745
75966,78665
75966,19851
75966,1674
75966,6463
75966,33196
75966,51097
75966,96402
75966,58681
75966,57589
75966,18218
75966,48933
75966,42982
75966,88486
75966,85617
75966,41543
75966,4809
75966,30568
75966,96211
75966,10424
75966,95796
75966,35240
75966,89642
75966,46196
75966,85528
75966,652
75966,74088
75966,97957
41519,99710
41519,79668
41519,90113
41519,66638
41519,53548
41519,25310
41519,29210
41519,58245
41519,60211
41519,51055
41519,7697
41519,58143
41519,39301
41519,474
41519,72277
41519,89332
41519,80996
41519,41019
41519,7315
41519,85851
41519,82969
41519,74600
41519,49806
41519,18674
41519,80999
41519,53082
41519,18030
41519,81052
41519,15889
41519,15718
41519,34808
41519,55814
41519,96507
41519,13705
41519,85606
41519,61309
41519,79834
41519,55587
41519,49068
41519,28935
41519,29682
41519,71569
41519,2997
41519,21334
41519,38798
41519,56747
41519,66626
41519,83902
41519,63028
41519,18165
41519,70600
41519,61025
41519,7025
41519,90275
41519,28799
41519,77942
41519,36956
41519,78177
41519,78591
41519,86833
41519,8536
41519,77844
41519,7536
41519,73855
41519,58681
41519,79138
41519,61976
41519,89967
41519,46196
41519,80200
41519,7197
89415,12376
89415,54084
89415,1064
89415,41477
89415,2885
89415,94791
89415,99322
89415,73918
89415,79668
89415,6420
89415,96311
89415,65887
89415,49558
89415,36078
89415,59121
89415,37624
89415,90113
89415,87030
89415,50306
89415,72594
89415,66638
89415,83129
89415,55515
89415,92369
89415,70434
89415,36458
89415,51625
89415,70392
89415,46461
89415,53548
89415,87781
89415,59176
89415,10520
89415,64417
89415,50136
89415,49983
89415,76581
89415,5957
89415,68556
89415,8287
89415,46068
89415,48196
89415,60979
89415,29210
89415,87765
89415,50015
89415,36866
89415,58245
89415,73733
89415,60211
89415,51846
89415,41190
89415,39491
89415,3193
89415,62803
89415,26405
89415,23385
89415,22620
89415,43461
89415,94556
89415,30883
89415,29628
89415,49612
89415,97386
89415,47066
89415,71870
89415,54361
89415,71346
89415,70954
89415,39863
89415,7315
89415,45177
89415,85851
89415,6346
89415,38505
89415,13512
89415,92548
89415,3086
89415,1332
89415,96678
89415,21230
89415,64747
89415,26935
89415,65472
89415,48489
89415,34924
89415,16722
89415,28928
89415,14290
89415,19487
89415,33181
89415,53082
89415,11158
89415,98615
89415,71128
89415,87269
89415,28495
89415,113
89415,4177
89415,84595
89415,24234
89415,29822
89415,97287
89415,42635
89415,13122
89415,41743
89415,24353
89415,81927
89415,55814
89415,96507
89415,13705
89415,59338
89415,67349
89415,58951
89415,46428
89415,8669
89415,91314
89415,68658
89415,10042
89415,72929
89415,11766
89415,21036
89415,5943
89415,65295
89415,39383
89415,39351
89415,47820
89415,9053
89415,47187
89415,73704
89415,59113
89415,53495
89415,59817
89415,39501
89415,29682
89415,26618
89415,63297
89415,93464
89415,3588
89415,42987
89415,69725
89415,78374
89415,42923
89415,38798
89415,56747
89415,58617
89415,83902
89415,56359
89415,28714
89415,27266
89415,70600
89415,82703
89415,6815
89415,17354
89415,7025
89415,64966
89415,61573
89415,77841
89415,59783
89415,71663
89415,20130
89415,81307
89415,94202
89415,12407
89415,77942
89415,67009
89415,24497
89415,10353
89415,4312
89415,98306
89415,59844
89415,12599
89415,85225
89415,37106
89415,92503
89415,8536
89415,72598
89415,17736
89415,33196
89415,67921
89415,52708
89415,73855
89415,58681
89415,43081
89415,20762
89415,40557
89415,29290
89415,88486
89415,31910
89415,2677
89415,35093
89415,92282
89415,52703
89415,13373
89415,99454
89415,89249
89415,93387
89415,9320
89415,65114
89415,46196
89415,33252
89415,52110
89415,44128
40931,90482
40931,70994
40931,94791
40931,53643
40931,6420
40931,70434
40931,49372
40931,25310
40931,64417
40931,24302
40931,74059
40931,5957
40931,60979
40931,58914
40931,60388
40931,73445
40931,60211
40931,47172
40931,69711
40931,16897
40931,90375
40931,80519
40931,36215
40931,29884
40931,54361
40931,50886
40931,3086
40931,30719
40931,74600
40931,74365
40931,80999
40931,80321
40931,45216
40931,15718
40931,42635
40931,37654
40931,42723
40931,47003
40931,14425
40931,39888
40931,99173
40931,78995
40931,45925
40931,7025
40931,64966
40931,12407
40931,4232
40931,45506
40931,69125
40931,92100
40931,43081
40931,69661
40931,97754
40931,95796
40931,82704
40931,37022
40931,10958
40931,52110
12706,40696
12706,39243
12706,39885
12706,50797
12706,90965
12706,11003
12706,28680
12706,57372
12706,695
12706,63867
12706,40029
12706,36078
12706,2126
12706,43735
12706,73945
12706,98122
12706,59121
12706,22551
12706,94916
12706,14340
12706,16021
12706,8980
12706,77939
12706,22517
12706,3805
12706,64451
12706,1503
12706,92369
12706,70434
12706,49372
12706,36458
12706,46159
12706,78355
12706,59176
12706,10520
12706,10564
12706,64417
12706,74059
12706,89592
12706,10563
12706,35573
12706,29210
12706,54857
12706,82315
12706,22340
12706,73798
12706,92155
12706,30083
12706,51055
12706,22648
12706,4731
12706,77441
12706,70782
12706,40875
12706,78824
12706,29923
12706,62704
12706,51678
12706,7697
12706,64607
12706,86807
12706,89624
12706,97872
12706,83365
12706,50055
12706,97893
12706,39301
12706,62707
12706,44672
12706,63866
12706,7685
12706,2820
12706,29628
12706,474
12706,72277
12706,80519
12706,49612
12706,18765
12706,65304
12706,92882
12706,71346
12706,94560
12706,30205
12706,66326
12706,9915
12706,41019
12706,45177
12706,98151
12706,46061
12706,65271
12706,84441
12706,93016
12706,3086
12706,34524
12706,27254
12706,30860
12706,96678
12706,90997
12706,23594
12706,27522
12706,74600
12706,64747
12706,91223
12706,85293
12706,88855
12706,16722
12706,14421
12706,96691
12706,83163
12706,99162
12706,21092
12706,19451
12706,53082
12706,65432
12706,29358
12706,66075
12706,82093
12706,86538
12706,61524
12706,95994
12706,113
12706,48391
12706,37195
12706,7021
12706,96472
12706,59063
12706,44313
12706,63663
12706,3793
12706,87941
12706,71951
12706,48756
12706,26261
12706,81927
12706,59338
12706,53695
12706,9031
12706,6525
12706,82847
12706,52905
12706,11766
12706,42819
12706,26544
12706,62943
12706,36851
12706,21947
12706,14425
12706,47820
12706,93735
12706,86161
12706,87379
12706,9053
12706,81743
12706,14240
12706,20149
12706,90219
12706,93464
12706,95338
12706,48302
12706,28136
12706,35999
12706,84622
12706,95265
12706,85542
12706,8796
12706,38798
12706,56747
12706,38211
12706,30481
12706,44348
12706,58617
12706,7339
12706,29040
12706,70600
12706,82703
12706,45925
12706,79067
12706,50307
12706,48745
12706,4027
12706,48790
12706,61573
12706,77841
12706,57967
12706,20130
12706,81307
12706,67009
12706,24497
12706,45770
12706,19851
12706,44244
12706,67747
12706,76147
12706,18882
12706,59844
12706,57242
12706,73386
12706,72568
12706,8536
12706,93507
12706,90546
12706,77844
12706,52708
12706,74722
12706,51097
12706,96402
12706,79102
12706,43081
12706,27856
12706,18218
12706,28112
12706,17185
12706,69661
12706,9835
12706,65163
12706,35093
12706,85038
12706,99757
12706,99473
12706,92966
12706,92282
12706,52703
12706,13373
12706,89249
12706,53352
12706,42374
12706,53056
12706,89096
12706,89967
12706,35079
12706,1318
12706,5062
12706,68532
12706,652
12706,30776
12706,33252
12706,80200
12706,7197
12706,97957
99280,97522
99280,46602
99280,70994
99280,96311
99280,36078
99280,98122
99280,37624
99280,61726
99280,87030
99280,8980
99280,43092
99280,22517
99280,3805
99280,87810
99280,82241
99280,46159
99280,53548
99280,78355
99280,25310
99280,87781
99280,36875
99280,38335
99280,10520
99280,50136
99280,49983
99280,38932
99280,22048
99280,1795
99280,58424
99280,88384
99280,69995
99280,36162
99280,82315
99280,73445
99280,24848
99280,73798
99280,73733
99280,11153
99280,65538
99280,41190
99280,77441
99280,40875
99280,78824
99280,51710
99280,3617
99280,87239
99280,63014
99280,16897
99280,13914
99280,2820
99280,474
99280,80519
99280,49195
99280,6262
99280,29884
99280,89332
99280,48721
99280,97386
99280,54361
99280,80996
99280,70954
99280,39863
99280,43875
99280,41019
99280,34274
99280,46061
99280,48244
99280,38505
99280,6
99280,19897
99280,96678
99280,21230
99280,90997
99280,64747
99280,91223
99280,97475
99280,84059
99280,63112
99280,83163
99280,43003
99280,72188
99280,89459
99280,1198
99280,61524
99280,88950
99280,48391
99280,24234
99280,59054
99280,91374
99280,44313
99280,97287
99280,37512
99280,73295
99280,25316
99280,85606
99280,74421
99280,84822
99280,46828
99280,6816
99280,64757
99280,58660
99280,91314
99280,47212
99280,21036
99280,42819
99280,26544
99280,5943
99280,62943
99280,21947
99280,14765
99280,55319
99280,14425
99280,49068
99280,72659
99280,53495
99280,92622
99280,93464
99280,14299
99280,8982
99280,74988
99280,44976
99280,6856
99280,38211
99280,44348
99280,76511
99280,10513
99280,27266
99280,9239
99280,31580
99280,6090
99280,57782
99280,59783
99280,77942
99280,61326
99280,10692
99280,63620
99280,76147
99280,59844
99280,3101
99280,8536
99280,93507
99280,17736
99280,90546
99280,55184
99280,40938
99280,74499
99280,16758
99280,49942
99280,77844
99280,56489
99280,1829
99280,66713
99280,55334
99280,84135
99280,33249
99280,39310
99280,18218
99280,39993
99280,33450
99280,97754
99280,35093
99280,84551
99280,41543
99280,27660
99280,10424
99280,65334
99280,18064
99280,99454
99280,82704
99280,37022
99280,42374
99280,9169
99280,16219
99280,89642
99280,80572
99280,88311
99280,17930
99280,1318
99280,74088
99280,44128
1879,94791
1879,73918
1879,49558
1879,40029
1879,22551
1879,1503
1879,39983
1879,35573
1879,7959
1879,82315
1879,73445
1879,73798
1879,30083
1879,63014
1879,26030
1879,72277
1879,49612
1879,6262
1879,71870
1879,65304
1879,30205
1879,98151
1879,46061
1879,62905
1879,57494
1879,14421
1879,21092
1879,80999
1879,65432
1879,66075
1879,31024
1879,53881
1879,59063
1879,44313
1879,58951
1879,96149
1879,42819
1879,11733
1879,26761
1879,47187
1879,28935
1879,76793
1879,43946
1879,6815
1879,79589
1879,13613
1879,51956
1879,57967
1879,81307
1879,10353
1879,18882
1879,4232
1879,92503
1879,17736
1879,40938
1879,39310
1879,38591
1879,21831
1879,61825
1879,73409
1879,86447
1879,73539
1879,9169
1879,52638
1879,19794
1879,16219
1879,66677
1879,80686
1879,52110
8065,40696
8065,39243
8065,94791
8065,12999
8065,53926
8065,69909
8065,99710
8065,12361
8065,695
8065,25155
8065,74649
8065,29838
8065,15989
8065,63867
8065,49558
8065,43735
8065,84178
8065,14340
8065,90113
8065,81332
8065,43092
8065,77939
8065,7612
8065,3805
8065,72594
8065,34874
8065,87810
8065,64451
8065,66638
8065,83129
8065,55515
8065,1503
8065,70434
8065,46461
8065,39079
8065,11960
8065,78355
8065,79095
8065,87781
8065,38335
8065,59176
8065,50802
8065,8013
8065,65268
8065,22048
8065,68556
8065,58424
8065,59292
8065,76017
8065,50426
8065,98463
8065,54857
8065,36162
8065,82315
8065,36866
8065,73445
8065,60211
8065,39080
8065,51055
8065,39491
8065,29923
8065,23385
8065,66992
8065,26030
8065,50055
8065,39301
8065,13914
8065,63866
8065,30883
8065,76214
8065,28429
8065,90375
8065,72277
8065,9891
8065,30614
8065,29884
8065,89332
8065,97386
8065,8862
8065,34053
8065,63951
8065,68964
8065,70954
8065,39863
8065,43875
8065,65271
8065,84441
8065,82969
8065,96678
8065,17740
8065,91223
8065,85293
8065,26935
8065,49806
8065,97475
8065,48489
8065,84059
8065,14421
8065,96691
8065,28928
8065,51181
8065,83163
8065,62515
8065,99162
8065,33181
8065,65432
8065,58876
8065,65664
8065,66075
8065,31024
8065,45216
8065,24070
8065,12906
8065,15889
8065,61524
8065,37195
8065,48898
8065,84595
8065,40753
8065,44313
8065,16425
8065,42723
8065,68416
8065,48430
8065,62444
8065,73346
8065,41743
8065,24353
8065,55814
8065,47292
8065,59338
8065,86997
8065,67349
8065,6816
8065,79834
8065,64757
8065,10042
8065,82847
8065,47212
8065,57173
8065,52905
8065,11766
8065,72410
8065,42819
8065,76900
8065,14765
8065,11775
8065,93735
8065,1349
8065,21026
8065,55587
8065,72659
8065,87456
8065,37840
8065,81743
8065,41473
8065,14240
8065,39501
8065,29682
8065,45841
8065,20149
8065,90219
8065,47884
8065,80842
8065,63297
8065,93464
8065,70167
8065,2997
8065,35999
8065,58578
8065,42987
8065,69725
8065,21334
8065,97247
8065,78374
8065,42923
8065,38798
8065,56747
8065,44348
8065,66626
8065,83902
8065,10343
8065,27266
8065,50519
8065,29040
8065,12237
8065,45925
8065,6815
8065,31580
8065,6090
8065,48745
8065,17354
8065,23664
8065,64966
8065,24497
8065,19851
8065,63777
8065,48609
8065,63620
8065,6463
8065,21855
8065,75529
8065,97900
8065,72598
8065,17736
8065,76145
8065,90546
8065,49942
8065,56489
8065,69125
8065,11238
8065,55334
8065,92100
8065,18218
8065,28112
8065,17185
8065,40557
8065,69661
8065,49957
8065,74594
8065,39993
8065,97754
8065,90034
8065,37735
8065,84551
8065,41543
8065,10424
8065,73409
8065,91319
8065,30692
8065,93387
8065,61976
8065,91043
8065,90650
8065,53056
8065,16219
8065,80572
8065,95180
8065,17930
8065,89096
8065,10059
8065,90808
8065,1318
8065,94637
8065,52110
8065,33470
8065,1711
73820,54084
73820,1064
73820,2885
73820,94791
73820,53643
73820,695
73820,25155
73820,91845
73820,40029
73820,43092
73820,3805
73820,1503
73820,91713
73820,70434
73820,49372
73820,69427
73820,43652
73820,5957
73820,58424
73820,60211
73820,11153
73820,30083
73820,3617
73820,2418
73820,86807
73820,89624
73820,66992
73820,44672
73820,78983
73820,12812
73820,30205
73820,31336
73820,98151
73820,46061
73820,65271
73820,13512
73820,27254
73820,64775
73820,85293
73820,22799
73820,88855
73820,97475
73820,48489
73820,22528
73820,21793
73820,51181
73820,83163
73820,18674
73820,80999
73820,43003
73820,82093
73820,12906
73820,94363
73820,53881
73820,48391
73820,24234
73820,44313
73820,37512
73820,70511
73820,50883
73820,53695
73820,47881
73820,34016
73820,95408
73820,26544
73820,11733
73820,4272
73820,26761
73820,86161
73820,47187
73820,47884
73820,80842
73820,62293
73820,93464
73820,8982
73820,35999
73820,87505
73820,26638
73820,30846
73820,38798
73820,58159
73820,70679
73820,3
73820,63028
73820,73973
73820,37372
73820,29040
73820,79589
73820,13613
73820,78665
73820,51956
73820,77841
73820,62224
73820,21683
73820,10692
73820,45770
73820,12333
73820,37787
73820,12599
73820,92503
73820,17736
73820,72270
73820,45506
73820,77844
73820,10188
73820,66713
73820,84135
73820,39310
73820,20445
73820,74594
73820,87993
73820,68607
73820,21831
73820,61825
73820,4809
73820,99757
73820,16216
73820,10424
73820,89249
73820,9169
73820,61976
73820,16219
73820,89642
73820,80572
73820,35079
73820,85528
73820,652
73820,33252
73820,52110
73820,1711
54897,97522
54897,70994
54897,94791
54897,32818
54897,28680
54897,6420
54897,91845
54897,36078
54897,43735
54897,61726
54897,59135
54897,50306
54897,81332
54897,3545
54897,22517
54897,83129
54897,1503
54897,1272
54897,70434
54897,36458
54897,51625
54897,82241
54897,53548
54897,38578
54897,24302
54897,74059
54897,43652
54897,47260
54897,7959
54897,60388
54897,50015
54897,42452
54897,54857
54897,24848
54897,22340
54897,92155
54897,78373
54897,51055
54897,39491
54897,4731
54897,11125
54897,60090
54897,40875
54897,26165
54897,3617
54897,2418
54897,10079
54897,26405
54897,62704
54897,7697
54897,83365
54897,62707
54897,44672
54897,7685
54897,29628
54897,91
54897,16081
54897,47722
54897,89332
54897,97386
54897,8862
54897,34053
54897,65304
54897,51431
54897,80996
54897,68964
54897,74853
54897,43875
54897,31336
54897,34274
54897,98151
54897,50886
54897,48244
54897,6346
54897,84441
54897,6
54897,93016
54897,42102
54897,30719
54897,64775
54897,86289
54897,96678
54897,21230
54897,90997
54897,74600
54897,92866
54897,78229
54897,64747
54897,48489
54897,16722
54897,51181
54897,72188
54897,4071
54897,58876
54897,19091
54897,31024
54897,45216
54897,87269
54897,12242
54897,1198
54897,15889
54897,25706
54897,88161
54897,28495
54897,48391
54897,48898
54897,59054
54897,34808
54897,42723
54897,68416
54897,87941
54897,66004
54897,59338
54897,29982
54897,58951
54897,61309
54897,91314
54897,54466
54897,47881
54897,72929
54897,95408
54897,26544
54897,11733
54897,4272
54897,65295
54897,21026
54897,26761
54897,88953
54897,9588
54897,15566
54897,87379
54897,9053
54897,41473
54897,92622
54897,26618
54897,26074
54897,30170
54897,6594
54897,76793
54897,76327
54897,2997
54897,84622
54897,78995
54897,21334
54897,78374
54897,8796
54897,30481
54897,70679
54897,58617
54897,66626
54897,76511
54897,84083
54897,63028
54897,18165
54897,10343
54897,27266
54897,7339
54897,79067
54897,57837
54897,13613
54897,7025
54897,28799
54897,77841
54897,24497
54897,19851
54897,10353
54897,22436
54897,48609
54897,4925
54897,37787
54897,59844
54897,62789
54897,90546
54897,45506
54897,77844
54897,52708
54897,56489
54897,69125
54897,7536
54897,60549
54897,74722
54897,1829
54897,11238
54897,5059
54897,56407
54897,82741
54897,43081
54897,39310
54897,28112
54897,17185
54897,38591
54897,20445
54897,69661
54897,49957
54897,61825
54897,62826
54897,65163
54897,31910
54897,2677
54897,72466
54897,84551
54897,24072
54897,4809
54897,91319
54897,86447
54897,82704
54897,73539
54897,80759
54897,52638
54897,78277
54897,16219
54897,88311
54897,66677
54897,10059
54897,20515
54897,90808
54897,85528
54897,697
54897,74088
54897,74888
54897,52110
54897,33470
54897,1711
50105,54084
50105,46602
50105,70994
50105,94791
50105,84230
50105,73918
50105,94649
50105,12361
50105,28680
50105,57372
50105,96311
50105,63867
50105,49558
50105,2126
50105,84178
50105,98122
50105,22551
50105,37624
50105,20082
50105,7612
50105,22517
50105,72594
50105,81015
50105,53548
50105,5957
50105,65268
50105,46068
50105,58424
50105,47260
50105,7959
50105,72149
50105,62725
50105,87765
50105,42452
50105,98463
50105,82315
50105,36866
50105,22340
50105,77441
50105,39274
50105,2418
50105,10079
50105,64607
50105,66992
50105,69711
50105,13914
50105,72277
50105,71870
50105,39863
50105,30205
50105,92655
50105,13512
50105,3086
50105,64775
50105,23594
50105,85293
50105,57494
50105,7926
50105,99162
50105,36854
50105,65432
50105,4071
50105,45216
50105,12242
50105,15889
50105,7021
50105,84595
50105,16425
50105,42723
50105,49424
50105,73295
50105,70511
50105,87941
50105,66004
50105,98521
50105,19152
50105,20079
50105,53695
50105,91314
50105,79870
50105,72410
50105,13968
50105,21947
50105,4272
50105,34448
50105,47187
50105,53495
50105,14240
50105,26618
50105,45841
50105,63297
50105,26074
50105,95853
50105,14299
50105,6594
50105,48302
50105,75375
50105,99173
50105,95995
50105,30846
50105,78374
50105,30481
50105,76511
50105,10513
50105,64039
50105,48745
50105,85262
50105,78665
50105,94202
50105,11038
50105,1674
50105,18882
50105,12599
50105,92503
50105,62789
50105,97900
50105,8536
50105,3913
50105,16758
50105,72270
50105,5059
50105,92100
50105,29290
50105,45696
50105,8697
50105,21831
50105,61825
50105,85617
50105,41543
50105,12515
50105,73409
50105,65334
50105,64575
50105,61976
50105,91043
50105,16219
50105,89642
50105,90085
50105,64597
50105,52110
50105,1711
50105,59530
17691,1064
17691,53926
17691,12361
17691,25155
17691,20082
17691,66638
17691,49372
17691,81015
17691,43461
17691,97872
17691,42451
17691,66326
17691,13875
17691,34274
17691,65271
17691,19897
17691,17740
17691,27522
17691,97475
17691,96691
17691,19451
17691,24070
17691,59054
17691,42635
17691,85606
17691,39809
17691,69465
17691,58951
17691,58660
17691,11733
17691,9076
17691,93735
17691,47187
17691,37840
17691,14240
17691,29682
17691,95338
17691,97247
17691,6856
17691,30481
17691,64039
17691,28714
17691,9239
17691,79067
17691,63777
17691,86833
17691,92503
17691,57589
17691,27856
17691,28112
17691,74594
17691,87993
17691,62826
17691,65163
17691,16291
17691,10424
17691,42374
17691,19794
17691,89096
17691,5062
17691,97957
3781,2885
3781,94791
3781,63867
3781,49558
3781,20082
3781,79650
3781,3545
3781,72594
3781,1503
3781,1795
3781,35573
3781,58424
3781,73445
3781,78428
3781,70782
3781,63014
3781,98684
3781,49612
3781,18765
3781,71870
3781,65304
3781,68964
3781,62905
3781,65271
3781,1836
3781,13512
3781,25460
3781,57494
3781,88855
3781,54129
3781,21092
3781,53082
3781,65432
3781,31024
3781,81052
3781,88950
3781,59063
3781,42635
3781,13122
3781,98521
3781,29982
3781,53695
3781,91314
3781,42819
3781,26544
3781,14425
3781,9588
3781,47187
3781,39501
3781,90219
3781,80842
3781,70679
3781,84083
3781,10343
3781,7339
3781,70600
3781,51956
3781,57967
3781,81307
3781,67747
3781,6463
3781,37787
3781,4232
3781,8536
3781,76145
3781,72270
3781,49942
3781,77844
3781,34076
3781,60549
3781,84135
3781,38591
3781,88089
3781,99757
3781,86447
3781,9169
3781,52638
3781,19794
3781,90808
3781,80686
3781,49307
10964,84844
10964,99710
10964,79668
10964,28680
10964,57372
10964,37711
10964,65887
10964,88731
10964,98122
10964,20082
10964,87030
10964,44305
10964,3545
10964,83129
10964,46159
10964,53548
10964,39079
10964,10520
10964,50802
10964,64417
10964,49983
10964,8287
10964,46068
10964,1795
10964,47260
10964,7959
10964,58245
10964,60211
10964,39080
10964,51451
10964,40875
10964,47172
10964,86807
10964,97872
10964,50055
10964,44672
10964,16081
10964,89332
10964,12812
10964,80996
10964,84786
10964,13875
10964,65271
10964,1332
10964,81497
10964,1608
10964,34924
10964,28928
10964,92236
10964,19451
10964,91832
10964,65432
10964,65664
10964,11158
10964,81052
10964,87269
10964,15889
10964,91374
10964,42723
10964,3793
10964,13122
10964,81927
10964,55814
10964,85606
10964,79834
10964,6525
10964,91314
10964,57173
10964,14765
10964,9076
10964,93735
10964,55587
10964,49068
10964,47187
10964,28935
10964,41473
10964,92622
10964,56529
10964,26618
10964,20149
10964,80842
10964,26074
10964,3588
10964,76327
10964,2997
10964,26638
10964,95995
10964,95265
10964,38798
10964,30481
10964,66626
10964,82703
10964,43946
10964,38589
10964,45185
10964,77964
10964,61573
10964,20130
10964,62224
10964,36956
10964,10692
10964,19851
10964,63777
10964,98306
10964,3101
10964,92503
10964,72598
10964,34076
10964,1829
10964,55334
10964,32176
10964,79102
10964,62826
10964,35093
10964,52703
10964,52638
10964,16219
10964,89642
10964,88311
10964,10958
10964,97957
65387,73918
65387,14210
65387,95607
65387,34874
65387,1503
65387,62725
65387,69995
65387,58245
65387,39080
65387,51055
65387,4731
65387,11125
65387,70782
65387,82739
65387,46099
65387,20562
65387,39863
65387,74853
65387,66501
65387,84441
65387,13512
65387,92866
65387,64747
65387,22807
65387,57494
65387,49806
65387,80999
65387,54974
65387,40584
65387,59054
65387,59338
65387,84822
65387,82847
65387,4272
65387,93464
65387,85542
65387,38211
65387,36422
65387,50307
65387,48745
65387,28799
65387,81307
65387,2584
65387,98306
65387,12599
65387,56407
65387,84135
65387,65163
65387,4809
65387,96211
65387,95796
65387,93387
65387,53056
65387,90307
65387,89096
65387,39496
65387,697
65387,74088
75955,84844
75955,97522
75955,70994
75955,28620
75955,96311
75955,29838
75955,43561
75955,98122
75955,61726
75955,81332
75955,43092
75955,3545
75955,41448
75955,34874
75955,10428
75955,64451
75955,1503
75955,39824
75955,39983
75955,69427
75955,39079
75955,11960
75955,36875
75955,95763
75955,64417
75955,24302
75955,59292
75955,36162
75955,82315
75955,60211
75955,65538
75955,91642
75955,65681
75955,30083
75955,41190
75955,3193
75955,51710
75955,62803
75955,26405
75955,7697
75955,58143
75955,86807
75955,44043
75955,66992
75955,8309
75955,69711
75955,44582
75955,16897
75955,27671
75955,30883
75955,30614
75955,6262
75955,91
75955,29884
75955,89332
75955,48721
75955,46099
75955,28110
75955,42451
75955,66326
75955,1862
75955,19581
75955,38505
75955,13512
75955,92548
75955,42102
75955,86289
75955,22807
75955,43175
75955,3924
75955,21793
75955,14290
75955,51181
75955,19487
75955,46692
75955,83163
75955,7926
75955,79278
75955,91832
75955,54974
75955,80321
75955,71128
75955,89459
75955,94363
75955,113
75955,12138
75955,24234
75955,59063
75955,97287
75955,16425
75955,42723
75955,47003
75955,68416
75955,37512
75955,73295
75955,70511
75955,55814
75955,84822
75955,29982
75955,82814
75955,8669
75955,91314
75955,57173
75955,62943
75955,36851
75955,19028
75955,53770
75955,87379
75955,28935
75955,92622
75955,90219
75955,70167
75955,95995
75955,69725
75955,97247
75955,42923
75955,38798
75955,38211
75955,58159
75955,70679
75955,66626
75955,18165
75955,37372
75955,50519
75955,29040
75955,6815
75955,57837
75955,6090
75955,78665
75955,57782
75955,94730
75955,64317
75955,81307
75955,62224
75955,10353
75955,48609
75955,96932
75955,1674
75955,21855
75955,85225
75955,78591
75955,72568
75955,97900
75955,17736
75955,76145
75955,55184
75955,40938
75955,49233
75955,82993
75955,49942
75955,7536
75955,74722
75955,1829
75955,55334
75955,96402
75955,58681
75955,39058
75955,84098
75955,29290
75955,74594
75955,45696
75955,998
75955,84551
75955,4809
75955,85038
75955,99473
75955,92966
75955,16216
75955,73409
75955,65334
75955,13373
75955,82704
75955,37022
75955,9320
75955,61976
75955,91043
75955,19794
75955,80572
75955,17930
75955,10059
75955,1318
75955,49307
75955,30776
75955,33252
75955,33470
75955,80200
62953,39243
62953,2885
62953,94649
62953,32818
62953,74649
62953,29759
62953,14613
62953,49558
62953,88731
62953,2126
62953,98122
62953,22551
62953,50306
62953,43092
62953,3805
62953,83129
62953,55515
62953,91713
62953,70434
62953,70392
62953,11960
62953,25310
62953,20460
62953,93944
62953,64417
62953,76581
62953,10563
62953,1795
62953,35573
62953,26312
62953,72149
62953,50015
62953,24848
62953,22340
62953,9150
62953,39080
62953,78428
62953,91642
62953,51846
62953,78373
62953,39491
62953,22648
62953,28105
62953,11125
62953,39274
62953,78824
62953,3617
62953,7697
62953,47172
62953,97872
62953,3003
62953,39301
62953,62707
62953,44672
62953,7685
62953,2820
62953,13148
62953,3228
62953,474
62953,78983
62953,14531
62953,89332
62953,48721
62953,47066
62953,71870
62953,28110
62953,63951
62953,68964
62953,70954
62953,84786
62953,30205
62953,31336
62953,13875
62953,7315
62953,34274
62953,50886
62953,48244
62953,85851
62953,65271
62953,97323
62953,82969
62953,3086
62953,30719
62953,86289
62953,19897
62953,90997
62953,17740
62953,23594
62953,27522
62953,85293
62953,57494
62953,23525
62953,26935
62953,65472
62953,1608
62953,34924
62953,22528
62953,74365
62953,96691
62953,28928
62953,14290
62953,51181
62953,75147
62953,46692
62953,83163
62953,36854
62953,21092
62953,79278
62953,19451
62953,43003
62953,53082
62953,65432
62953,66075
62953,82093
62953,31024
62953,86538
62953,45216
62953,98615
62953,81052
62953,89459
62953,94363
62953,88950
62953,48391
62953,7021
62953,59054
62953,40753
62953,91374
62953,84024
62953,34808
62953,70511
62953,87941
62953,73346
62953,56254
62953,50883
62953,26261
62953,81927
62953,82814
62953,46428
62953,6525
62953,91314
62953,47212
62953,72929
62953,60670
62953,15096
62953,79870
62953,11766
62953,42819
62953,95408
62953,11733
62953,47820
62953,21026
62953,88953
62953,49068
62953,81743
62953,78675
62953,39888
62953,26618
62953,99792
62953,45841
62953,80842
62953,62293
62953,95853
62953,8982
62953,76793
62953,44976
62953,58578
62953,69725
62953,97247
62953,6856
62953,85542
62953,8796
62953,56747
62953,44348
62953,63028
62953,37372
62953,57837
62953,48745
62953,61025
62953,4027
62953,45185
62953,28799
62953,61573
62953,94202
62953,77942
62953,67747
62953,75529
62953,37787
62953,4232
62953,12599
62953,86833
62953,93507
62953,49233
62953,45506
62953,1829
62953,62851
62953,84135
62953,18445
62953,13278
62953,33249
62953,39310
62953,28112
62953,69661
62953,45696
62953,33450
62953,97567
62953,97754
62953,90034
62953,35093
62953,24072
62953,99757
62953,92282
62953,52703
62953,65334
62953,82704
62953,35240
62953,37022
62953,9320
62953,9169
62953,61976
62953,16219
62953,80572
62953,95180
62953,17930
62953,75733
62953,66677
62953,47458
62953,35079
62953,74088
62953,80200
62953,59530
63533,1064
63533,2885
63533,90965
63533,53643
63533,32818
63533,25155
63533,88731
63533,20082
63533,61726
63533,79650
63533,64451
63533,91713
63533,70392
63533,25310
63533,1795
63533,7959
63533,58914
63533,87765
63533,51055
63533,22648
63533,4731
63533,40875
63533,3617
63533,68169
63533,26405
63533,62704
63533,23385
63533,51678
63533,47172
63533,86807
63533,66992
63533,97872
63533,44672
63533,72277
63533,17936
63533,97386
63533,47066
63533,12812
63533,51431
63533,34274
63533,50886
63533,46061
63533,65271
63533,97323
63533,82969
63533,34524
63533,96678
63533,17740
63533,16722
63533,14421
63533,74365
63533,83163
63533,53082
63533,58876
63533,5199
63533,19091
63533,66075
63533,82093
63533,86538
63533,24070
63533,87269
63533,1198
63533,59054
63533,37512
63533,13122
63533,50883
63533,96507
63533,13705
63533,6525
63533,68658
63533,47881
63533,21036
63533,76900
63533,14425
63533,65295
63533,26761
63533,88953
63533,47187
63533,73704
63533,20149
63533,76793
63533,76327
63533,2997
63533,35999
63533,99173
63533,21334
63533,42923
63533,70679
63533,58617
63533,78665
63533,45185
63533,48790
63533,20130
63533,11038
63533,67747
63533,75529
63533,57242
63533,3101
63533,72598
63533,76145
63533,74499
63533,49942
63533,1829
63533,6374
63533,57589
63533,32176
63533,92100
63533,38591
63533,69661
63533,88486
63533,68607
63533,37735
63533,99757
63533,99473
63533,12515
63533,86447
63533,42374
63533,9169
63533,52638
63533,19794
63533,89642
63533,88311
63533,39496
63533,51334
63533,90808
63533,1318
63533,46196
63533,74088
63533,80200
63533,97957
57665,70994
57665,94649
57665,32818
57665,57372
57665,29838
57665,15989
57665,91845
57665,29759
57665,36078
57665,14210
57665,73945
57665,94916
57665,14340
57665,16021
57665,61726
57665,87030
57665,79650
57665,50306
57665,72594
57665,55515
57665,1503
57665,39824
57665,46159
57665,53548
57665,69427
57665,78355
57665,25310
57665,20460
57665,95594
57665,10520
57665,49983
57665,76581
57665,43652
57665,5957
57665,68556
57665,8287
57665,29210
57665,62725
57665,50426
57665,24848
57665,22340
57665,73733
57665,39080
57665,57289
57665,91642
57665,41435
57665,78373
57665,4731
57665,11125
57665,40875
57665,26165
57665,62803
57665,2418
57665,68169
57665,62704
57665,51678
57665,64607
57665,58143
57665,43461
57665,66992
57665,83365
57665,3003
57665,97893
57665,82739
57665,39301
57665,27671
57665,28429
57665,90375
57665,49612
57665,6262
57665,29884
57665,47722
57665,8862
57665,12812
57665,63951
57665,94560
57665,42451
57665,1862
57665,66501
57665,31336
57665,41019
57665,48244
57665,65271
57665,6346
57665,84441
57665,13512
57665,25460
57665,64775
57665,49679
57665,23594
57665,24548
57665,57494
57665,49806
57665,97475
57665,14421
57665,63112
57665,99162
57665,80999
57665,91832
57665,72188
57665,18030
57665,34523
57665,66075
57665,80321
57665,36891
57665,24070
57665,22110
57665,71128
57665,28495
57665,48391
57665,4177
57665,84595
57665,24234
57665,97287
57665,42635
57665,47003
57665,68416
57665,37512
57665,73346
57665,24353
57665,48756
57665,98521
57665,81927
57665,74421
57665,46828
57665,82814
57665,95970
57665,6816
57665,58951
57665,91314
57665,72929
57665,21036
57665,5943
57665,62943
57665,13968
57665,53770
57665,39383
57665,55639
57665,1349
57665,87456
57665,47187
57665,37840
57665,59817
57665,45841
57665,36296
57665,90219
57665,80842
57665,70167
57665,30170
57665,48302
57665,8982
57665,2997
57665,84622
57665,42987
57665,85542
57665,12104
57665,62837
57665,30481
57665,10513
57665,19147
57665,28714
57665,10343
57665,73973
57665,50519
57665,9239
57665,79589
57665,57837
57665,6090
57665,7025
57665,28799
57665,29811
57665,59783
57665,62224
57665,21683
57665,48609
57665,96932
57665,4925
57665,59844
57665,12599
57665,37106
57665,62789
57665,16758
57665,45506
57665,52708
57665,56489
57665,74722
57665,51097
57665,73855
57665,56407
57665,6374
57665,66713
57665,84135
57665,57589
57665,92100
57665,82741
57665,74176
57665,39310
57665,79138
57665,8697
57665,68607
57665,97567
57665,85617
57665,18808
57665,72466
57665,85038
57665,99757
57665,92966
57665,16291
57665,16216
57665,12515
57665,10424
57665,73409
57665,18064
57665,13373
57665,99454
57665,53352
57665,93387
57665,36323
57665,52638
57665,13395
57665,90650
57665,19794
57665,90085
57665,88311
57665,65114
57665,47458
57665,89967
57665,39496
57665,5062
57665,25417
57665,10958
57665,74088
57665,52110
57665,7197
47032,46602
47032,70994
47032,94791
47032,79668
47032,53643
47032,6420
47032,40029
47032,73945
47032,59121
47032,20082
47032,50306
47032,7612
47032,70392
47032,46461
47032,79095
47032,89592
47032,60979
47032,50426
47032,60211
47032,65681
47032,11125
47032,26165
47032,26405
47032,64607
47032,47172
47032,58143
47032,43461
47032,94556
47032,39301
47032,76214
47032,97386
47032,8862
47032,80996
47032,48244
47032,62905
47032,38505
47032,92548
47032,97323
47032,96678
47032,27522
47032,70282
47032,78229
47032,64747
47032,14421
47032,63112
47032,22528
47032,3924
47032,43003
47032,65432
47032,54974
47032,5199
47032,19091
47032,66075
47032,32541
47032,48391
47032,4177
47032,84024
47032,42635
47032,47003
47032,68416
47032,73295
47032,94691
47032,8669
47032,34016
47032,11766
47032,4272
47032,14425
47032,26761
47032,9053
47032,73704
47032,37840
47032,28935
47032,47884
47032,8982
47032,87505
47032,26638
47032,84622
47032,95265
47032,21334
47032,38798
47032,99290
47032,73973
47032,9239
47032,82703
47032,7025
47032,94730
47032,28799
47032,61573
47032,77841
47032,12407
47032,63777
47032,63620
47032,78591
47032,86833
47032,37106
47032,93507
47032,45506
47032,7536
47032,13278
47032,39310
47032,18218
47032,38591
47032,40557
47032,88089
47032,79138
47032,45696
47032,97754
47032,31910
47032,90034
47032,4809
47032,85038
47032,99473
47032,92966
47032,35240
47032,42374
47032,9169
47032,7137
47032,53056
47032,19794
47032,17930
47032,66677
47032,90808
47032,697
47032,33252
47032,44128
44438,1064
44438,97522
44438,70994
44438,94791
44438,69909
44438,73918
44438,94649
44438,99710
44438,6420
44438,88731
44438,16021
44438,61726
44438,87030
44438,43092
44438,3545
44438,72594
44438,1503
44438,36458
44438,69427
44438,25310
44438,87781
44438,5957
44438,47260
44438,59292
44438,50426
44438,60211
44438,78428
44438,39274
44438,40875
44438,62803
44438,26405
44438,64607
44438,63014
44438,43461
44438,94556
44438,63866
44438,29884
44438,97386
44438,47066
44438,71870
44438,65304
44438,1862
44438,66501
44438,38505
44438,3086
44438,25460
44438,90997
44438,17740
44438,23594
44438,57494
44438,97475
44438,14421
44438,14290
44438,36854
44438,21092
44438,79278
44438,43003
44438,27455
44438,65664
44438,51810
44438,29358
44438,66075
44438,82093
44438,31024
44438,45216
44438,32541
44438,12906
44438,15889
44438,48391
44438,7021
44438,15718
44438,96472
44438,59063
44438,59054
44438,91374
44438,16425
44438,49424
44438,63042
44438,70511
44438,94691
44438,25316
44438,13122
44438,26261
44438,47292
44438,29982
44438,58951
44438,79834
44438,6525
44438,54466
44438,10042
44438,72410
44438,62943
44438,21947
44438,53770
44438,39383
44438,86161
44438,72659
44438,87456
44438,9053
44438,28935
44438,53495
44438,78675
44438,26618
44438,45841
44438,90219
44438,95853
44438,95995
44438,6856
44438,42923
44438,8796
44438,38798
44438,99290
44438,64039
44438,28714
44438,10343
44438,70600
44438,43946
44438,6815
44438,48745
44438,45185
44438,28799
44438,61326
44438,10692
44438,11038
44438,10353
44438,63620
44438,4312
44438,4232
44438,60228
44438,76145
44438,49233
44438,72270
44438,49942
44438,69125
44438,11238
44438,18445
44438,43081
44438,65896
44438,29290
44438,45696
44438,87993
44438,61825
44438,90034
44438,99757
44438,73409
44438,65334
44438,13373
44438,99454
44438,63531
44438,30692
44438,36323
44438,53056
44438,80572
44438,95180
44438,75733
44438,90808
44438,652
44438,64597
44438,74088
44438,33470
87075,12361
87075,98122
87075,14340
87075,79650
87075,91713
87075,25310
87075,36875
87075,72149
87075,36866
87075,92155
87075,65681
87075,41190
87075,7697
87075,44043
87075,66992
87075,3003
87075,17936
87075,5949
87075,1862
87075,66501
87075,85851
87075,13512
87075,24548
87075,13285
87075,65432
87075,82093
87075,86538
87075,15889
87075,96472
87075,16425
87075,49424
87075,63042
87075,15096
87075,11766
87075,62943
87075,4272
87075,53770
87075,71569
87075,15956
87075,10513
87075,28714
87075,6815
87075,60730
87075,64317
87075,57967
87075,94202
87075,21855
87075,97900
87075,72270
87075,52708
87075,85617
87075,30568
87075,99454
87075,73873
87075,75733
87075,10059
87075,21236
87075,80200
12482,1064
12482,2885
12482,94791
12482,37711
12482,61726
12482,66638
12482,70434
12482,49372
12482,10520
12482,64417
12482,38932
12482,60211
12482,92155
12482,65681
12482,60090
12482,26165
12482,26405
12482,23385
12482,64607
12482,43461
12482,13914
12482,76214
12482,90375
12482,29884
12482,5949
12482,63951
12482,54361
12482,80996
12482,70954
12482,50886
12482,92548
12482,86289
12482,3924
12482,51810
12482,80321
12482,45216
12482,24070
12482,88161
12482,84595
12482,96472
12482,91374
12482,42723
12482,49424
12482,86997
12482,29982
12482,67349
12482,37212
12482,61309
12482,47881
12482,34016
12482,21947
12482,65295
12482,9588
12482,9053
12482,73704
12482,78675
12482,8796
12482,38798
12482,38211
12482,70679
12482,58617
12482,70600
12482,85262
12482,7025
12482,48790
12482,64966
12482,77841
12482,63620
12482,12599
12482,69125
12482,60549
12482,33249
12482,69661
12482,88089
12482,35093
12482,4809
12482,65334
12482,89249
12482,9169
97499,53926
97499,73918
97499,43561
97499,2126
97499,79650
97499,50306
97499,22517
97499,41448
97499,10428
97499,39079
97499,11960
97499,87781
97499,95594
97499,62725
97499,69995
97499,57289
97499,11125
97499,40875
97499,82739
97499,98684
97499,14531
97499,48721
97499,46099
97499,6
97499,27254
97499,81497
97499,80999
97499,54974
97499,80321
97499,40584
97499,12242
97499,113
97499,4177
97499,68416
97499,87941
97499,98521
97499,72364
97499,61309
97499,58660
97499,91314
97499,13968
97499,4272
97499,47187
97499,59113
97499,92622
97499,78995
97499,62837
97499,36422
97499,28799
97499,2584
97499,12599
97499,78591
97499,84135
97499,57589
97499,13278
97499,38591
97499,88089
97499,21831
97499,92282
97499,93387
97499,53056
97499,90307
97499,85528
97499,697
97499,10958
97499,30776
97499,74088
97499,7197
48510,69909
48510,94649
48510,74649
48510,65887
48510,29759
48510,14613
48510,49558
48510,2126
48510,59121
48510,20082
48510,59135
48510,79650
48510,64416
48510,41448
48510,39079
48510,95594
48510,93944
48510,50802
48510,24302
48510,1795
48510,47260
48510,58914
48510,62725
48510,42452
48510,73445
48510,24848
48510,73798
48510,11153
48510,9150
48510,30083
48510,39491
48510,3193
48510,3617
48510,2418
48510,7697
48510,89624
48510,69711
48510,97893
48510,62707
48510,98684
48510,90375
48510,29884
48510,89332
48510,46099
48510,71870
48510,80996
48510,70954
48510,31336
48510,13875
48510,62905
48510,34524
48510,49679
48510,85293
48510,43175
48510,62153
48510,63112
48510,80999
48510,91832
48510,53082
48510,65432
48510,65746
48510,5199
48510,31024
48510,98615
48510,71128
48510,87269
48510,61524
48510,53881
48510,48898
48510,12138
48510,15718
48510,75920
48510,24234
48510,97287
48510,42635
48510,37654
48510,87941
48510,48430
48510,13122
48510,96507
48510,19152
48510,72364
48510,86997
48510,48612
48510,53695
48510,61309
48510,6525
48510,34016
48510,95408
48510,36851
48510,13968
48510,39383
48510,47820
48510,26761
48510,37840
48510,53495
48510,6594
48510,74988
48510,99173
48510,95995
48510,69725
48510,97247
48510,62837
48510,38211
48510,83902
48510,63028
48510,28714
48510,10343
48510,37372
48510,50519
48510,70600
48510,13613
48510,48745
48510,44949
48510,45185
48510,51956
48510,28799
48510,62224
48510,24497
48510,44244
48510,63620
48510,37106
48510,62789
48510,17736
48510,3913
48510,56489
48510,11238
48510,51097
48510,84135
48510,57589
48510,13278
48510,20445
48510,29290
48510,79138
48510,45696
48510,33450
48510,21831
48510,2677
48510,84551
48510,4809
48510,99757
48510,96211
48510,12515
48510,65334
48510,89249
48510,93387
48510,9320
48510,52638
48510,13395
48510,53056
48510,90307
48510,66677
48510,51334
48510,697
48510,49307
48510,74088
48510,80200
48510,97957
70974,40696
70974,97522
70974,46602
70974,17253
70974,29838
70974,63867
70974,94916
70974,14340
70974,95607
70974,22517
70974,55515
70974,30965
70974,81015
70974,36458
70974,51625
70974,78355
70974,95594
70974,93944
70974,10520
70974,10564
70974,64417
70974,8013
70974,24302
70974,10563
70974,38932
70974,1795
70974,47260
70974,6510
70974,62725
70974,76017
70974,69995
70974,42452
70974,98463
70974,82315
70974,22340
70974,65538
70974,57289
70974,78428
70974,78373
70974,41190
70974,37570
70974,70782
70974,68169
70974,26405
70974,64607
70974,47172
70974,86807
70974,43461
70974,89624
70974,44582
70974,39301
70974,76214
70974,78983
70974,18765
70974,6262
70974,91
70974,29884
70974,47066
70974,8862
70974,5949
70974,30205
70974,42451
70974,66326
70974,1862
70974,13875
70974,34274
70974,50886
70974,46061
70974,19581
70974,62905
70974,1836
70974,6
70974,92548
70974,82969
70974,93016
70974,42102
70974,81497
70974,90997
70974,17740
70974,49679
70974,27522
70974,70282
70974,92866
70974,13285
70974,43175
70974,26935
70974,97475
70974,82707
70974,74365
70974,99057
70974,43003
70974,4071
70974,58876
70974,31024
70974,86538
70974,24070
70974,87269
70974,15889
70974,61524
70974,95994
70974,113
70974,15718
70974,75920
70974,84595
70974,91374
70974,37654
70974,63663
70974,47003
70974,3793
70974,68416
70974,37512
70974,48430
70974,24353
70974,26261
70974,13705
70974,48612
70974,67349
70974,79834
70974,8669
70974,10042
70974,82639
70974,36851
70974,76900
70974,55319
70974,14425
70974,11775
70974,39383
70974,1349
70974,86161
70974,9588
70974,49068
70974,72659
70974,73704
70974,37840
70974,28935
70974,81743
70974,92622
70974,78675
70974,90219
70974,93464
70974,48302
70974,3588
70974,28136
70974,15956
70974,95995
70974,78995
70974,30846
70974,6856
70974,78374
70974,42923
70974,38211
70974,44348
70974,70679
70974,76511
70974,84083
70974,19147
70974,64039
70974,10343
70974,29040
70974,12237
70974,43946
70974,79589
70974,6090
70974,13613
70974,44949
70974,45185
70974,43746
70974,94730
70974,23664
70974,60730
70974,67009
70974,21683
70974,8628
70974,78177
70974,37787
70974,4232
70974,3101
70974,86833
70974,8536
70974,29704
70974,3913
70974,90546
70974,33196
70974,74499
70974,72270
70974,45506
70974,7536
70974,73855
70974,66713
70974,58681
70974,32176
70974,92100
70974,39058
70974,20445
70974,84098
70974,29290
70974,79138
70974,45696
70974,8697
70974,68607
70974,21831
70974,61825
70974,85617
70974,35093
70974,18808
70974,37735
70974,4809
70974,85038
70974,30568
70974,96211
70974,92282
70974,95796
70974,89249
70974,53352
70974,80759
70974,13395
70974,90650
70974,89642
70974,80572
70974,88311
70974,68532
70974,25417
70974,49307
70974,52110
70974,80200
97382,12376
97382,695
97382,59121
97382,37624
97382,20082
97382,90113
97382,59135
97382,22517
97382,34874
97382,30965
97382,70434
97382,36458
97382,82241
97382,46159
97382,39983
97382,95763
97382,10563
97382,59292
97382,36866
97382,51846
97382,88776
97382,62803
97382,10079
97382,43461
97382,50055
97382,44582
97382,98684
97382,90375
97382,80519
97382,29884
97382,89332
97382,48721
97382,47066
97382,12812
97382,92882
97382,63951
97382,51431
97382,42451
97382,9915
97382,66501
97382,13875
97382,50886
97382,82969
97382,64775
97382,86289
97382,19897
97382,96678
97382,23594
97382,1608
97382,48489
97382,28928
97382,80887
97382,46692
97382,7926
97382,21092
97382,19451
97382,43003
97382,72188
97382,4071
97382,31024
97382,40584
97382,24070
97382,87269
97382,15889
97382,7021
97382,24234
97382,34808
97382,63663
97382,59114
97382,71951
97382,81927
97382,47292
97382,82814
97382,46428
97382,8669
97382,91314
97382,54466
97382,47881
97382,11766
97382,42819
97382,4272
97382,1349
97382,39501
97382,78675
97382,93464
97382,8982
97382,35999
97382,58578
97382,78995
97382,21334
97382,6856
97382,42923
97382,38211
97382,58159
97382,10513
97382,64039
97382,50519
97382,9239
97382,70600
97382,6815
97382,38589
97382,43746
97382,59783
97382,20130
97382,61326
97382,24497
97382,11038
97382,68857
97382,48609
97382,4925
97382,37787
97382,4312
97382,59844
97382,78591
97382,3101
97382,97900
97382,17736
97382,55184
97382,16758
97382,49942
97382,45506
97382,69125
97382,1829
97382,84135
97382,32176
97382,13278
97382,82741
97382,17185
97382,27660
97382,13373
97382,82704
97382,9320
97382,42374
97382,64575
97382,52638
97382,91043
97382,90650
97382,16219
97382,97957
96794,97522
96794,94649
96794,99710
96794,57372
96794,96311
96794,40029
96794,36078
96794,94916
96794,14340
96794,90113
96794,61726
96794,8980
96794,3805
96794,72594
96794,64451
96794,51625
96794,69427
96794,79095
96794,36875
96794,38335
96794,93944
96794,10520
96794,50802
96794,64417
96794,49983
96794,10563
96794,46068
96794,58424
96794,47260
96794,60979
96794,88384
96794,50015
96794,36162
96794,58245
96794,60211
96794,9150
96794,92155
96794,51846
96794,3193
96794,60090
96794,3617
96794,26405
96794,64607
96794,8309
96794,13914
96794,7685
96794,2820
96794,9891
96794,6262
96794,29884
96794,48721
96794,47066
96794,71870
96794,41019
96794,7315
96794,13512
96794,96678
96794,78765
96794,81497
96794,92866
96794,27199
96794,96691
96794,80887
96794,19487
96794,7926
96794,65432
96794,82093
96794,22110
96794,87269
96794,84595
96794,59054
96794,40753
96794,63663
96794,3793
96794,13122
96794,66004
96794,85606
96794,20079
96794,46828
96794,68658
96794,15096
96794,34016
96794,82639
96794,26544
96794,99792
96794,26074
96794,21334
96794,30846
96794,8796
96794,83902
96794,18165
96794,50519
96794,38589
96794,17354
96794,77964
96794,28799
96794,61573
96794,67009
96794,19851
96794,10353
96794,44244
96794,21855
96794,75529
96794,78591
96794,72598
96794,76145
96794,77844
96794,69125
96794,74722
96794,5059
96794,73855
96794,66713
96794,58681
96794,20762
96794,88089
96794,9835
96794,998
96794,97754
96794,85617
96794,2677
96794,72466
96794,24072
96794,41543
96794,91319
96794,99454
96794,82704
96794,52638
96794,53056
96794,78277
96794,89642
96794,80572
96794,75733
96794,697
96794,94637
96794,652
96794,10958
96794,33252
96794,74888
96794,52110
31929,1064
31929,94791
31929,73918
31929,6420
31929,73945
31929,66638
31929,36458
31929,53548
31929,24302
31929,35573
31929,60979
31929,88384
31929,42452
31929,60211
31929,92155
31929,65681
31929,26165
31929,10079
31929,23385
31929,64607
31929,47172
31929,97872
31929,16897
31929,13914
31929,36215
31929,29884
31929,63951
31929,70954
31929,39863
31929,38505
31929,3086
31929,30719
31929,86289
31929,49679
31929,78229
31929,74365
31929,3924
31929,28928
31929,99057
31929,65432
31929,24070
31929,84595
31929,44313
31929,42635
31929,37654
31929,49424
31929,25316
31929,47292
31929,86997
31929,29982
31929,61309
31929,64757
31929,21947
31929,88953
31929,15566
31929,59113
31929,59817
31929,78675
31929,39888
31929,6594
31929,99173
31929,42987
31929,78995
31929,69725
31929,8796
31929,70600
31929,45925
31929,85262
31929,4925
31929,75529
31929,4232
31929,8536
31929,90546
31929,28112
31929,39993
31929,4809
31929,10424
31929,95796
31929,82704
31929,42374
31929,88311
31929,75733
31929,5062
31929,74088
31929,52110
70191,12376
70191,39243
70191,39885
70191,50797
70191,94791
70191,28620
70191,53643
70191,32818
70191,28680
70191,57372
70191,74649
70191,63867
70191,40029
70191,43735
70191,84178
70191,59121
70191,20082
70191,87030
70191,81332
70191,43092
70191,41448
70191,66638
70191,1503
70191,91713
70191,92369
70191,70434
70191,81015
70191,70392
70191,46159
70191,95763
70191,38335
70191,93944
70191,64417
70191,8013
70191,8287
70191,26312
70191,88384
70191,62725
70191,76017
70191,69995
70191,50015
70191,36162
70191,82315
70191,58245
70191,78428
70191,30083
70191,11125
70191,51710
70191,68169
70191,87239
70191,44043
70191,66992
70191,83365
70191,8309
70191,44582
70191,16897
70191,39301
70191,62707
70191,63866
70191,2820
70191,3228
70191,474
70191,78983
70191,30614
70191,29884
70191,97386
70191,47066
70191,65304
70191,54361
70191,94560
70191,66501
70191,31336
70191,13875
70191,46061
70191,19581
70191,92655
70191,82969
70191,34524
70191,86289
70191,81497
70191,23594
70191,74600
70191,92866
70191,64747
70191,22799
70191,49806
70191,34924
70191,96691
70191,28928
70191,51181
70191,19487
70191,99162
70191,18674
70191,4071
70191,58876
70191,65664
70191,51810
70191,19091
70191,29358
70191,86538
70191,40584
70191,24070
70191,22110
70191,61524
70191,88161
70191,95994
70191,113
70191,53881
70191,48898
70191,4177
70191,59054
70191,44313
70191,97287
70191,47003
70191,37512
70191,48430
70191,13122
70191,56254
70191,48756
70191,55814
70191,47292
70191,19152
70191,84822
70191,67349
70191,82814
70191,37212
70191,9031
70191,10042
70191,96149
70191,82847
70191,47881
70191,57173
70191,72929
70191,34016
70191,82639
70191,95408
70191,62943
70191,36851
70191,76900
70191,13968
70191,19028
70191,53770
70191,11775
70191,47820
70191,1349
70191,37840
70191,59113
70191,28935
70191,78675
70191,84280
70191,47884
70191,48302
70191,71569
70191,76793
70191,15956
70191,2997
70191,95995
70191,42987
70191,69725
70191,56747
70191,58617
70191,56359
70191,64039
70191,27266
70191,79589
70191,38589
70191,57837
70191,28799
70191,57967
70191,81307
70191,67009
70191,79515
70191,10692
70191,68857
70191,10353
70191,63777
70191,59844
70191,12599
70191,57242
70191,72568
70191,93507
70191,72598
70191,55184
70191,40938
70191,49233
70191,82993
70191,69125
70191,60549
70191,73855
70191,56407
70191,55334
70191,57589
70191,32176
70191,92100
70191,39310
70191,39058
70191,20762
70191,33450
70191,8697
70191,62826
70191,65163
70191,37735
70191,52703
70191,91319
70191,99454
70191,63531
70191,30692
70191,73539
70191,61976
70191,91043
70191,90650
70191,78277
70191,75733
70191,89096
70191,25838
70191,46196
70191,68532
70191,80686
70191,94637
70191,52110
70191,1711
70191,97957
90028,97522
90028,53643
90028,25155
90028,37605
90028,14613
90028,88731
90028,37624
90028,20082
90028,8980
90028,3805
90028,55515
90028,81015
90028,36458
90028,25310
90028,95763
90028,74059
90028,88384
90028,59292
90028,54857
90028,36866
90028,92155
90028,65538
90028,51846
90028,41190
90028,51678
90028,64607
90028,66992
90028,94556
90028,63866
90028,28429
90028,72277
90028,5949
90028,71346
90028,70954
90028,39863
90028,42451
90028,1862
90028,13875
90028,1332
90028,30860
90028,49679
90028,92866
90028,13285
90028,26935
90028,22528
90028,11158
90028,86538
90028,45216
90028,87269
90028,12242
90028,113
90028,84595
90028,59063
90028,84024
90028,42723
90028,49424
90028,87941
90028,13122
90028,50883
90028,69465
90028,82814
90028,58660
90028,96149
90028,47881
90028,72929
90028,52905
90028,11733
90028,14425
90028,65295
90028,39351
90028,93735
90028,26761
90028,81743
90028,53495
90028,92622
90028,56529
90028,95338
90028,8982
90028,71569
90028,44976
90028,78995
90028,78374
90028,42923
90028,38798
90028,58617
90028,10513
90028,56359
90028,19147
90028,9239
90028,6927
90028,43946
90028,6090
90028,48745
90028,78665
90028,36956
90028,68857
90028,10353
90028,44244
90028,63777
90028,21855
90028,72568
90028,34076
90028,10188
90028,74722
90028,1829
90028,6374
90028,58681
90028,92100
90028,33249
90028,27856
90028,74594
90028,45696
90028,42982
90028,97754
90028,73409
90028,65334
90028,88311
90028,75733
90028,52110
90028,1711
90028,44128
42197,2885
42197,70994
42197,53926
42197,17253
42197,74649
42197,65887
42197,59135
42197,50306
42197,81332
42197,44305
42197,95607
42197,64416
42197,22517
42197,41448
42197,10428
42197,66638
42197,1272
42197,91713
42197,36458
42197,70392
42197,46159
42197,39983
42197,25310
42197,95763
42197,93944
42197,10520
42197,64417
42197,8013
42197,5957
42197,26312
42197,59292
42197,36866
42197,73445
42197,39080
42197,51451
42197,39274
42197,60090
42197,51710
42197,13748
42197,62704
42197,23385
42197,22620
42197,64607
42197,26030
42197,50055
42197,39301
42197,63866
42197,13148
42197,474
42197,9891
42197,30614
42197,29884
42197,65304
42197,42451
42197,66326
42197,13512
42197,92548
42197,3086
42197,42102
42197,49679
42197,23594
42197,74600
42197,24548
42197,91223
42197,26935
42197,1608
42197,84059
42197,3924
42197,14290
42197,99057
42197,33181
42197,18030
42197,19091
42197,31024
42197,40584
42197,12242
42197,48391
42197,15718
42197,4177
42197,40753
42197,91374
42197,84024
42197,98521
42197,13705
42197,39809
42197,95970
42197,79834
42197,9031
42197,54466
42197,96149
42197,15096
42197,11766
42197,21947
42197,39383
42197,88953
42197,9588
42197,9053
42197,28935
42197,45841
42197,47884
42197,6594
42197,8982
42197,35999
42197,99173
42197,44976
42197,85542
42197,44348
42197,56359
42197,99290
42197,70600
42197,57837
42197,31580
42197,45185
42197,77841
42197,36956
42197,10692
42197,22436
42197,75529
42197,4312
42197,85225
42197,17736
42197,40938
42197,49233
42197,49942
42197,69125
42197,60549
42197,1829
42197,18841
42197,56407
42197,84135
42197,96402
42197,58681
42197,74176
42197,43081
42197,33249
42197,28112
42197,39058
42197,17185
42197,28282
42197,48933
42197,87993
42197,62826
42197,998
42197,2677
42197,99454
42197,82704
42197,37022
42197,42374
42197,80572
42197,95180
42197,66677
42197,39496
42197,46196
42197,697
42197,68532
42197,52110
93611,695
93611,65887
93611,59121
93611,3805
93611,34874
93611,30965
93611,49372
93611,82241
93611,11960
93611,10520
93611,50136
93611,78824
93611,62704
93611,29884
93611,34053
93611,43875
93611,66501
93611,50886
93611,48244
93611,92866
93611,91223
93611,1608
93611,74365
93611,19091
93611,98615
93611,40584
93611,1198
93611,48898
93611,40753
93611,3793
93611,87941
93611,96507
93611,39809
93611,47292
93611,82814
93611,79834
93611,14765
93611,21334
93611,57782
93611,22436
93611,48609
93611,76145
93611,90546
93611,45506
93611,34076
93611,56407
93611,29290
93611,61825
93611,2677
93611,92282
93611,10424
93611,86447
93611,37022
93611,9169
93611,85528
93611,59530
93611,7197
68423,97522
68423,14210
68423,84178
68423,1272
68423,70434
68423,46159
68423,50015
68423,42452
68423,77441
68423,62803
68423,68169
68423,78983
68423,48721
68423,39863
68423,42451
68423,74853
68423,27254
68423,81497
68423,22807
68423,43175
68423,49806
68423,97475
68423,87269
68423,12242
68423,70511
68423,87941
68423,84822
68423,82847
68423,92622
68423,99173
68423,78995
68423,62837
68423,38211
68423,48745
68423,7025
68423,81307
68423,67747
68423,78177
68423,2584
68423,98306
68423,12599
68423,49942
68423,74722
68423,56407
68423,96402
68423,28112
68423,20445
68423,84098
68423,33450
68423,42982
68423,998
68423,2677
68423,30568
68423,96211
68423,91319
68423,42374
68423,90650
68423,89096
68423,10958
68423,30776
68423,74088
68423,97957
78056,2885
78056,28620
78056,99322
78056,17253
78056,99710
78056,53643
78056,57372
78056,96311
78056,37711
78056,63867
78056,14613
78056,73945
78056,37624
78056,20082
78056,87030
78056,8980
78056,81332
78056,22517
78056,3805
78056,34874
78056,10428
78056,55515
78056,91713
78056,30965
78056,49372
78056,81015
78056,53548
78056,38335
78056,64417
78056,76581
78056,89592
78056,10563
78056,5957
78056,38932
78056,46068
78056,7959
78056,76017
78056,50015
78056,54857
78056,73733
78056,60211
78056,11153
78056,9150
78056,92155
78056,51846
78056,51055
78056,28105
78056,40875
78056,29923
78056,3617
78056,87239
78056,62704
78056,23385
78056,51678
78056,66992
78056,62707
78056,27671
78056,90375
78056,17936
78056,49612
78056,49195
78056,91
78056,97386
78056,71870
78056,5949
78056,12812
78056,42451
78056,1862
78056,74853
78056,43875
78056,62905
78056,84441
78056,1332
78056,30719
78056,64775
78056,19897
78056,17740
78056,74600
78056,24548
78056,13285
78056,2500
78056,26935
78056,1608
78056,34924
78056,84059
78056,27199
78056,22528
78056,74365
78056,80887
78056,99057
78056,46692
78056,92236
78056,83163
78056,91832
78056,4071
78056,65746
78056,29358
78056,82093
78056,45216
78056,40584
78056,71128
78056,87269
78056,89459
78056,12242
78056,37195
78056,12138
78056,7021
78056,84595
78056,24234
78056,59054
78056,40753
78056,63663
78056,49424
78056,68416
78056,62444
78056,50883
78056,55814
78056,39809
78056,19152
78056,86997
78056,29982
78056,69465
78056,82814
78056,37212
78056,61309
78056,9031
78056,8669
78056,68658
78056,47212
78056,57173
78056,15096
78056,52905
78056,11766
78056,13968
78056,11733
78056,4272
78056,47820
78056,93735
78056,87379
78056,9053
78056,47187
78056,73704
78056,37840
78056,28935
78056,56529
78056,26618
78056,63297
78056,30170
78056,6594
78056,48302
78056,15956
78056,76327
78056,99173
78056,58578
78056,87505
78056,95995
78056,69725
78056,97247
78056,42923
78056,12104
78056,8796
78056,44348
78056,3
78056,83902
78056,19147
78056,99290
78056,18165
78056,73973
78056,7339
78056,29040
78056,82703
78056,43946
78056,48745
78056,78665
78056,57782
78056,77964
78056,23664
78056,60730
78056,71663
78056,57967
78056,36956
78056,44244
78056,63777
78056,8628
78056,59844
78056,12599
78056,86833
78056,97900
78056,8536
78056,93507
78056,72270
78056,10188
78056,56489
78056,69125
78056,18841
78056,5059
78056,73855
78056,66713
78056,32176
78056,82741
78056,27856
78056,28282
78056,20445
78056,17526
78056,9835
78056,65163
78056,97754
78056,31910
78056,85617
78056,4809
78056,92282
78056,12515
78056,95796
78056,18064
78056,82704
78056,63531
78056,42374
78056,61976
78056,47458
78056,39496
78056,25838
78056,46196
78056,85528
15097,54084
15097,97522
15097,12999
15097,90965
15097,57372
15097,695
15097,65887
15097,40029
15097,2126
15097,73945
15097,84178
15097,98122
15097,37624
15097,14340
15097,59135
15097,81332
15097,34874
15097,70392
15097,25310
15097,87781
15097,74059
15097,48196
15097,42452
15097,98463
15097,11153
15097,51846
15097,41190
15097,51451
15097,28105
15097,3193
15097,29923
15097,13748
15097,63014
15097,44043
15097,97872
15097,13914
15097,44672
15097,3228
15097,28429
15097,72277
15097,89332
15097,5949
15097,63951
15097,42451
15097,74853
15097,41019
15097,7315
15097,34274
15097,50886
15097,27522
15097,64747
15097,57494
15097,26935
15097,48489
15097,34924
15097,14421
15097,80887
15097,75147
15097,46692
15097,18674
15097,80999
15097,58876
15097,54974
15097,27455
15097,29358
15097,98615
15097,24070
15097,71128
15097,89459
15097,1198
15097,25706
15097,88161
15097,53881
15097,4177
15097,37654
15097,68416
15097,70511
15097,71951
15097,66004
15097,24353
15097,81927
15097,59338
15097,19152
15097,29982
15097,69465
15097,53695
15097,82814
15097,6525
15097,58660
15097,47212
15097,47881
15097,57173
15097,15096
15097,52905
15097,72410
15097,36851
15097,13968
15097,53770
15097,39383
15097,39351
15097,93735
15097,88953
15097,15566
15097,72659
15097,59817
15097,99792
15097,47884
15097,63297
15097,6594
15097,8982
15097,28136
15097,15956
15097,69725
15097,6856
15097,8796
15097,30481
15097,10513
15097,64039
15097,70600
15097,48745
15097,17354
15097,90275
15097,77841
15097,59783
15097,71663
15097,61326
15097,67009
15097,44244
15097,63620
15097,4925
15097,78177
15097,59844
15097,78591
15097,3101
15097,92503
15097,93507
15097,29704
15097,76145
15097,40938
15097,74499
15097,77844
15097,34076
15097,52708
15097,7536
15097,1829
15097,18841
15097,56407
15097,61238
15097,6374
15097,66713
15097,62851
15097,57589
15097,32176
15097,88089
15097,42982
15097,62826
15097,65163
15097,90034
15097,85617
15097,99473
15097,16291
15097,91319
15097,18064
15097,82704
15097,64575
15097,9169
15097,52638
15097,78277
15097,89642
15097,90085
15097,89096
15097,32666
15097,10059
15097,51334
15097,30776
15097,33252
15097,52110
4575,94791
4575,11003
4575,29759
4575,44305
4575,72594
4575,1503
4575,78355
4575,8013
4575,43652
4575,58914
4575,73445
4575,63014
4575,43461
4575,98684
4575,29884
4575,47066
4575,71870
4575,68964
4575,31336
4575,92655
4575,34524
4575,27254
4575,24548
4575,57494
4575,27199
4575,80999
4575,43003
4575,72188
4575,66075
4575,81052
4575,53881
4575,24234
4575,42635
4575,26261
4575,55814
4575,86997
4575,91314
4575,60670
4575,42819
4575,26544
4575,11733
4575,55639
4575,80842
4575,95995
4575,21334
4575,38211
4575,58159
4575,28714
4575,7339
4575,50307
4575,13613
4575,61326
4575,12333
4575,11038
4575,10353
4575,51097
4575,21831
4575,61825
4575,84551
4575,73409
4575,86447
4575,13373
4575,73539
4575,19794
4575,16219
4575,90808
4575,1318
4575,49307
4575,30776
65543,57372
65543,74649
65543,91845
65543,37624
65543,22517
65543,36458
65543,20460
65543,72149
65543,60388
65543,73798
65543,41190
65543,88776
65543,97386
65543,65304
65543,98151
65543,13512
65543,13285
65543,23525
65543,84059
65543,7926
65543,4071
65543,32541
65543,75920
65543,84024
65543,16425
65543,98521
65543,15096
65543,62943
65543,16012
65543,4272
65543,39383
65543,28935
65543,81743
65543,53495
65543,38798
65543,66626
65543,7339
65543,6927
65543,6090
65543,36956
65543,37787
65543,67921
65543,72270
65543,34076
65543,56407
65543,18445
65543,33249
65543,18218
65543,79138
65543,97754
65543,85617
65543,30568
65543,86447
65543,37022
65543,61976
65543,17930
65543,75733
65543,51334
65543,697
65543,64597
65543,21236
28913,50797
28913,53926
28913,90965
28913,92369
28913,36458
28913,78355
28913,50802
28913,8287
28913,73733
28913,9150
28913,51710
28913,10079
28913,23385
28913,63014
28913,8309
28913,44582
28913,84441
28913,38505
28913,92548
28913,49679
28913,48489
28913,72188
28913,65432
28913,82093
28913,24234
28913,48430
28913,73346
28913,85606
28913,46828
28913,68658
28913,4272
28913,47820
28913,41473
28913,15956
28913,76511
28913,61025
28913,57782
28913,7025
28913,77841
28913,12407
28913,79515
28913,48609
28913,59844
28913,37106
28913,72568
28913,3913
28913,49942
28913,52708
28913,61238
28913,62851
28913,84135
28913,49957
28913,21831
28913,97567
28913,90034
28913,27660
28913,52703
28913,18064
28913,99454
28913,82704
28913,37022
28913,90650
28913,30776
83234,40696
83234,41477
83234,84230
83234,99710
83234,12361
83234,28680
83234,6420
83234,25155
83234,29838
83234,37711
83234,15989
83234,84178
83234,14340
83234,59135
83234,87030
83234,8980
83234,7612
83234,41448
83234,92369
83234,70434
83234,49372
83234,51625
83234,46159
83234,69427
83234,11960
83234,95594
83234,24302
83234,58424
83234,60979
83234,29210
83234,72149
83234,59292
83234,76017
83234,69995
83234,60388
83234,42452
83234,98463
83234,36162
83234,82315
83234,11153
83234,41435
83234,41190
83234,22648
83234,28105
83234,39274
83234,3193
83234,78824
83234,29923
83234,2418
83234,62704
83234,7697
83234,47172
83234,58143
83234,89624
83234,66992
83234,94556
83234,3003
83234,13914
83234,28429
83234,17936
83234,49612
83234,49195
83234,89332
83234,97386
83234,8862
83234,5949
83234,28110
83234,65304
83234,51431
83234,54361
83234,39863
83234,30205
83234,13875
83234,19581
83234,48244
83234,85851
83234,65271
83234,6346
83234,38505
83234,13512
83234,34524
83234,30719
83234,17740
83234,78229
83234,22799
83234,97475
83234,14421
83234,3924
83234,14290
83234,54129
83234,19487
83234,62515
83234,79278
83234,19451
83234,65746
83234,27455
83234,18030
83234,66075
83234,80321
83234,82093
83234,31024
83234,81052
83234,87269
83234,88161
83234,95994
83234,113
83234,12138
83234,15718
83234,16425
83234,63663
83234,42723
83234,49424
83234,63042
83234,48430
83234,62444
83234,81927
83234,55814
83234,96507
83234,47292
83234,84822
83234,86997
83234,69465
83234,6816
83234,58660
83234,68658
83234,54466
83234,72929
83234,72410
83234,21947
83234,53770
83234,65295
83234,93735
83234,1349
83234,26761
83234,87456
83234,73704
83234,37840
83234,28935
83234,81743
83234,39501
83234,78675
83234,84280
83234,99792
83234,20149
83234,63297
83234,62293
83234,48302
83234,8982
83234,71569
83234,15956
83234,18845
83234,44976
83234,21334
83234,30846
83234,97247
83234,85542
83234,12104
83234,38798
83234,30481
83234,58159
83234,36422
83234,66626
83234,3
83234,19147
83234,37372
83234,29040
83234,12237
83234,6815
83234,38589
83234,57837
83234,50307
83234,13613
83234,78665
83234,71663
83234,57967
83234,62224
83234,77942
83234,67009
83234,19851
83234,68857
83234,63620
83234,4925
83234,1674
83234,78177
83234,85225
83234,97900
83234,93507
83234,72598
83234,17736
83234,29704
83234,40938
83234,82993
83234,77844
83234,34076
83234,69125
83234,1829
83234,18841
83234,5059
83234,56407
83234,6374
83234,55334
83234,58681
83234,33249
83234,84098
83234,68607
83234,18808
83234,37735
83234,4809
83234,92966
83234,73409
83234,86447
83234,82704
83234,30692
83234,37022
83234,73873
83234,52638
83234,91043
83234,53056
83234,19794
83234,89642
83234,95180
83234,47458
83234,51334
83234,46196
83234,68532
83234,94637
83234,49307
83234,33252
83234,59530
83234,97957
38364,84844
38364,40696
38364,1064
38364,41477
38364,39885
38364,46602
38364,94791
38364,99322
38364,17253
38364,15989
38364,14210
38364,59135
38364,87030
38364,3805
38364,1272
38364,82241
38364,46461
38364,69427
38364,11960
38364,78355
38364,24302
38364,10563
38364,1795
38364,6510
38364,7959
38364,50015
38364,42452
38364,73798
38364,60211
38364,92155
38364,78373
38364,88776
38364,62803
38364,13748
38364,63014
38364,94556
38364,50055
38364,16897
38364,39301
38364,78983
38364,16081
38364,47722
38364,34053
38364,28110
38364,63951
38364,54361
38364,1862
38364,43875
38364,62905
38364,42102
38364,30719
38364,21230
38364,91223
38364,43175
38364,62153
38364,48489
38364,16722
38364,27199
38364,22528
38364,21793
38364,99057
38364,46692
38364,18674
38364,58876
38364,5199
38364,31024
38364,94363
38364,113
38364,48898
38364,15718
38364,4177
38364,24234
38364,91374
38364,3793
38364,70511
38364,87941
38364,19152
38364,46828
38364,79834
38364,89757
38364,58660
38364,54466
38364,57173
38364,15096
38364,34016
38364,5943
38364,55319
38364,53770
38364,65295
38364,1349
38364,86161
38364,87379
38364,76327
38364,44976
38364,58578
38364,26638
38364,95265
38364,6856
38364,42923
38364,58617
38364,10513
38364,73973
38364,70600
38364,82703
38364,43946
38364,38589
38364,57837
38364,31580
38364,7025
38364,57967
38364,94202
38364,79515
38364,67747
38364,63777
38364,96932
38364,4925
38364,8628
38364,75529
38364,4312
38364,3913
38364,33196
38364,34076
38364,10188
38364,69125
38364,73855
38364,56407
38364,39310
38364,17185
38364,69661
38364,79138
38364,65163
38364,90034
38364,24072
38364,99757
38364,99473
38364,73409
38364,18064
38364,7137
38364,39496
38364,51334
38364,85528
38364,697
38364,652
38364,59530
38364,7197
12439,54084
12439,57372
12439,37605
12439,29759
12439,14613
12439,98122
12439,59121
12439,20082
12439,16021
12439,43092
12439,3805
12439,39824
12439,36458
12439,46461
12439,78355
12439,87781
12439,36875
12439,1795
12439,26312
12439,47260
12439,58914
12439,72149
12439,88384
12439,62725
12439,50015
12439,36866
12439,22340
12439,92155
12439,91642
12439,65681
12439,39274
12439,2418
12439,63014
12439,43461
12439,94556
12439,69711
12439,98684
12439,16081
12439,97386
12439,5949
12439,80996
12439,39863
12439,92655
12439,27254
12439,19897
12439,49679
12439,57494
12439,14421
12439,99057
12439,36854
12439,80999
12439,34523
12439,29358
12439,66075
12439,24070
12439,81052
12439,53881
12439,75920
12439,84595
12439,24234
12439,96472
12439,59063
12439,84024
12439,34808
12439,37512
12439,63042
12439,70511
12439,48430
12439,98521
12439,39809
12439,19152
12439,86997
12439,46828
12439,8669
12439,6525
12439,60670
12439,79870
12439,95408
12439,53770
12439,39383
12439,26761
12439,53495
12439,14240
12439,63297
12439,14299
12439,6594
12439,75375
12439,70254
12439,58159
12439,70600
12439,4027
12439,45185
12439,81307
12439,10692
12439,10353
12439,67747
12439,78177
12439,4232
12439,85225
12439,72568
12439,49233
12439,72270
12439,1829
12439,51097
12439,56407
12439,18445
12439,20445
12439,45696
12439,18064
12439,53352
12439,75733
12439,1318
12439,697
12439,64597
12439,30776
77,1064
77,53926
77,69909
77,53643
77,28680
77,57372
77,25155
77,37711
77,59135
77,7612
77,3805
77,46159
77,5957
77,68556
77,1795
77,58424
77,51451
77,68169
77,43461
77,28429
77,97386
77,51431
77,13875
77,41019
77,65271
77,17740
77,27522
77,26935
77,28928
77,21092
77,91832
77,15889
77,91374
77,49424
77,68416
77,13122
77,96507
77,85606
77,47881
77,9621
77,72929
77,15096
77,14765
77,14425
77,9076
77,14240
77,92622
77,29682
77,56529
77,36296
77,28136
77,78995
77,42923
77,28714
77,43946
77,45185
77,90275
77,29811
77,71663
77,77942
77,68857
77,44244
77,3101
77,86833
77,92503
77,74722
77,84135
77,58681
77,13278
77,27856
77,31910
77,92282
77,10424
77,65334
77,52638
77,16219
77,89096
77,5062
77,33252
67830,53926
67830,2126
67830,8980
67830,95607
67830,41448
67830,51625
67830,79095
67830,8013
67830,50015
67830,39080
67830,51055
67830,39491
67830,51451
67830,77441
67830,62803
67830,18765
67830,80996
67830,94560
67830,70954
67830,84441
67830,27254
67830,30719
67830,49806
67830,3924
67830,21793
67830,54129
67830,5199
67830,82093
67830,40584
67830,25706
67830,4177
67830,72364
67830,48612
67830,95970
67830,61309
67830,82847
67830,34016
67830,13968
67830,19028
67830,53770
67830,21026
67830,90219
67830,99173
67830,38211
67830,76511
67830,19147
67830,67747
67830,63620
67830,2584
67830,4312
67830,17736
67830,45506
67830,74722
67830,57589
67830,28112
67830,48933
67830,45696
67830,33450
67830,4809
67830,63531
67830,93387
67830,90307
67830,7197
67830,97957
48435,12376
48435,39243
48435,50797
48435,73918
48435,99710
48435,29759
48435,59121
48435,14340
48435,61726
48435,43092
48435,7612
48435,30965
48435,46159
48435,39983
48435,8013
48435,76581
48435,47260
48435,58914
48435,59292
48435,24848
48435,3193
48435,51710
48435,23385
48435,69711
48435,16897
48435,62707
48435,98684
48435,30883
48435,29628
48435,90375
48435,80519
48435,49612
48435,18765
48435,89332
48435,48721
48435,54361
48435,68964
48435,1862
48435,9915
48435,31336
48435,98151
48435,62905
48435,93016
48435,42102
48435,30719
48435,96678
48435,17740
48435,49679
48435,57494
48435,43175
48435,62153
48435,14421
48435,63112
48435,3924
48435,54129
48435,46692
48435,99162
48435,65746
48435,12906
48435,88950
48435,96472
48435,40753
48435,97287
48435,42635
48435,73295
48435,87941
48435,26261
48435,9031
48435,82847
48435,60670
48435,55639
48435,9588
48435,59113
48435,53495
48435,92622
48435,80842
48435,70167
48435,6594
48435,35999
48435,44976
48435,97247
48435,70679
48435,28714
48435,7339
48435,79589
48435,61025
48435,57782
48435,45185
48435,7025
48435,51956
48435,10353
48435,22436
48435,63620
48435,96932
48435,4312
48435,59844
48435,37106
48435,55184
48435,40938
48435,67921
48435,72270
48435,60549
48435,51097
48435,20762
48435,38591
48435,79138
48435,97567
48435,90034
48435,85617
48435,84551
48435,27660
48435,10424
48435,86447
48435,99454
48435,53352
48435,30692
48435,9320
48435,52638
48435,16219
48435,47458
48435,1318
48435,33470
48435,80200
39838,69909
39838,99710
39838,96311
39838,49558
39838,84178
39838,87030
39838,81332
39838,77939
39838,70434
39838,10520
39838,69995
39838,51451
39838,77441
39838,26030
39838,83365
39838,90375
39838,80519
39838,30614
39838,42451
39838,86289
39838,21230
39838,92866
39838,13285
39838,26935
39838,21793
39838,83163
39838,91832
39838,33181
39838,40584
39838,87269
39838,1198
39838,48898
39838,40753
39838,87941
39838,47292
39838,58951
39838,79834
39838,46428
39838,93735
39838,87379
39838,78675
39838,36296
39838,93464
39838,44976
39838,58578
39838,42923
39838,44348
39838,45185
39838,68857
39838,1674
39838,59844
39838,37106
39838,97900
39838,29704
39838,45506
39838,56489
39838,74722
39838,1829
39838,18841
39838,17185
39838,28282
39838,2677
39838,86447
39838,90650
39838,697
27168,97522
27168,94791
27168,90965
27168,6420
27168,2126
27168,14210
27168,73945
27168,81332
27168,34874
27168,1503
27168,1272
27168,95594
27168,10520
27168,74059
27168,69995
27168,60388
27168,42452
27168,39080
27168,65681
27168,51055
27168,26405
27168,62704
27168,23385
27168,22620
27168,47172
27168,58143
27168,97872
27168,16897
27168,76214
27168,90375
27168,36215
27168,29884
27168,63951
27168,80996
27168,20562
27168,39863
27168,9915
27168,66501
27168,86289
27168,81497
27168,74600
27168,49806
27168,3924
27168,14290
27168,54129
27168,43003
27168,65432
27168,51810
27168,36891
27168,24070
27168,87269
27168,12242
27168,15889
27168,88161
27168,75920
27168,44313
27168,42635
27168,48430
27168,41743
27168,98521
27168,86997
27168,95970
27168,6816
27168,82847
27168,47881
27168,13968
27168,55319
27168,9588
27168,15566
27168,87379
27168,73704
27168,28935
27168,59817
27168,93464
27168,38798
27168,44348
27168,76511
27168,19147
27168,9239
27168,45925
27168,48745
27168,85262
27168,48790
27168,94730
27168,24497
27168,10692
27168,68857
27168,6463
27168,75529
27168,4312
27168,29704
27168,45506
27168,69125
27168,7536
27168,74176
27168,33249
27168,28112
27168,40557
27168,84098
27168,69661
27168,48933
27168,79138
27168,45696
27168,87993
27168,21831
27168,998
27168,97754
27168,2677
27168,96211
27168,16291
27168,10424
27168,91319
27168,13373
27168,37022
27168,36323
27168,17930
27168,51334
27168,697
27168,52110
27168,97957
28522,40696
28522,69909
28522,94649
28522,11003
28522,53643
28522,695
28522,6420
28522,63867
28522,49558
28522,2126
28522,73945
28522,84178
28522,94916
28522,8980
28522,81332
28522,44305
28522,77939
28522,64416
28522,3805
28522,72594
28522,10428
28522,87810
28522,30965
28522,70392
28522,46461
28522,38578
28522,11960
28522,36875
28522,10520
28522,10564
28522,74059
28522,89592
28522,38932
28522,8287
28522,35573
28522,58424
28522,60979
28522,29210
28522,72149
28522,50426
28522,54857
28522,11153
28522,78428
28522,78373
28522,51451
28522,11125
28522,46431
28522,39274
28522,60090
28522,26165
28522,62803
28522,2418
28522,68169
28522,51678
28522,7697
28522,64607
28522,44043
28522,26030
28522,83365
28522,3003
28522,50055
28522,27671
28522,3228
28522,28429
28522,474
28522,72277
28522,80519
28522,18765
28522,30614
28522,29884
28522,47722
28522,48721
28522,97386
28522,47066
28522,8862
28522,34053
28522,28110
28522,71346
28522,20562
28522,70954
28522,30205
28522,9915
28522,31336
28522,45177
28522,34274
28522,6346
28522,97323
28522,27254
28522,90997
28522,17740
28522,49679
28522,74600
28522,92866
28522,78229
28522,26935
28522,49806
28522,16722
28522,63112
28522,3924
28522,51181
28522,62515
28522,36854
28522,91832
28522,54974
28522,51810
28522,5199
28522,66075
28522,86538
28522,32541
28522,40584
28522,71128
28522,7021
28522,15718
28522,4177
28522,84595
28522,24234
28522,59063
28522,16425
28522,37654
28522,73295
28522,63042
28522,70511
28522,94691
28522,13122
28522,56254
28522,50883
28522,66004
28522,24353
28522,26261
28522,13705
28522,85606
28522,74421
28522,84822
28522,72364
28522,20079
28522,46828
28522,67349
28522,82814
28522,58951
28522,58660
28522,9621
28522,72929
28522,79870
28522,11766
28522,5943
28522,76900
28522,21947
28522,19028
28522,14425
28522,11775
28522,47820
28522,55639
28522,93735
28522,21026
28522,86161
28522,34448
28522,55587
28522,59113
28522,41473
28522,92622
28522,39501
28522,29682
28522,99792
28522,90219
28522,47884
28522,80842
28522,30170
28522,14299
28522,48302
28522,8982
28522,15956
28522,76327
28522,2997
28522,99173
28522,69725
28522,8796
28522,44348
28522,58159
28522,36422
28522,66626
28522,84083
28522,3
28522,83902
28522,19147
28522,64039
28522,7339
28522,57837
28522,6090
28522,48745
28522,78665
28522,48790
28522,90275
28522,61573
28522,64317
28522,57967
28522,20130
28522,62224
28522,45770
28522,19851
28522,68857
28522,44244
28522,63777
28522,4925
28522,76147
28522,78177
28522,98306
28522,4232
28522,85225
28522,97900
28522,82993
28522,77844
28522,52708
28522,11238
28522,18841
28522,66713
28522,18445
28522,32176
28522,92100
28522,43081
28522,39310
28522,17185
28522,20445
28522,69661
28522,48933
28522,17526
28522,29290
28522,9835
28522,88486
28522,62826
28522,998
28522,97567
28522,90034
28522,2677
28522,35093
28522,18808
28522,85038
28522,99757
28522,96211
28522,16216
28522,27660
28522,52703
28522,99454
28522,37022
28522,36323
28522,80759
28522,64575
28522,61976
28522,52638
28522,53056
28522,16219
28522,95180
28522,47458
28522,10059
28522,35079
28522,51334
28522,25417
28522,97957
83034,40696
83034,11003
83034,79668
83034,28680
83034,74649
83034,37711
83034,15989
83034,91845
83034,40029
83034,36078
83034,22551
83034,37624
83034,94916
83034,16021
83034,87030
83034,8980
83034,3545
83034,41448
83034,34874
83034,87810
83034,83129
83034,36458
83034,51625
83034,46159
83034,53548
83034,11960
83034,79095
83034,36875
83034,59176
83034,10564
83034,43652
83034,60979
83034,50015
83034,36162
83034,51846
83034,30083
83034,37570
83034,51451
83034,40875
83034,78824
83034,62803
83034,26405
83034,47172
83034,86807
83034,63014
83034,43461
83034,50055
83034,39301
83034,13914
83034,27671
83034,90375
83034,14531
83034,18765
83034,6262
83034,46099
83034,63951
83034,51431
83034,70954
83034,39863
83034,42451
83034,74853
83034,66501
83034,31336
83034,98151
83034,48244
83034,62905
83034,1836
83034,93016
83034,86289
83034,96678
83034,78765
83034,81497
83034,23594
83034,78229
83034,64747
83034,91223
83034,43175
83034,88855
83034,49806
83034,16722
83034,84059
83034,74365
83034,3924
83034,21793
83034,83163
83034,91832
83034,72188
83034,65664
83034,66075
83034,80321
83034,31024
83034,45216
83034,81052
83034,87269
83034,15889
83034,88161
83034,48898
83034,84595
83034,96472
83034,59063
83034,44313
83034,16425
83034,42723
83034,37512
83034,70511
83034,66004
83034,81927
83034,53695
83034,9031
83034,6525
83034,10042
83034,72929
83034,52905
83034,95408
83034,5943
83034,14765
83034,4272
83034,55319
83034,53770
83034,34448
83034,55587
83034,49068
83034,59817
83034,39501
83034,78675
83034,99792
83034,36296
83034,26074
83034,30170
83034,6594
83034,28136
83034,2997
83034,58578
83034,78374
83034,38798
83034,62837
83034,44348
83034,70679
83034,63028
83034,64039
83034,7339
83034,70600
83034,31580
83034,6090
83034,57782
83034,51956
83034,90275
83034,77964
83034,77841
83034,61326
83034,67009
83034,2584
83034,4312
83034,85225
83034,78591
83034,37106
83034,72568
83034,97900
83034,29704
83034,74499
83034,67921
83034,49942
83034,34076
83034,69125
83034,7536
83034,74722
83034,51097
83034,62851
83034,55334
83034,84135
83034,58681
83034,92100
83034,74176
83034,28112
83034,45696
83034,42982
83034,21831
83034,61825
83034,90034
83034,35093
83034,72466
83034,4809
83034,99473
83034,52703
83034,12515
83034,73409
83034,63531
83034,30692
83034,37022
83034,61976
83034,53056
83034,19794
83034,80572
83034,17930
83034,75733
83034,47458
83034,89096
83034,32666
83034,10059
83034,35079
83034,85528
83034,80686
83034,10958
83034,33252
83034,33470
89649,84844
89649,12376
89649,90482
89649,39243
89649,46602
89649,90965
89649,69909
89649,99710
89649,79668
89649,28680
89649,57372
89649,6420
89649,96311
89649,37711
89649,43561
89649,15989
89649,14613
89649,49558
89649,36078
89649,2126
89649,14210
89649,84178
89649,59121
89649,61726
89649,87030
89649,81332
89649,44305
89649,22517
89649,41448
89649,10428
89649,64451
89649,66638
89649,83129
89649,91713
89649,70434
89649,51625
89649,39983
89649,38578
89649,95763
89649,10520
89649,50136
89649,10563
89649,5957
89649,22048
89649,46068
89649,48196
89649,35573
89649,47260
89649,6510
89649,58914
89649,69995
89649,73445
89649,24848
89649,60211
89649,11153
89649,92155
89649,39080
89649,30083
89649,51451
89649,39274
89649,26165
89649,62704
89649,7697
89649,89624
89649,50055
89649,76214
89649,13148
89649,29884
89649,48721
89649,46099
89649,65304
89649,39863
89649,66326
89649,74853
89649,31336
89649,13875
89649,34274
89649,98151
89649,62905
89649,65271
89649,1836
89649,93016
89649,3086
89649,30860
89649,19897
89649,96678
89649,27522
89649,24548
89649,64747
89649,43175
89649,88855
89649,16722
89649,14421
89649,74365
89649,3924
89649,54129
89649,83163
89649,99162
89649,80999
89649,91832
89649,33181
89649,72188
89649,19091
89649,80321
89649,31024
89649,45216
89649,98615
89649,40584
89649,81052
89649,12906
89649,15889
89649,95994
89649,48391
89649,37195
89649,48898
89649,12138
89649,7021
89649,84024
89649,37654
89649,47003
89649,73295
89649,50883
89649,74421
89649,20079
89649,79834
89649,46428
89649,6525
89649,58660
89649,82847
89649,15096
89649,82639
89649,42819
89649,76900
89649,21947
89649,4272
89649,55319
89649,65295
89649,26761
89649,9588
89649,72659
89649,87456
89649,47187
89649,73704
89649,39501
89649,45841
89649,87505
89649,42987
89649,8796
89649,38798
89649,56747
89649,62837
89649,44348
89649,3
89649,7339
89649,12237
89649,82703
89649,38589
89649,13613
89649,44949
89649,57782
89649,45185
89649,43746
89649,51956
89649,94730
89649,45770
89649,11038
89649,63777
89649,63620
89649,76147
89649,78177
89649,4232
89649,57242
89649,62789
89649,97900
89649,8536
89649,76145
89649,90546
89649,33196
89649,40938
89649,45506
89649,52708
89649,74722
89649,11238
89649,51097
89649,62851
89649,96402
89649,18445
89649,57589
89649,28112
89649,39058
89649,17185
89649,20445
89649,69661
89649,48933
89649,88089
89649,39993
89649,68607
89649,998
89649,97754
89649,90034
89649,2677
89649,41543
89649,92966
89649,27660
89649,92282
89649,82704
89649,35240
89649,42374
89649,9169
89649,52638
89649,19794
89649,16219
89649,90085
89649,88311
89649,17930
89649,47458
89649,85528
89649,74888
89649,52110
89649,1711
91963,84844
91963,41477
91963,2885
91963,50797
91963,84230
91963,99322
91963,73918
91963,11003
91963,695
91963,15989
91963,49558
91963,84178
91963,98122
91963,16021
91963,59135
91963,87030
91963,79650
91963,43092
91963,87810
91963,66638
91963,92369
91963,81015
91963,51625
91963,82241
91963,46159
91963,10520
91963,8287
91963,36162
91963,11153
91963,92155
91963,30083
91963,41190
91963,77441
91963,13748
91963,62704
91963,64607
91963,97872
91963,69711
91963,51855
91963,3228
91963,72277
91963,6262
91963,29884
91963,89332
91963,71870
91963,34053
91963,65304
91963,51431
91963,54361
91963,84786
91963,66326
91963,50886
91963,46061
91963,48244
91963,13512
91963,93016
91963,30860
91963,42102
91963,25460
91963,86289
91963,21230
91963,81497
91963,17740
91963,27522
91963,92866
91963,13285
91963,88855
91963,99057
91963,46692
91963,92236
91963,53082
91963,72188
91963,65432
91963,19091
91963,12906
91963,53881
91963,48898
91963,7021
91963,4177
91963,37512
91963,70511
91963,48430
91963,24353
91963,81927
91963,59338
91963,19152
91963,84822
91963,46828
91963,58660
91963,91314
91963,54466
91963,47881
91963,11766
91963,21036
91963,42819
91963,95408
91963,26544
91963,55319
91963,14425
91963,9588
91963,73704
91963,39501
91963,39888
91963,84280
91963,20149
91963,47884
91963,14299
91963,48302
91963,28136
91963,76327
91963,58578
91963,78995
91963,6856
91963,42923
91963,38211
91963,70679
91963,84083
91963,64039
91963,82703
91963,45925
91963,6815
91963,31580
91963,50307
91963,29811
91963,71663
91963,57967
91963,67009
91963,19851
91963,68857
91963,6463
91963,75529
91963,59844
91963,3101
91963,86833
91963,93507
91963,72270
91963,1829
91963,11238
91963,18841
91963,57589
91963,82741
91963,17185
91963,38591
91963,28282
91963,29290
91963,42982
91963,35093
91963,41543
91963,85038
91963,99757
91963,16291
91963,10424
91963,73409
91963,63531
91963,9169
91963,88311
91963,89967
91963,35079
91963,80686
91963,30776
91963,74888
91963,7197
91963,97957
87305,12376
87305,39243
87305,46602
87305,91845
87305,29759
87305,14613
87305,59121
87305,61726
87305,81332
87305,44305
87305,36458
87305,8013
87305,76581
87305,58914
87305,73445
87305,24848
87305,73733
87305,11153
87305,70782
87305,44043
87305,26030
87305,8309
87305,62707
87305,44672
87305,98684
87305,2820
87305,16081
87305,47066
87305,31336
87305,46061
87305,84441
87305,6
87305,27254
87305,81497
87305,85293
87305,62153
87305,88855
87305,97475
87305,14421
87305,63112
87305,99057
87305,43003
87305,82093
87305,98615
87305,71128
87305,53881
87305,84595
87305,59063
87305,42635
87305,13122
87305,26261
87305,19152
87305,86997
87305,95408
87305,21947
87305,11733
87305,26761
87305,47187
87305,92622
87305,90219
87305,80842
87305,28136
87305,95995
87305,70679
87305,10343
87305,70600
87305,79589
87305,51956
87305,77841
87305,94202
87305,79515
87305,24497
87305,44244
87305,67747
87305,63620
87305,1674
87305,76147
87305,18882
87305,92503
87305,62789
87305,17736
87305,45506
87305,39310
87305,88089
87305,49957
87305,97567
87305,90034
87305,2677
87305,99757
87305,99473
87305,12515
87305,9320
87305,9169
87305,90650
87305,47458
87305,20515
87305,90808
87305,80200
87305,7197
52161,54084
52161,39243
52161,94791
52161,28620
52161,88731
52161,43735
52161,98122
52161,37624
52161,94916
52161,20082
52161,50306
52161,44305
52161,3545
52161,83129
52161,55515
52161,91713
52161,30965
52161,39824
52161,46461
52161,39983
52161,39079
52161,25310
52161,79095
52161,64417
52161,89592
52161,38932
52161,48196
52161,6510
52161,7959
52161,72149
52161,87765
52161,50015
52161,82315
52161,36866
52161,73798
52161,41190
52161,39491
52161,3193
52161,78824
52161,3617
52161,2418
52161,58143
52161,86807
52161,83365
52161,3003
52161,63866
52161,27671
52161,67649
52161,9891
52161,6262
52161,91
52161,89332
52161,5949
52161,12812
52161,65304
52161,70954
52161,39863
52161,66326
52161,1862
52161,13875
52161,7315
52161,62905
52161,92655
52161,13512
52161,97323
52161,86289
52161,27522
52161,74600
52161,62153
52161,49806
52161,96691
52161,83163
52161,18674
52161,36854
52161,79278
52161,91832
52161,53082
52161,65664
52161,80321
52161,82093
52161,32541
52161,94363
52161,29822
52161,63663
52161,42723
52161,49424
52161,68416
52161,37512
52161,63042
52161,85606
52161,82814
52161,37212
52161,8669
52161,58660
52161,82639
52161,42819
52161,39383
52161,1349
52161,21026
52161,26761
52161,73704
52161,37840
52161,81743
52161,53495
52161,78675
52161,99792
52161,20149
52161,75375
52161,71569
52161,15956
52161,44976
52161,66626
52161,63028
52161,18165
52161,28714
52161,73973
52161,82703
52161,57837
52161,45185
52161,7025
52161,77942
52161,10692
52161,68857
52161,63620
52161,78177
52161,98306
52161,12599
52161,37106
52161,8536
52161,56489
52161,5059
52161,33249
52161,28282
52161,20445
52161,69661
52161,17526
52161,74594
52161,8697
52161,97754
52161,35093
52161,84551
52161,24072
52161,85038
52161,99473
52161,30568
52161,16216
52161,95796
52161,89249
52161,37022
52161,51334
52161,25417
52161,10958
52161,49307
52161,21236
52161,7197
10728,84844
10728,90965
10728,69909
10728,84230
10728,73918
10728,99710
10728,79668
10728,53643
10728,57372
10728,37711
10728,65887
10728,15989
10728,91845
10728,88731
10728,81332
10728,7612
10728,64416
10728,3805
10728,1503
10728,70434
10728,49372
10728,36458
10728,70392
10728,39983
10728,53548
10728,11960
10728,78355
10728,79095
10728,10520
10728,50802
10728,8013
10728,74059
10728,5957
10728,65268
10728,1795
10728,26312
10728,60979
10728,59292
10728,87765
10728,76017
10728,42452
10728,98463
10728,36162
10728,24848
10728,57289
10728,78373
10728,41190
10728,37570
10728,11125
10728,77441
10728,70782
10728,39274
10728,3617
10728,23385
10728,58143
10728,66992
10728,83365
10728,8309
10728,97893
10728,44672
10728,98684
10728,17936
10728,30614
10728,36215
10728,29884
10728,89332
10728,12812
10728,51431
10728,68964
10728,70954
10728,42451
10728,66326
10728,74853
10728,46061
10728,85851
10728,65271
10728,92655
10728,6
10728,92548
10728,82969
10728,27254
10728,30860
10728,42102
10728,96678
10728,17740
10728,74600
10728,24548
10728,13285
10728,26935
10728,97475
10728,48489
10728,3924
10728,96691
10728,80887
10728,18674
10728,36854
10728,79278
10728,19451
10728,72188
10728,51810
10728,19091
10728,80321
10728,82093
10728,86538
10728,71128
10728,1198
10728,61524
10728,53881
10728,48898
10728,29822
10728,63663
10728,47003
10728,71951
10728,62444
10728,66004
10728,96507
10728,13705
10728,59338
10728,72364
10728,29982
10728,69465
10728,46828
10728,67349
10728,53695
10728,58951
10728,9031
10728,6525
10728,58660
10728,91314
10728,10042
10728,96149
10728,82639
10728,72410
10728,13968
10728,11733
10728,19028
10728,65295
10728,39351
10728,1349
10728,86161
10728,55587
10728,9053
10728,37840
10728,81743
10728,59817
10728,99792
10728,20149
10728,80842
10728,63297
10728,26074
10728,95338
10728,95853
10728,75375
10728,76793
10728,15956
10728,2997
10728,42987
10728,85542
10728,12104
10728,56747
10728,44348
10728,58159
10728,63028
10728,37372
10728,70600
10728,6090
10728,50307
10728,61025
10728,44949
10728,59783
10728,71663
10728,20130
10728,94202
10728,12407
10728,62224
10728,77942
10728,24497
10728,68857
10728,1674
10728,37787
10728,4312
10728,98306
10728,18882
10728,85225
10728,57242
10728,3101
10728,92503
10728,72568
10728,8536
10728,93507
10728,72598
10728,33196
10728,72270
10728,34076
10728,69125
10728,56407
10728,6374
10728,55334
10728,96402
10728,27856
10728,28282
10728,29290
10728,87993
10728,35093
10728,99473
10728,30568
10728,96211
10728,27660
10728,18064
10728,86447
10728,13373
10728,99454
10728,73539
10728,61976
10728,53056
10728,16219
10728,88311
10728,39496
10728,51334
10728,46196
10728,64597
10728,10958
10728,44128
10728,59530
25882,12376
25882,41477
25882,39243
25882,70994
25882,84178
25882,37624
25882,90113
25882,61726
25882,50306
25882,7612
25882,70434
25882,70392
25882,53548
25882,87781
25882,36875
25882,64417
25882,10563
25882,38932
25882,68556
25882,46068
25882,1795
25882,60979
25882,39080
25882,41435
25882,65681
25882,51055
25882,41190
25882,28105
25882,60090
25882,10079
25882,22620
25882,7697
25882,64607
25882,50055
25882,69711
25882,39301
25882,28429
25882,90375
25882,72277
25882,80519
25882,14531
25882,48721
25882,97386
25882,47066
25882,70954
25882,84786
25882,66326
25882,13875
25882,6346
25882,38505
25882,3086
25882,34524
25882,19897
25882,63112
25882,99057
25882,80999
25882,91832
25882,4071
25882,58876
25882,29358
25882,31024
25882,45216
25882,24070
25882,71128
25882,87269
25882,12138
25882,44313
25882,63663
25882,47003
25882,49424
25882,94691
25882,71951
25882,50883
25882,86997
25882,20079
25882,61309
25882,64757
25882,10042
25882,57173
25882,5943
25882,36851
25882,75444
25882,55319
25882,39383
25882,15566
25882,87456
25882,73704
25882,37840
25882,56529
25882,99792
25882,95853
25882,28136
25882,42987
25882,69725
25882,42923
25882,30481
25882,58159
25882,70679
25882,64039
25882,7339
25882,29040
25882,6815
25882,13613
25882,17354
25882,45185
25882,43746
25882,90275
25882,62224
25882,24497
25882,68857
25882,48609
25882,4925
25882,1674
25882,75529
25882,59844
25882,12599
25882,57242
25882,76145
25882,3913
25882,69125
25882,74722
25882,1829
25882,18841
25882,56407
25882,6374
25882,43081
25882,18218
25882,28112
25882,74594
25882,79138
25882,33450
25882,8697
25882,97754
25882,31910
25882,35093
25882,27660
25882,35240
25882,89249
25882,42374
25882,64575
25882,9169
25882,52638
25882,16219
25882,88311
25882,89096
25882,652
25882,74088
25882,33252
25882,52110
25882,33470
25882,80200
30440,2885
30440,28680
30440,91845
30440,29759
30440,59121
30440,22551
30440,16021
30440,59135
30440,79650
30440,8980
30440,95607
30440,22517
30440,34874
30440,1272
30440,39983
30440,87781
30440,36875
30440,64417
30440,43652
30440,47260
30440,22340
30440,73798
30440,11153
30440,51451
30440,77441
30440,70782
30440,62704
30440,58143
30440,26030
30440,69711
30440,97893
30440,82739
30440,44672
30440,474
30440,72277
30440,80519
30440,14531
30440,49612
30440,46099
30440,65304
30440,94560
30440,39863
30440,30205
30440,42451
30440,31336
30440,46061
30440,62905
30440,1836
30440,6
30440,27254
30440,30860
30440,49679
30440,27522
30440,74600
30440,92866
30440,88855
30440,49806
30440,97475
30440,54129
30440,43003
30440,80321
30440,31024
30440,25706
30440,88950
30440,113
30440,48898
30440,75920
30440,96472
30440,59063
30440,59054
30440,87941
30440,26261
30440,81927
30440,55814
30440,29982
30440,61309
30440,10042
30440,26544
30440,21947
30440,21026
30440,9588
30440,87379
30440,28935
30440,59817
30440,39501
30440,95995
30440,78995
30440,85542
30440,62837
30440,38211
30440,58159
30440,76511
30440,37372
30440,43946
30440,13613
30440,61326
30440,12333
30440,67747
30440,78177
30440,37787
30440,4232
30440,78591
30440,17736
30440,76145
30440,74722
30440,1829
30440,33249
30440,28112
30440,39058
30440,9835
30440,85617
30440,84551
30440,4809
30440,27660
30440,65334
30440,86447
30440,89249
30440,61976
30440,91043
30440,16219
30440,66677
30440,46196
30440,7197
96540,40696
96540,97522
96540,39243
96540,39885
96540,28620
96540,12361
96540,53643
96540,74649
96540,14613
96540,88731
96540,43735
96540,20082
96540,61726
96540,59135
96540,79095
96540,93944
96540,88384
96540,82315
96540,22340
96540,60211
96540,91642
96540,65681
96540,41190
96540,37570
96540,4731
96540,3193
96540,40875
96540,78824
96540,47172
96540,86807
96540,63014
96540,7685
96540,18765
96540,65304
96540,63951
96540,70954
96540,13875
96540,45177
96540,50886
96540,48244
96540,62905
96540,30719
96540,49679
96540,51181
96540,99057
96540,7926
96540,36854
96540,80999
96540,91832
96540,53082
96540,18030
96540,81052
96540,113
96540,97287
96540,68416
96540,63042
96540,56254
96540,48756
96540,98521
96540,85606
96540,67349
96540,58660
96540,15096
96540,11766
96540,95408
96540,26544
96540,76900
96540,16012
96540,55639
96540,21026
96540,88953
96540,28935
96540,53495
96540,59817
96540,45841
96540,47884
96540,26074
96540,93464
96540,75375
96540,76793
96540,15956
96540,76327
96540,44976
96540,87505
96540,26638
96540,85542
96540,44348
96540,99290
96540,7339
96540,6927
96540,94730
96540,81307
96540,21683
96540,63620
96540,8628
96540,75529
96540,37787
96540,97900
96540,93507
96540,40938
96540,49233
96540,74499
96540,82993
96540,52708
96540,7536
96540,55334
96540,58681
96540,33249
96540,18218
96540,38591
96540,17526
96540,68607
96540,65163
96540,37735
96540,73409
96540,86447
96540,99454
96540,9169
96540,7137
96540,13395
96540,10059
96540,89967
96540,39496
96540,51334
96540,652
96540,10958
96540,74888
96540,1711
96540,80200
34048,90482
34048,1064
34048,41477
34048,28620
34048,99322
34048,17253
34048,6420
34048,37711
34048,15989
34048,91845
34048,2126
34048,14210
34048,37624
34048,14340
34048,87030
34048,50306
34048,3545
34048,77939
34048,64416
34048,39824
34048,92369
34048,49372
34048,81015
34048,53548
34048,39079
34048,10564
34048,50802
34048,64417
34048,76581
34048,38932
34048,65268
34048,68556
34048,46068
34048,58424
34048,60979
34048,76017
34048,42452
34048,73445
34048,73798
34048,73733
34048,39274
34048,3193
34048,26165
34048,62803
34048,2418
34048,87239
34048,51678
34048,7697
34048,43461
34048,50055
34048,16897
34048,29628
34048,474
34048,72277
34048,49195
34048,18765
34048,8862
34048,71870
34048,28110
34048,54361
34048,84786
34048,39863
34048,30205
34048,66501
34048,31336
34048,7315
34048,34274
34048,38505
34048,1332
34048,25460
34048,19897
34048,78765
34048,74600
34048,64747
34048,22799
34048,57494
34048,48489
34048,22528
34048,74365
34048,75147
34048,92236
34048,83163
34048,99162
34048,79278
34048,43003
34048,53082
34048,5199
34048,11158
34048,19091
34048,34523
34048,32541
34048,22110
34048,12242
34048,15889
34048,95994
34048,48898
34048,12138
34048,15718
34048,29822
34048,84024
34048,42635
34048,34808
34048,3793
34048,49424
34048,63042
34048,94691
34048,59114
34048,25316
34048,50883
34048,66004
34048,48756
34048,98521
34048,81927
34048,55814
34048,59338
34048,29982
34048,58951
34048,64757
34048,58660
34048,96149
34048,9621
34048,75444
34048,4272
34048,11775
34048,86161
34048,72659
34048,87379
34048,87456
34048,37840
34048,28935
34048,84280
34048,90219
34048,80842
34048,93464
34048,75375
34048,3588
34048,71569
34048,76793
34048,18845
34048,44976
34048,70254
34048,84622
34048,21334
34048,42923
34048,38798
34048,30481
34048,36422
34048,58617
34048,84083
34048,99290
34048,18165
34048,28714
34048,10343
34048,50307
34048,85262
34048,61025
34048,45185
34048,48790
34048,28799
34048,61573
34048,29811
34048,59783
34048,71663
34048,12407
34048,77942
34048,67009
34048,24497
34048,10353
34048,67747
34048,63620
34048,8628
34048,21855
34048,75529
34048,57242
34048,73386
34048,97900
34048,8536
34048,93507
34048,3913
34048,55184
34048,16758
34048,45506
34048,77844
34048,10188
34048,60549
34048,5059
34048,73855
34048,57589
34048,43081
34048,18218
34048,20762
34048,40557
34048,84098
34048,29290
34048,74594
34048,79138
34048,8697
34048,42982
34048,97754
34048,90034
34048,2677
34048,24072
34048,41543
34048,85038
34048,96211
34048,16216
34048,27660
34048,82704
34048,63531
34048,73539
34048,91043
34048,16219
34048,80572
34048,25838
34048,1318
34048,46196
34048,25417
34048,64597
34048,49307
34048,44128
34048,7197
52303,54084
52303,12999
52303,69909
52303,99322
52303,12361
52303,28680
52303,25155
52303,96311
52303,14613
52303,88731
52303,36078
52303,73945
52303,84178
52303,98122
52303,37624
52303,22517
52303,34874
52303,55515
52303,69427
52303,11960
52303,25310
52303,79095
52303,59176
52303,10520
52303,74059
52303,10563
52303,46068
52303,58424
52303,47260
52303,60979
52303,59292
52303,98463
52303,58245
52303,65538
52303,51451
52303,28105
52303,13748
52303,26405
52303,47172
52303,58143
52303,94556
52303,69711
52303,2820
52303,49612
52303,6262
52303,48721
52303,47066
52303,92882
52303,51431
52303,66326
52303,1862
52303,41019
52303,7315
52303,48244
52303,6
52303,86289
52303,21230
52303,78765
52303,91223
52303,49806
52303,48489
52303,27199
52303,14290
52303,18674
52303,33181
52303,72188
52303,58876
52303,51810
52303,11158
52303,40584
52303,24070
52303,81052
52303,1198
52303,25706
52303,4177
52303,42723
52303,68416
52303,37512
52303,70511
52303,50883
52303,55814
52303,82814
52303,79834
52303,46428
52303,8669
52303,6525
52303,21036
52303,72410
52303,5943
52303,75444
52303,11733
52303,53770
52303,39383
52303,47820
52303,93735
52303,9053
52303,73704
52303,41473
52303,8982
52303,71569
52303,76793
52303,76327
52303,2997
52303,95995
52303,69725
52303,42923
52303,63028
52303,99290
52303,9239
52303,29040
52303,13613
52303,78665
52303,45185
52303,90275
52303,20130
52303,24497
52303,44244
52303,48609
52303,37106
52303,97900
52303,29704
52303,45506
52303,10188
52303,56489
52303,56407
52303,82741
52303,27856
52303,18218
52303,88089
52303,29290
52303,79138
52303,8697
52303,61825
52303,65163
52303,90034
52303,2677
52303,84551
52303,99757
52303,16216
52303,92282
52303,91319
52303,86447
52303,99454
52303,80759
52303,52638
52303,53056
52303,16219
52303,80572
52303,89096
52303,89967
52303,1318
52303,85528
52303,5062
52303,25417
52303,80200
52303,44128
52303,7197
35546,40696
35546,54084
35546,94791
35546,79668
35546,57372
35546,15989
35546,98122
35546,20082
35546,3545
35546,7612
35546,39824
35546,70392
35546,46159
35546,50802
35546,60979
35546,7959
35546,88384
35546,39080
35546,51055
35546,51451
35546,40875
35546,3617
35546,68169
35546,10079
35546,26405
35546,94556
35546,51855
35546,474
35546,72277
35546,48721
35546,51431
35546,66326
35546,74853
35546,66501
35546,45177
35546,38505
35546,30860
35546,30719
35546,96678
35546,34924
35546,82707
35546,21793
35546,46692
35546,21092
35546,65432
35546,65664
35546,18030
35546,37195
35546,84595
35546,59054
35546,42635
35546,24353
35546,13705
35546,69465
35546,9621
35546,21036
35546,21026
35546,26761
35546,45841
35546,36296
35546,95338
35546,3588
35546,71569
35546,28136
35546,95995
35546,97247
35546,78374
35546,56747
35546,66626
35546,43946
35546,61025
35546,78665
35546,77964
35546,29811
35546,60730
35546,77841
35546,57967
35546,36956
35546,63777
35546,98306
35546,18882
35546,78591
35546,86833
35546,37106
35546,97900
35546,8536
35546,67921
35546,7536
35546,6374
35546,55334
35546,84135
35546,92100
35546,69661
35546,17526
35546,62826
35546,97567
35546,31910
35546,37735
35546,16291
35546,52703
35546,61976
35546,91043
35546,89642
35546,5062
35546,52110
35546,97957
60645,1064
60645,2885
60645,69909
60645,94649
60645,17253
60645,53643
60645,40029
60645,36078
60645,14210
60645,98122
60645,61726
60645,59135
60645,43092
60645,3545
60645,3805
60645,10428
60645,36458
60645,46159
60645,39983
60645,38578
60645,11960
60645,10563
60645,5957
60645,47260
60645,60979
60645,69995
60645,50015
60645,98463
60645,82315
60645,73798
60645,73733
60645,9150
60645,41435
60645,78373
60645,39491
60645,51451
60645,77441
60645,40875
60645,51710
60645,10079
60645,87239
60645,64607
60645,47172
60645,44043
60645,66992
60645,26030
60645,39301
60645,63866
60645,30883
60645,72277
60645,49195
60645,29884
60645,8862
60645,54361
60645,70954
60645,66326
60645,50886
60645,48244
60645,84441
60645,38505
60645,6
60645,64775
60645,21230
60645,90997
60645,78229
60645,57494
60645,43175
60645,2500
60645,48489
60645,74365
60645,28928
60645,83163
60645,18674
60645,33181
60645,65432
60645,29358
60645,36891
60645,82093
60645,98615
60645,81052
60645,89459
60645,94363
60645,88950
60645,48391
60645,84595
60645,42635
60645,3793
60645,49424
60645,62444
60645,25316
60645,73346
60645,85606
60645,39809
60645,74421
60645,19152
60645,46828
60645,67349
60645,46428
60645,54466
60645,18276
60645,57173
60645,26544
60645,65295
60645,1349
60645,26761
60645,86161
60645,9588
60645,15566
60645,49068
60645,72659
60645,73704
60645,59113
60645,53495
60645,39888
60645,26618
60645,70167
60645,95853
60645,14299
60645,8982
60645,74988
60645,12104
60645,30481
60645,10513
60645,83902
60645,99290
60645,64039
60645,70600
60645,45925
60645,43946
60645,6090
60645,78665
60645,28799
60645,67009
60645,11038
60645,68857
60645,10353
60645,59844
60645,86833
60645,33196
60645,16758
60645,77844
60645,52708
60645,60549
60645,18841
60645,18445
60645,13278
60645,28112
60645,69661
60645,87993
60645,33450
60645,8697
60645,21831
60645,61825
60645,97567
60645,90034
60645,2677
60645,18808
60645,84551
60645,52703
60645,91319
60645,63531
60645,73539
60645,42374
60645,9169
60645,91043
60645,47458
60645,89096
60645,33470
60645,1711
60645,59530
81385,90482
81385,84230
81385,57372
81385,25155
81385,65887
81385,88731
81385,40029
81385,87030
81385,79650
81385,51625
81385,46159
81385,38335
81385,74059
81385,5957
81385,38932
81385,1795
81385,35573
81385,58424
81385,60388
81385,54857
81385,82315
81385,65681
81385,78373
81385,41190
81385,40875
81385,29923
81385,26405
81385,44672
81385,7685
81385,80519
81385,8862
81385,63951
81385,84786
81385,41019
81385,7315
81385,34524
81385,30860
81385,30719
81385,81497
81385,49679
81385,74600
81385,70282
81385,34924
81385,16722
81385,99057
81385,19451
81385,43003
81385,65432
81385,36891
81385,45216
81385,88950
81385,84595
81385,96472
81385,91374
81385,47003
81385,68416
81385,25316
81385,13122
81385,39809
81385,74421
81385,46828
81385,46428
81385,64757
81385,47881
81385,9621
81385,65295
81385,47820
81385,88953
81385,59817
81385,78675
81385,28136
81385,99173
81385,26638
81385,8796
81385,70679
81385,56359
81385,28714
81385,82703
81385,38589
81385,85262
81385,64966
81385,77841
81385,71663
81385,62224
81385,10353
81385,44244
81385,4925
81385,2584
81385,4232
81385,12599
81385,92503
81385,49942
81385,60549
81385,84135
81385,57589
81385,92100
81385,43081
81385,74594
81385,37735
81385,10424
81385,86447
81385,99454
81385,93387
81385,9169
81385,80572
81385,95180
81385,75733
81385,47458
81385,68532
81385,74888
33252,12376
33252,2885
33252,50797
33252,96311
33252,65887
33252,29759
33252,49558
33252,88731
33252,40029
33252,73945
33252,61726
33252,44305
33252,7612
33252,3805
33252,34874
33252,1503
33252,69427
33252,78355
33252,79095
33252,10520
33252,50136
33252,74059
33252,8287
33252,1795
33252,58424
33252,7959
33252,58914
33252,69995
33252,22340
33252,92155
33252,65538
33252,78428
33252,39491
33252,77441
33252,70782
33252,26165
33252,10079
33252,64607
33252,50055
33252,69711
33252,16897
33252,63866
33252,2820
33252,29628
33252,474
33252,80519
33252,49612
33252,18765
33252,30614
33252,6262
33252,36215
33252,89332
33252,8862
33252,51431
33252,68964
33252,39863
33252,50886
33252,64775
33252,17740
33252,49679
33252,24548
33252,13285
33252,26935
33252,34924
33252,16722
33252,63112
33252,28928
33252,14290
33252,43003
33252,54974
33252,19091
33252,98615
33252,24070
33252,28495
33252,96472
33252,59054
33252,40753
33252,44313
33252,84024
33252,34808
33252,47003
33252,3793
33252,37512
33252,26261
33252,55814
33252,46828
33252,82814
33252,58951
33252,64757
33252,58660
33252,91314
33252,54466
33252,57173
33252,60670
33252,52905
33252,11766
33252,21036
33252,26544
33252,36851
33252,16012
33252,65295
33252,39383
33252,55639
33252,86161
33252,15566
33252,49068
33252,87379
33252,87456
33252,9053
33252,73704
33252,81743
33252,78675
33252,36296
33252,63297
33252,62293
33252,93464
33252,14299
33252,8982
33252,99173
33252,69725
33252,21334
33252,42923
33252,38211
33252,30481
33252,58159
33252,99290
33252,28714
33252,12237
33252,43946
33252,31580
33252,13613
33252,48745
33252,85262
33252,78665
33252,4027
33252,57782
33252,48790
33252,28799
33252,12407
33252,67009
33252,24497
33252,10692
33252,12333
33252,68857
33252,10353
33252,22436
33252,6463
33252,18882
33252,4232
33252,85225
33252,3101
33252,86833
33252,37106
33252,62789
33252,16758
33252,49942
33252,56489
33252,62851
33252,39310
33252,38591
33252,28282
33252,65896
33252,88089
33252,33450
33252,61825
33252,97754
33252,84551
33252,4809
33252,10424
33252,86447
33252,89249
33252,30692
33252,37022
33252,36323
33252,73539
33252,53056
33252,19794
33252,89642
33252,90085
33252,17930
33252,89096
33252,1318
33252,68532
33252,80686
33252,30776
33252,74088
33252,74888
33252,44128
50137,46602
50137,90965
50137,57372
50137,37605
50137,14613
50137,40029
50137,2126
50137,98122
50137,50306
50137,39983
50137,25310
50137,64417
50137,5957
50137,47260
50137,88384
50137,42452
50137,73798
50137,92155
50137,51846
50137,65681
50137,41190
50137,2418
50137,7697
50137,63014
50137,39301
50137,63866
50137,72277
50137,17936
50137,18765
50137,63951
50137,80996
50137,41019
50137,34274
50137,3086
50137,92866
50137,78229
50137,13285
50137,22528
50137,96691
50137,19487
50137,7926
50137,72188
50137,58876
50137,18030
50137,87269
50137,25706
50137,53881
50137,37195
50137,34808
50137,3793
50137,62444
50137,46828
50137,67349
50137,82814
50137,9031
50137,10042
50137,57173
50137,11766
50137,42819
50137,36851
50137,16012
50137,4272
50137,28935
50137,14240
50137,29682
50137,63297
50137,75375
50137,71569
50137,35999
50137,44976
50137,70254
50137,58159
50137,58617
50137,6090
50137,13613
50137,28799
50137,57967
50137,19851
50137,78177
50137,97900
50137,3913
50137,34076
50137,66713
50137,18445
50137,58681
50137,57589
50137,79102
50137,33249
50137,17185
50137,65896
50137,9835
50137,79138
50137,45696
50137,33450
50137,42982
50137,18808
50137,41543
50137,30568
50137,10424
50137,91319
50137,86447
50137,35240
50137,37022
50137,73873
50137,91043
50137,78277
50137,66677
50137,51334
50137,652
50137,64597
50137,33470
52040,2885
52040,39885
52040,90965
52040,69909
52040,12361
52040,79668
52040,28680
52040,25155
52040,37605
52040,91845
52040,63867
52040,29759
52040,43735
52040,73945
52040,59135
52040,44305
52040,7612
52040,22517
52040,64451
52040,55515
52040,92369
52040,36458
52040,53548
52040,78355
52040,36875
52040,38335
52040,10564
52040,64417
52040,43652
52040,38932
52040,68556
52040,48196
52040,1795
52040,47260
52040,29210
52040,87765
52040,50426
52040,36162
52040,24848
52040,11153
52040,9150
52040,92155
52040,65681
52040,46431
52040,39274
52040,3193
52040,51710
52040,3617
52040,62803
52040,68169
52040,22620
52040,51678
52040,58143
52040,63014
52040,43461
52040,3003
52040,97893
52040,44672
52040,76214
52040,13148
52040,67649
52040,18765
52040,29884
52040,48721
52040,97386
52040,46099
52040,8862
52040,34053
52040,12812
52040,63951
52040,80996
52040,94560
52040,70954
52040,74853
52040,63871
52040,19581
52040,48244
52040,62905
52040,85851
52040,84441
52040,92548
52040,97323
52040,3086
52040,34524
52040,30860
52040,42102
52040,30719
52040,86289
52040,19897
52040,81497
52040,74600
52040,78229
52040,64747
52040,85293
52040,22799
52040,23525
52040,62153
52040,88855
52040,48489
52040,82707
52040,16722
52040,21793
52040,80887
52040,51181
52040,36838
52040,7926
52040,79278
52040,80999
52040,58876
52040,54974
52040,5199
52040,29358
52040,82093
52040,86538
52040,24070
52040,12242
52040,94363
52040,95994
52040,113
52040,53881
52040,40753
52040,44313
52040,84024
52040,37654
52040,47003
52040,49424
52040,73295
52040,63042
52040,94691
52040,73346
52040,56254
52040,55814
52040,72364
52040,48612
52040,29982
52040,46828
52040,53695
52040,89757
52040,96149
52040,57173
52040,15096
52040,52905
52040,42819
52040,95408
52040,36851
52040,76900
52040,65295
52040,39351
52040,1349
52040,21026
52040,26761
52040,55587
52040,49068
52040,87379
52040,59113
52040,28935
52040,41473
52040,39501
52040,84280
52040,20149
52040,70167
52040,30170
52040,6594
52040,2997
52040,35999
52040,78995
52040,21334
52040,30846
52040,42923
52040,12104
52040,38798
52040,30481
52040,66626
52040,56359
52040,99290
52040,27266
52040,45925
52040,78665
52040,90275
52040,28799
52040,29811
52040,60730
52040,77841
52040,57967
52040,81307
52040,94202
52040,45770
52040,37787
52040,4312
52040,12599
52040,85225
52040,57242
52040,97900
52040,72598
52040,17736
52040,33196
52040,40938
52040,82993
52040,72270
52040,10188
52040,18841
52040,51097
52040,5059
52040,13278
52040,74176
52040,39310
52040,20445
52040,84098
52040,69661
52040,48933
52040,29290
52040,8697
52040,42982
52040,97567
52040,65163
52040,97754
52040,90034
52040,2677
52040,37735
52040,99473
52040,30568
52040,92966
52040,10424
52040,73409
52040,91319
52040,99454
52040,53352
52040,30692
52040,37022
52040,36323
52040,73539
52040,7137
52040,13395
52040,16219
52040,80572
52040,39496
52040,90808
52040,85528
52040,30776
52040,74088
52040,80200
52040,44128
52040,59530
52040,7197
14892,12376
14892,40696
14892,1064
14892,39243
14892,50797
14892,28620
14892,53926
14892,90965
14892,12361
14892,79668
14892,74649
14892,29838
14892,15989
14892,91845
14892,63867
14892,88731
14892,36078
14892,98122
14892,14340
14892,20082
14892,61726
14892,79650
14892,8980
14892,44305
14892,3545
14892,7612
14892,66638
14892,55515
14892,1272
14892,30965
14892,53548
14892,38578
14892,20460
14892,95763
14892,38335
14892,59176
14892,74059
14892,89592
14892,38932
14892,58424
14892,96937
14892,62725
14892,59292
14892,69995
14892,73798
14892,9150
14892,91642
14892,78373
14892,39491
14892,22648
14892,77441
14892,62803
14892,22620
14892,58143
14892,86807
14892,43461
14892,26030
14892,97872
14892,69711
14892,16897
14892,13914
14892,13148
14892,474
14892,72277
14892,78983
14892,14531
14892,49195
14892,9891
14892,47722
14892,5949
14892,28110
14892,65304
14892,63951
14892,54361
14892,39863
14892,1862
14892,66501
14892,62905
14892,6346
14892,6
14892,30719
14892,86289
14892,64747
14892,57494
14892,2500
14892,3924
14892,28928
14892,36838
14892,7926
14892,18674
14892,53082
14892,72188
14892,65432
14892,65664
14892,51810
14892,32541
14892,61524
14892,88161
14892,48391
14892,37195
14892,12138
14892,96472
14892,59054
14892,40753
14892,91374
14892,73295
14892,48430
14892,62444
14892,25316
14892,56254
14892,24353
14892,74421
14892,47292
14892,59338
14892,84822
14892,89757
14892,8669
14892,91314
14892,96149
14892,57173
14892,60670
14892,52905
14892,34016
14892,72410
14892,16012
14892,14425
14892,11775
14892,93735
14892,21026
14892,72659
14892,87456
14892,9053
14892,73704
14892,59113
14892,53495
14892,14240
14892,84280
14892,26618
14892,36296
14892,80842
14892,48302
14892,75375
14892,58578
14892,84622
14892,69725
14892,21334
14892,42923
14892,8796
14892,56747
14892,38211
14892,44348
14892,58617
14892,66626
14892,99290
14892,64039
14892,37372
14892,29040
14892,45925
14892,6815
14892,7025
14892,60730
14892,77841
14892,57967
14892,12407
14892,36956
14892,19851
14892,10353
14892,4925
14892,12599
14892,60228
14892,97900
14892,3913
14892,82993
14892,77844
14892,34076
14892,56489
14892,1829
14892,73855
14892,61238
14892,18445
14892,57589
14892,92100
14892,13278
14892,39310
14892,18218
14892,74594
14892,45696
14892,87993
14892,88486
14892,68607
14892,21831
14892,31910
14892,30568
14892,92966
14892,16291
14892,16216
14892,27660
14892,10424
14892,73409
14892,18064
14892,99454
14892,82704
14892,53352
14892,30692
14892,93387
14892,73873
14892,61976
14892,91043
14892,7137
14892,53056
14892,19794
14892,89642
14892,95180
14892,88311
14892,75733
14892,66677
14892,89096
14892,32666
14892,10059
14892,51334
14892,85528
14892,10958
14892,33470
14892,1711
14892,44128
14892,7197
68623,97522
68623,94791
68623,12361
68623,79650
68623,8980
68623,43092
68623,22517
68623,39824
68623,25310
68623,87781
68623,60979
68623,36866
68623,22340
68623,39491
68623,3193
68623,44043
68623,83365
68623,78983
68623,17936
68623,6262
68623,97386
68623,5949
68623,80996
68623,66501
68623,98151
68623,85851
68623,92866
68623,36854
68623,65432
68623,4071
68623,82093
68623,24070
68623,15889
68623,37195
68623,84024
68623,34808
68623,49424
68623,37512
68623,53695
68623,82814
68623,8669
68623,65295
68623,28935
68623,14240
68623,6594
68623,8982
68623,44976
68623,70254
68623,58617
68623,19147
68623,6815
68623,6090
68623,60730
68623,78177
68623,37787
68623,85225
68623,72568
68623,82993
68623,18445
68623,21831
68623,86447
68623,61976
68623,17930
68623,51334
56720,41477
56720,97522
56720,28620
56720,90965
56720,84230
56720,73918
56720,94649
56720,32818
56720,43561
56720,91845
56720,14210
56720,20082
56720,8980
56720,95607
56720,22517
56720,55515
56720,70392
56720,10520
56720,10564
56720,50802
56720,64417
56720,89592
56720,8287
56720,46068
56720,48196
56720,29210
56720,62725
56720,69995
56720,82315
56720,36866
56720,60211
56720,30083
56720,51055
56720,4731
56720,11125
56720,46431
56720,88776
56720,39274
56720,58143
56720,86807
56720,39301
56720,62707
56720,474
56720,39863
56720,66326
56720,13875
56720,41019
56720,7315
56720,19581
56720,85851
56720,92655
56720,27254
56720,96678
56720,22807
56720,3924
56720,14290
56720,62515
56720,7926
56720,4071
56720,54974
56720,5199
56720,19091
56720,29358
56720,80321
56720,86538
56720,95994
56720,113
56720,37195
56720,4177
56720,40753
56720,84024
56720,34808
56720,70511
56720,24353
56720,48756
56720,98521
56720,55814
56720,13705
56720,47292
56720,19152
56720,86997
56720,95970
56720,37212
56720,79834
56720,58660
56720,82639
56720,26544
56720,5943
56720,62943
56720,36851
56720,11733
56720,19028
56720,21026
56720,28935
56720,84280
56720,45841
56720,47884
56720,95853
56720,8982
56720,71569
56720,35999
56720,95995
56720,21334
56720,85542
56720,58617
56720,19147
56720,18165
56720,28714
56720,70600
56720,82703
56720,38589
56720,48790
56720,94730
56720,57967
56720,81307
56720,67747
56720,63620
56720,75529
56720,73386
56720,93507
56720,76145
56720,49942
56720,10188
56720,7536
56720,74722
56720,51097
56720,5059
56720,13278
56720,82741
56720,79102
56720,39058
56720,9835
56720,87993
56720,8697
56720,68607
56720,21831
56720,97567
56720,90034
56720,37735
56720,4809
56720,85038
56720,99473
56720,16216
56720,65334
56720,35240
56720,89249
56720,64575
56720,89967
56720,51334
56720,90808
56720,697
56720,94637
56720,7197
23051,70994
23051,94791
23051,29838
23051,20082
23051,64451
23051,66638
23051,70392
23051,69427
23051,11960
23051,10520
23051,5957
23051,7959
23051,88776
23051,3617
23051,27671
23051,47066
23051,28110
23051,66326
23051,46061
23051,19581
23051,62905
23051,30860
23051,96678
23051,27522
23051,83163
23051,18674
23051,91832
23051,4071
23051,71128
23051,12242
23051,94363
23051,48391
23051,15718
23051,4177
23051,50883
23051,13705
23051,19152
23051,54466
23051,47881
23051,4272
23051,47820
23051,21026
23051,26761
23051,37840
23051,26638
23051,21334
23051,58617
23051,3
23051,18165
23051,82703
23051,38589
23051,78665
23051,48790
23051,57967
23051,62224
23051,45770
23051,76147
23051,8628
23051,75529
23051,37106
23051,74499
23051,34076
23051,10188
23051,73855
23051,38591
23051,49957
23051,29290
23051,35093
23051,99473
23051,16216
23051,12515
23051,95796
23051,35240
23051,80572
23051,39496
23051,1318
23051,33252
60192,94791
60192,53926
60192,12361
60192,79668
60192,57372
60192,73945
60192,14340
60192,90113
60192,59135
60192,3545
60192,22517
60192,34874
60192,10428
60192,66638
60192,1503
60192,39824
60192,70434
60192,53548
60192,39079
60192,11960
60192,78355
60192,95594
60192,8013
60192,46068
60192,1795
60192,7959
60192,87765
60192,42452
60192,73445
60192,60211
60192,11153
60192,92155
60192,51846
60192,37570
60192,28105
60192,77441
60192,70782
60192,3617
60192,23385
60192,47172
60192,69711
60192,7685
60192,28429
60192,72277
60192,9891
60192,6262
60192,89332
60192,48721
60192,47066
60192,94560
60192,68964
60192,20562
60192,70954
60192,63871
60192,46061
60192,92655
60192,92548
60192,82969
60192,27254
60192,30860
60192,25460
60192,24548
60192,43175
60192,1608
60192,97475
60192,34924
60192,16722
60192,27199
60192,51181
60192,7926
60192,19451
60192,54974
60192,65664
60192,51810
60192,18030
60192,24070
60192,1198
60192,88950
60192,53881
60192,37195
60192,48898
60192,4177
60192,29822
60192,59054
60192,42723
60192,3793
60192,87941
60192,48430
60192,66004
60192,26261
60192,96507
60192,13705
60192,85606
60192,19152
60192,84822
60192,69465
60192,95970
60192,61309
60192,58660
60192,10042
60192,47881
60192,79870
60192,11766
60192,42819
60192,14765
60192,19028
60192,65295
60192,26761
60192,9588
60192,87379
60192,41473
60192,20149
60192,95338
60192,95853
60192,14299
60192,76327
60192,44976
60192,21334
60192,38798
60192,62837
60192,38211
60192,30481
60192,76511
60192,63028
60192,28714
60192,10343
60192,17354
60192,7025
60192,90275
60192,61573
60192,71663
60192,24497
60192,12333
60192,10353
60192,78177
60192,4312
60192,18882
60192,72598
60192,29704
60192,40938
60192,16758
60192,67921
60192,49942
60192,45506
60192,77844
60192,34076
60192,56407
60192,61238
60192,96402
60192,92100
60192,82741
60192,27856
60192,39310
60192,28112
60192,74594
60192,42982
60192,21831
60192,61825
60192,97567
60192,72466
60192,84551
60192,82704
60192,93387
60192,64575
60192,52638
60192,91043
60192,90650
60192,66677
60192,1318
60192,85528
60192,30776
60192,80200
60192,97957
15067,84844
15067,50797
15067,96311
15067,65887
15067,59121
15067,87030
15067,3805
15067,87810
15067,1272
15067,82241
15067,11960
15067,59176
15067,69995
15067,50015
15067,73798
15067,41190
15067,62803
15067,26030
15067,83365
15067,54361
15067,66326
15067,43875
15067,50886
15067,21230
15067,70282
15067,92866
15067,13285
15067,26935
15067,83163
15067,54974
15067,98615
15067,40584
15067,87269
15067,40753
15067,59114
15067,55814
15067,19152
15067,82814
15067,91314
15067,60670
15067,21036
15067,14765
15067,4272
15067,55319
15067,47187
15067,39888
15067,99792
15067,8982
15067,28136
15067,44976
15067,48745
15067,57782
15067,62224
15067,67009
15067,4925
15067,37106
15067,52708
15067,1829
15067,18841
15067,56407
15067,17185
15067,89096
15067,85528
15067,33470
15067,59530
8026,28680
8026,36078
8026,90113
8026,50306
8026,66638
8026,55515
8026,36458
8026,50802
8026,88384
8026,51451
8026,40875
8026,43461
8026,94556
8026,69711
8026,72277
8026,9891
8026,36215
8026,16081
8026,85851
8026,78765
8026,49806
8026,61524
8026,34808
8026,24353
8026,96507
8026,96149
8026,62943
8026,49068
8026,28935
8026,41473
8026,26618
8026,95853
8026,6594
8026,76793
8026,26638
8026,95995
8026,21334
8026,56747
8026,83902
8026,63028
8026,99290
8026,28714
8026,43946
8026,61025
8026,78665
8026,81307
8026,78177
8026,78591
8026,77844
8026,69661
8026,79138
8026,33450
8026,24072
8026,4809
8026,16216
8026,12515
8026,64575
8026,9169
8026,91043
8026,10059
8026,5062
8026,652
8026,80200
41951,84844
41951,41477
41951,39243
41951,46602
41951,90965
41951,99710
41951,79668
41951,91845
41951,29759
41951,73945
41951,36458
41951,53548
41951,78355
41951,87781
41951,10520
41951,46068
41951,48196
41951,60979
41951,73445
41951,24848
41951,41190
41951,11125
41951,10079
41951,22620
41951,47172
41951,50055
41951,2820
41951,29628
41951,80519
41951,89332
41951,71870
41951,70954
41951,1862
41951,96678
41951,81497
41951,78229
41951,64747
41951,62153
41951,16722
41951,3924
41951,14290
41951,46692
41951,91832
41951,72188
41951,65432
41951,36891
41951,24070
41951,48391
41951,15718
41951,40753
41951,91374
41951,94691
41951,6816
41951,82847
41951,47212
41951,95408
41951,5943
41951,9588
41951,15566
41951,72659
41951,28935
41951,53495
41951,39501
41951,95853
41951,44976
41951,97247
41951,8796
41951,38798
41951,58617
41951,76511
41951,63028
41951,50519
41951,45185
41951,7025
41951,48790
41951,62224
41951,77942
41951,61326
41951,22436
41951,2584
41951,59844
41951,4232
41951,8536
41951,93507
41951,55184
41951,40938
41951,74499
41951,45506
41951,56489
41951,60549
41951,61238
41951,55334
41951,43081
41951,69661
41951,49957
41951,998
41951,97754
41951,31910
41951,92282
41951,65334
41951,9320
41951,42374
41951,52638
41951,75733
41951,65114
41951,74888
41951,44128
25444,50797
25444,90965
25444,99710
25444,25155
25444,73945
25444,90113
25444,61726
25444,59135
25444,87030
25444,81332
25444,3805
25444,10428
25444,66638
25444,55515
25444,39824
25444,49372
25444,81015
25444,46159
25444,78355
25444,25310
25444,74059
25444,24848
25444,51846
25444,39491
25444,40875
25444,68169
25444,23385
25444,43461
25444,8309
25444,50055
25444,44582
25444,13914
25444,30883
25444,29628
25444,16081
25444,97386
25444,54361
25444,71346
25444,1862
25444,13875
25444,98151
25444,46061
25444,82969
25444,3086
25444,96678
25444,62153
25444,27199
25444,75147
25444,46692
25444,91832
25444,72188
25444,65746
25444,98615
25444,29822
25444,59063
25444,40753
25444,97287
25444,42635
25444,73346
25444,53695
25444,6525
25444,58660
25444,68658
25444,47212
25444,15096
25444,4272
25444,14425
25444,53770
25444,39351
25444,37840
25444,41473
25444,14240
25444,39501
25444,29682
25444,76327
25444,44976
25444,78995
25444,69725
25444,97247
25444,12104
25444,63028
25444,28714
25444,82703
25444,45925
25444,71663
25444,62224
25444,77942
25444,61326
25444,19851
25444,68857
25444,44244
25444,48609
25444,18882
25444,12599
25444,86833
25444,92503
25444,72568
25444,55184
25444,52708
25444,18841
25444,6374
25444,55334
25444,32176
25444,92100
25444,82741
25444,62826
25444,90034
25444,27660
25444,92282
25444,10424
25444,18064
25444,13373
25444,9320
25444,52638
25444,46196
25444,5062
25444,74088
25444,52110
25444,80200
25444,97957
35857,90482
35857,41477
35857,97522
35857,39243
35857,70994
35857,53926
35857,84230
35857,73918
35857,17253
35857,99710
35857,53643
35857,91845
35857,63867
35857,88731
35857,90113
35857,79650
35857,3545
35857,7612
35857,3805
35857,41448
35857,10428
35857,83129
35857,39824
35857,49372
35857,51625
35857,69427
35857,10520
35857,50802
35857,8013
35857,24302
35857,49983
35857,10563
35857,22048
35857,35573
35857,47260
35857,7959
35857,59292
35857,58245
35857,92155
35857,39080
35857,78373
35857,41190
35857,39491
35857,11125
35857,77441
35857,89624
35857,50055
35857,39301
35857,13914
35857,7685
35857,98684
35857,78983
35857,14531
35857,18765
35857,46099
35857,12812
35857,63951
35857,84786
35857,74853
35857,9915
35857,7315
35857,6346
35857,84441
35857,92655
35857,13512
35857,3086
35857,34524
35857,78765
35857,57494
35857,26935
35857,16722
35857,3924
35857,21793
35857,36838
35857,7926
35857,80999
35857,53082
35857,11158
35857,19091
35857,36891
35857,31024
35857,40584
35857,87269
35857,61524
35857,113
35857,48391
35857,37195
35857,7021
35857,15718
35857,59054
35857,34808
35857,63663
35857,49424
35857,70511
35857,87941
35857,48430
35857,50883
35857,24353
35857,96507
35857,74421
35857,48612
35857,67349
35857,95970
35857,58951
35857,61309
35857,46428
35857,64757
35857,68658
35857,60670
35857,52905
35857,34016
35857,21036
35857,95408
35857,62943
35857,14765
35857,4272
35857,88953
35857,9588
35857,55587
35857,72659
35857,47187
35857,73704
35857,41473
35857,39888
35857,99792
35857,20149
35857,90219
35857,80842
35857,26074
35857,93464
35857,71569
35857,74988
35857,69725
35857,78374
35857,56747
35857,58617
35857,66626
35857,76511
35857,63028
35857,29040
35857,45925
35857,57837
35857,13613
35857,85262
35857,45185
35857,28799
35857,23664
35857,71663
35857,57967
35857,62224
35857,10692
35857,63777
35857,12599
35857,78591
35857,86833
35857,72568
35857,97900
35857,8536
35857,29704
35857,90546
35857,33196
35857,77844
35857,69125
35857,5059
35857,61238
35857,6374
35857,58681
35857,82741
35857,28282
35857,20445
35857,40557
35857,74594
35857,39993
35857,97567
35857,65163
35857,37735
35857,84551
35857,24072
35857,4809
35857,96211
35857,16216
35857,95796
35857,13373
35857,82704
35857,63531
35857,37022
35857,64575
35857,90307
35857,47458
35857,10059
35857,89967
35857,39496
35857,94637
35857,652
35857,7197
35857,97957
11475,90482
11475,97522
11475,39243
11475,2885
11475,50797
11475,12361
11475,79668
11475,37605
11475,96311
11475,65887
11475,15989
11475,63867
11475,14613
11475,14210
11475,94916
11475,44305
11475,55515
11475,1503
11475,91713
11475,30965
11475,39824
11475,70434
11475,49372
11475,36458
11475,51625
11475,46461
11475,39079
11475,87781
11475,20460
11475,95763
11475,10520
11475,64417
11475,50136
11475,76581
11475,48196
11475,26312
11475,62725
11475,59292
11475,69995
11475,50015
11475,54857
11475,36866
11475,73798
11475,11153
11475,9150
11475,39080
11475,78373
11475,39491
11475,51451
11475,39274
11475,3617
11475,51678
11475,7697
11475,63014
11475,97872
11475,50055
11475,44582
11475,16897
11475,51855
11475,44672
11475,7685
11475,98684
11475,30883
11475,90375
11475,80519
11475,17936
11475,14531
11475,49612
11475,18765
11475,30614
11475,16081
11475,89332
11475,48721
11475,97386
11475,12812
11475,92882
11475,70954
11475,42451
11475,74853
11475,9915
11475,66501
11475,41019
11475,46061
11475,6346
11475,92548
11475,82969
11475,1332
11475,27254
11475,42102
11475,19897
11475,17740
11475,49679
11475,23594
11475,70282
11475,13285
11475,64747
11475,65472
11475,16722
11475,84059
11475,63112
11475,96691
11475,14290
11475,46692
11475,21092
11475,80999
11475,53082
11475,72188
11475,4071
11475,34523
11475,36891
11475,31024
11475,86538
11475,45216
11475,40584
11475,89459
11475,61524
11475,12138
11475,84595
11475,40753
11475,42635
11475,42723
11475,68416
11475,73295
11475,63042
11475,71951
11475,25316
11475,41743
11475,56254
11475,66004
11475,98521
11475,96507
11475,74421
11475,48612
11475,29982
11475,67349
11475,58951
11475,58660
11475,54466
11475,82847
11475,57173
11475,72929
11475,5943
11475,62943
11475,13968
11475,21947
11475,11733
11475,4272
11475,14425
11475,9076
11475,93735
11475,88953
11475,86161
11475,73704
11475,37840
11475,14240
11475,78675
11475,36296
11475,70167
11475,95853
11475,99173
11475,42987
11475,97247
11475,8796
11475,62837
11475,44348
11475,70679
11475,66626
11475,19147
11475,63028
11475,9239
11475,13613
11475,85262
11475,61025
11475,45185
11475,48790
11475,57967
11475,20130
11475,12407
11475,36956
11475,10692
11475,67747
11475,63777
11475,96932
11475,78177
11475,18882
11475,59844
11475,3101
11475,74499
11475,82993
11475,69125
11475,60549
11475,61238
11475,96402
11475,18445
11475,58681
11475,32176
11475,33249
11475,39058
11475,39993
11475,87993
11475,33450
11475,97567
11475,99473
11475,30568
11475,12515
11475,91319
11475,18064
11475,82704
11475,63531
11475,61976
11475,16219
11475,89096
11475,20515
11475,51334
11475,5062
11475,697
11475,49307
11475,30776
11475,33470
35723,90965
35723,12361
35723,25155
35723,74649
35723,37711
35723,63867
35723,84178
35723,37624
35723,39824
35723,92369
35723,49372
35723,70392
35723,69427
35723,74059
35723,5957
35723,65268
35723,68556
35723,1795
35723,47260
35723,51451
35723,4731
35723,77441
35723,70782
35723,29923
35723,87239
35723,51678
35723,64607
35723,63014
35723,51855
35723,44672
35723,63866
35723,7685
35723,474
35723,6262
35723,36215
35723,16081
35723,48721
35723,97386
35723,51431
35723,68964
35723,13875
35723,92548
35723,82969
35723,3086
35723,81497
35723,90997
35723,17740
35723,57494
35723,34924
35723,14290
35723,36838
35723,46692
35723,21092
35723,51810
35723,11158
35723,81052
35723,12138
35723,59063
35723,59054
35723,91374
35723,68416
35723,96507
35723,85606
35723,46828
35723,53695
35723,58951
35723,6525
35723,54466
35723,15096
35723,21036
35723,42819
35723,36851
35723,11733
35723,16012
35723,14425
35723,9076
35723,34448
35723,9053
35723,37840
35723,28136
35723,18845
35723,76327
35723,30481
35723,99290
35723,64039
35723,27266
35723,85262
35723,45185
35723,71663
35723,77942
35723,68857
35723,78177
35723,18882
35723,85225
35723,76145
35723,90546
35723,34076
35723,56407
35723,57589
35723,32176
35723,65896
35723,79138
35723,18808
35723,16216
35723,92282
35723,91319
35723,18064
35723,82704
35723,63531
35723,35240
35723,73539
35723,91043
35723,53056
35723,32666
35723,89967
35723,74888
35723,33470
62724,84844
62724,1064
62724,2885
62724,46602
62724,94649
62724,74649
62724,96311
62724,2126
62724,14340
62724,50306
62724,36458
62724,79095
62724,50136
62724,76581
62724,38932
62724,47260
62724,60979
62724,73445
62724,92155
62724,65681
62724,78373
62724,3193
62724,26165
62724,3617
62724,26405
62724,22620
62724,64607
62724,43461
62724,44043
62724,97872
62724,2820
62724,76214
62724,49612
62724,29884
62724,5949
62724,63951
62724,42102
62724,90997
62724,49679
62724,16722
62724,80887
62724,99057
62724,72188
62724,32541
62724,98615
62724,89459
62724,88950
62724,113
62724,53881
62724,48898
62724,96472
62724,44313
62724,97287
62724,73346
62724,86997
62724,29982
62724,46828
62724,37212
62724,64757
62724,68658
62724,54466
62724,47212
62724,47881
62724,15096
62724,11766
62724,1349
62724,9588
62724,72659
62724,28935
62724,53495
62724,39501
62724,29682
62724,6594
62724,99173
62724,97247
62724,44348
62724,45925
62724,43946
62724,13613
62724,85262
62724,48790
62724,36956
62724,24497
62724,2584
62724,18882
62724,78591
62724,72568
62724,8536
62724,93507
62724,17736
62724,84135
62724,92100
62724,43081
62724,49957
62724,29290
62724,88486
62724,97754
62724,2677
62724,84551
62724,4809
62724,99473
62724,95796
62724,65334
62724,36323
62724,80572
62724,65114
62724,20515
62724,94637
62724,74888
62724,33470
62724,44128
44588,40696
44588,97522
44588,39243
44588,2885
44588,39885
44588,28620
44588,12361
44588,53643
44588,57372
44588,6420
44588,74649
44588,37711
44588,43561
44588,65887
44588,15989
44588,91845
44588,40029
44588,36078
44588,14210
44588,94916
44588,14340
44588,61726
44588,59135
44588,64416
44588,10428
44588,64451
44588,55515
44588,91713
44588,70392
44588,46461
44588,93944
44588,10564
44588,50136
44588,74059
44588,89592
44588,43652
44588,38932
44588,22048
44588,48196
44588,96937
44588,72149
44588,88384
44588,59292
44588,69995
44588,98463
44588,36866
44588,24848
44588,60211
44588,92155
44588,65538
44588,39080
44588,78428
44588,65681
44588,51055
44588,41190
44588,37570
44588,51451
44588,11125
44588,70782
44588,39274
44588,26165
44588,62803
44588,26405
44588,23385
44588,47172
44588,86807
44588,97872
44588,3003
44588,97893
44588,62707
44588,7685
44588,2820
44588,30883
44588,474
44588,78983
44588,80519
44588,67649
44588,49612
44588,30614
44588,6262
44588,97386
44588,5949
44588,54361
44588,39863
44588,30205
44588,42451
44588,9915
44588,41019
44588,45177
44588,62905
44588,92655
44588,6
44588,93016
44588,27254
44588,30860
44588,30719
44588,96678
44588,27522
44588,24548
44588,62153
44588,88855
44588,48489
44588,82707
44588,16722
44588,27199
44588,80887
44588,83163
44588,18674
44588,79278
44588,72188
44588,4071
44588,65664
44588,5199
44588,80321
44588,36891
44588,32541
44588,40584
44588,12906
44588,89459
44588,61524
44588,53881
44588,12138
44588,34808
44588,3793
44588,49424
44588,68416
44588,37512
44588,73295
44588,63042
44588,70511
44588,66004
44588,26261
44588,85606
44588,29982
44588,82814
44588,6816
44588,61309
44588,6525
44588,10042
44588,47881
44588,60670
44588,34016
44588,72410
44588,95408
44588,16012
44588,53770
44588,65295
44588,11775
44588,39383
44588,47820
44588,55639
44588,88953
44588,9053
44588,73704
44588,59113
44588,14240
44588,39501
44588,95853
44588,75375
44588,71569
44588,28136
44588,76327
44588,70254
44588,84622
44588,42923
44588,38798
44588,44348
44588,28714
44588,37372
44588,29040
44588,6927
44588,6815
44588,6090
44588,17354
44588,94730
44588,90275
44588,60730
44588,64317
44588,57967
44588,62224
44588,61326
44588,79515
44588,36956
44588,44244
44588,63620
44588,4925
44588,6463
44588,8628
44588,21855
44588,98306
44588,86833
44588,73386
44588,72568
44588,74499
44588,67921
44588,69125
44588,18841
44588,55334
44588,18445
44588,13278
44588,82741
44588,33249
44588,39058
44588,38591
44588,40557
44588,84098
44588,29290
44588,87993
44588,21831
44588,90034
44588,2677
44588,18808
44588,72466
44588,84551
44588,41543
44588,99757
44588,99473
44588,27660
44588,95796
44588,91319
44588,37022
44588,9320
44588,64575
44588,52638
44588,13395
44588,80572
44588,88311
44588,75733
44588,32666
44588,10059
44588,89967
44588,35079
44588,20515
44588,5062
44588,697
44588,68532
44588,94637
44588,33252
1412,84844
1412,70994
1412,90965
1412,99710
1412,12361
1412,32818
1412,15989
1412,91845
1412,63867
1412,2126
1412,98122
1412,14340
1412,79650
1412,3805
1412,1503
1412,1272
1412,92369
1412,70434
1412,36458
1412,78355
1412,79095
1412,74059
1412,49983
1412,76581
1412,5957
1412,8287
1412,48196
1412,58424
1412,47260
1412,6510
1412,88384
1412,50015
1412,82315
1412,73798
1412,65538
1412,11125
1412,3193
1412,78824
1412,51710
1412,26165
1412,62803
1412,63014
1412,43461
1412,89624
1412,82739
1412,27671
1412,90375
1412,9891
1412,18765
1412,30614
1412,6262
1412,36215
1412,48721
1412,47066
1412,46099
1412,65304
1412,51431
1412,80996
1412,94560
1412,20562
1412,39863
1412,42451
1412,66326
1412,48244
1412,92655
1412,3086
1412,34524
1412,64775
1412,86289
1412,96678
1412,78765
1412,27522
1412,92866
1412,24548
1412,2500
1412,27199
1412,63112
1412,74365
1412,96691
1412,14290
1412,46692
1412,92236
1412,62515
1412,80999
1412,54974
1412,5199
1412,98615
1412,22110
1412,81052
1412,25706
1412,53881
1412,48898
1412,12138
1412,75920
1412,59063
1412,59054
1412,91374
1412,68416
1412,73295
1412,70511
1412,24353
1412,39809
1412,59338
1412,84822
1412,29982
1412,61309
1412,89757
1412,8669
1412,6525
1412,54466
1412,57173
1412,60670
1412,42819
1412,95408
1412,14765
1412,16012
1412,14425
1412,47820
1412,1349
1412,21026
1412,34448
1412,15566
1412,92622
1412,78675
1412,20149
1412,93464
1412,95338
1412,28136
1412,76327
1412,2997
1412,99173
1412,44976
1412,30846
1412,42923
1412,70679
1412,83902
1412,19147
1412,99290
1412,64039
1412,45925
1412,61025
1412,78665
1412,57782
1412,45185
1412,43746
1412,60730
1412,71663
1412,57967
1412,12407
1412,61326
1412,67009
1412,45770
1412,1674
1412,21855
1412,75529
1412,59844
1412,37106
1412,73386
1412,93507
1412,76145
1412,3913
1412,72270
1412,56489
1412,69125
1412,73855
1412,96402
1412,92100
1412,13278
1412,82741
1412,28282
1412,9835
1412,8697
1412,88486
1412,68607
1412,21831
1412,2677
1412,99757
1412,30568
1412,96211
1412,16291
1412,52703
1412,12515
1412,10424
1412,86447
1412,13373
1412,30692
1412,64575
1412,91043
1412,10059
1412,39496
1412,20515
1412,85528
1412,5062
1412,49307
1412,33252
1412,80200
77775,54084
77775,1064
77775,2885
77775,50797
77775,90965
77775,28680
77775,29759
77775,73945
77775,20082
77775,7612
77775,3805
77775,72594
77775,25310
77775,24302
77775,8287
77775,48196
77775,58424
77775,87765
77775,9150
77775,51846
77775,51451
77775,88776
77775,60090
77775,40875
77775,29923
77775,62704
77775,7697
77775,43461
77775,97872
77775,44672
77775,29628
77775,72277
77775,30614
77775,29884
77775,5949
77775,84786
77775,1862
77775,7315
77775,82969
77775,17740
77775,43175
77775,62153
77775,65472
77775,97475
77775,34924
77775,75147
77775,7926
77775,91832
77775,61524
77775,113
77775,4177
77775,59054
77775,40753
77775,91374
77775,97287
77775,34808
77775,49424
77775,71951
77775,29982
77775,53695
77775,58951
77775,58660
77775,82847
77775,47212
77775,9621
77775,34016
77775,21036
77775,14765
77775,14425
77775,39351
77775,21026
77775,86161
77775,9053
77775,92622
77775,39501
77775,36296
77775,26638
77775,78995
77775,95265
77775,6856
77775,78374
77775,83902
77775,50519
77775,70600
77775,82703
77775,38589
77775,48745
77775,90275
77775,20130
77775,77942
77775,19851
77775,76147
77775,21855
77775,59844
77775,12599
77775,78591
77775,86833
77775,92503
77775,55184
77775,49942
77775,34076
77775,52708
77775,10188
77775,74722
77775,1829
77775,82741
77775,27856
77775,20762
77775,49957
77775,42982
77775,90034
77775,52703
77775,12515
77775,37022
77775,13395
77775,16219
77775,88311
77775,65114
77775,10958
77775,33252
77775,7197
77775,97957
59126,54084
59126,97522
59126,69909
59126,99322
59126,79668
59126,53643
59126,6420
59126,96311
59126,43561
59126,49558
59126,88731
59126,43735
59126,59121
59126,94916
59126,81332
59126,7612
59126,3805
59126,66638
59126,1503
59126,39824
59126,36458
59126,70392
59126,39983
59126,38578
59126,79095
59126,87781
59126,95763
59126,38335
59126,93944
59126,8013
59126,24302
59126,50136
59126,49983
59126,43652
59126,10563
59126,65268
59126,22048
59126,96937
59126,72149
59126,60388
59126,50426
59126,73733
59126,60211
59126,11153
59126,65681
59126,39491
59126,51451
59126,4731
59126,68169
59126,13748
59126,10079
59126,62704
59126,23385
59126,63014
59126,94556
59126,3003
59126,50055
59126,97893
59126,16897
59126,30883
59126,474
59126,78983
59126,80519
59126,89332
59126,71870
59126,68964
59126,1862
59126,74853
59126,45177
59126,46061
59126,48244
59126,1836
59126,92655
59126,82969
59126,34524
59126,27254
59126,42102
59126,96678
59126,81497
59126,90997
59126,49679
59126,23594
59126,74600
59126,64747
59126,22807
59126,91223
59126,85293
59126,57494
59126,2500
59126,23525
59126,26935
59126,62153
59126,65472
59126,48489
59126,34924
59126,16722
59126,27199
59126,22528
59126,21793
59126,28928
59126,36838
59126,99057
59126,99162
59126,91832
59126,65432
59126,27455
59126,18030
59126,36891
59126,31024
59126,45216
59126,32541
59126,87269
59126,12906
59126,89459
59126,61524
59126,25706
59126,94363
59126,113
59126,48898
59126,40753
59126,84024
59126,97287
59126,16425
59126,37654
59126,42723
59126,49424
59126,68416
59126,73295
59126,59114
59126,25316
59126,50883
59126,24353
59126,48756
59126,98521
59126,96507
59126,86997
59126,20079
59126,95970
59126,8669
59126,47881
59126,72410
59126,13968
59126,11733
59126,4272
59126,55319
59126,87456
59126,59113
59126,39501
59126,84280
59126,99792
59126,45841
59126,47884
59126,30170
59126,75375
59126,28136
59126,18845
59126,35999
59126,70254
59126,95995
59126,69725
59126,30846
59126,97247
59126,85542
59126,12104
59126,62837
59126,44348
59126,70679
59126,36422
59126,66626
59126,76511
59126,83902
59126,63028
59126,37372
59126,7339
59126,9239
59126,70600
59126,12237
59126,6927
59126,43946
59126,79589
59126,38589
59126,57837
59126,31580
59126,13613
59126,17354
59126,44949
59126,45185
59126,7025
59126,77964
59126,23664
59126,61573
59126,81307
59126,77942
59126,79515
59126,36956
59126,10692
59126,1674
59126,98306
59126,4232
59126,85225
59126,86833
59126,92503
59126,62789
59126,8536
59126,3913
59126,33196
59126,40938
59126,16758
59126,82993
59126,67921
59126,72270
59126,45506
59126,77844
59126,52708
59126,74722
59126,1829
59126,61238
59126,55334
59126,32176
59126,92100
59126,18218
59126,17185
59126,28282
59126,40557
59126,74594
59126,45696
59126,39993
59126,61825
59126,2677
59126,96211
59126,12515
59126,10424
59126,65334
59126,99454
59126,82704
59126,35240
59126,53352
59126,37022
59126,93387
59126,9320
59126,80759
59126,64575
59126,13395
59126,90650
59126,53056
59126,19794
59126,75733
59126,65114
59126,35079
59126,85528
59126,64597
59126,74088
59126,33470
59126,59530
56337,2885
56337,39885
56337,50797
56337,70994
56337,94791
56337,28620
56337,12999
56337,69909
56337,53643
56337,25155
56337,96311
56337,65887
56337,91845
56337,40029
56337,73945
56337,98122
56337,59121
56337,37624
56337,61726
56337,44305
56337,3545
56337,7612
56337,34874
56337,55515
56337,91713
56337,70392
56337,39983
56337,95594
56337,59176
56337,93944
56337,8013
56337,49983
56337,5957
56337,38932
56337,8287
56337,58424
56337,47260
56337,96937
56337,6510
56337,58914
56337,59292
56337,87765
56337,76017
56337,60388
56337,42452
56337,98463
56337,73733
56337,60211
56337,39080
56337,41435
56337,51846
56337,65681
56337,78373
56337,2418
56337,68169
56337,10079
56337,26405
56337,51678
56337,8309
56337,3003
56337,39301
56337,63866
56337,2820
56337,474
56337,78983
56337,80519
56337,17936
56337,49612
56337,49195
56337,9891
56337,47722
56337,48721
56337,47066
56337,34053
56337,12812
56337,54361
56337,80996
56337,70954
56337,1862
56337,74853
56337,50886
56337,19581
56337,62905
56337,85851
56337,97323
56337,30719
56337,17740
56337,49679
56337,78229
56337,57494
56337,43175
56337,26935
56337,27199
56337,96691
56337,28928
56337,19487
56337,75147
56337,99057
56337,46692
56337,92236
56337,79278
56337,19451
56337,65432
56337,4071
56337,65746
56337,58876
56337,27455
56337,65664
56337,11158
56337,19091
56337,86538
56337,22110
56337,12242
56337,1198
56337,25706
56337,94363
56337,28495
56337,48391
56337,12138
56337,84595
56337,24234
56337,59063
56337,91374
56337,84024
56337,42635
56337,63663
56337,47003
56337,37512
56337,59114
56337,87941
56337,62444
56337,13122
56337,56254
56337,55814
56337,85606
56337,39809
56337,19152
56337,29982
56337,20079
56337,67349
56337,82814
56337,58951
56337,54466
56337,96149
56337,42819
56337,5943
56337,76900
56337,11733
56337,16012
56337,53770
56337,47820
56337,9076
56337,55639
56337,93735
56337,21026
56337,87456
56337,73704
56337,81743
56337,14240
56337,59817
56337,56529
56337,39888
56337,20149
56337,47884
56337,26074
56337,62293
56337,6594
56337,75375
56337,74988
56337,35999
56337,44976
56337,58578
56337,84622
56337,78995
56337,69725
56337,95265
56337,6856
56337,8796
56337,38798
56337,56747
56337,66626
56337,76511
56337,63028
56337,64039
56337,18165
56337,82703
56337,6815
56337,79067
56337,6090
56337,61025
56337,78665
56337,77841
56337,45770
56337,19851
56337,68857
56337,67747
56337,48609
56337,76147
56337,75529
56337,57242
56337,86833
56337,97900
56337,76145
56337,90546
56337,33196
56337,16758
56337,82993
56337,67921
56337,52708
56337,6374
56337,62851
56337,18445
56337,92100
56337,33249
56337,28282
56337,68607
56337,61825
56337,65163
56337,35093
56337,4809
56337,85038
56337,99757
56337,12515
56337,95796
56337,82704
56337,9320
56337,42374
56337,9169
56337,90650
56337,53056
56337,89642
56337,17930
56337,47458
56337,89096
56337,32666
56337,20515
56337,25838
56337,85528
56337,697
56337,59530
28705,1064
28705,50797
28705,99710
28705,53643
28705,43735
28705,94916
28705,50306
28705,3545
28705,66638
28705,51625
28705,46159
28705,53548
28705,39079
28705,25310
28705,29210
28705,7959
28705,88384
28705,50015
28705,58245
28705,3617
28705,47172
28705,63014
28705,7685
28705,9891
28705,47066
28705,80996
28705,66501
28705,7315
28705,74600
28705,7926
28705,61524
28705,37195
28705,63663
28705,79834
28705,96149
28705,72929
28705,82639
28705,26544
28705,55587
28705,49068
28705,28935
28705,45841
28705,30170
28705,21334
28705,56747
28705,12599
28705,74499
28705,77844
28705,55334
28705,17526
28705,33450
28705,2677
28705,84551
28705,41543
28705,99757
28705,64575
28705,9169
28705,13395
28705,89967
28705,5062
28705,25417
28705,44128
3601,2885
3601,12361
3601,25155
3601,65887
3601,88731
3601,40029
3601,36078
3601,73945
3601,90113
3601,7612
3601,51625
3601,54857
3601,29923
3601,62704
3601,7697
3601,50055
3601,29628
3601,97386
3601,47066
3601,51431
3601,71346
3601,42451
3601,7315
3601,98151
3601,82969
3601,30860
3601,26935
3601,46692
3601,7926
3601,21092
3601,19451
3601,1198
3601,15889
3601,34808
3601,16425
3601,68416
3601,13122
3601,81927
3601,58951
3601,46428
3601,6525
3601,58660
3601,54466
3601,52905
3601,39351
3601,37840
3601,14240
3601,20149
3601,36296
3601,26638
3601,95265
3601,78374
3601,56359
3601,9239
3601,82703
3601,29811
3601,71663
3601,19851
3601,10353
3601,18882
3601,12599
3601,92503
3601,93507
3601,1829
3601,27856
3601,42982
3601,37735
3601,65334
3601,93387
3601,19794
3601,5062
3601,10958
3601,80200
94415,54084
94415,39243
94415,39885
94415,46602
94415,53926
94415,17253
94415,40029
94415,43735
94415,94916
94415,90113
94415,44305
94415,3545
94415,10428
94415,66638
94415,70392
94415,46461
94415,95594
94415,10520
94415,50802
94415,8013
94415,24302
94415,10563
94415,22048
94415,46068
94415,6510
94415,60979
94415,7959
94415,82315
94415,58245
94415,92155
94415,22648
94415,4731
94415,88776
94415,2418
94415,10079
94415,22620
94415,58143
94415,83365
94415,62707
94415,7685
94415,78983
94415,67649
94415,49612
94415,36215
94415,47066
94415,8862
94415,12812
94415,54361
94415,70954
94415,66501
94415,85851
94415,82969
94415,30860
94415,96678
94415,78765
94415,78229
94415,13285
94415,64747
94415,97475
94415,82707
94415,63112
94415,3924
94415,36838
94415,4071
94415,65664
94415,19091
94415,82093
94415,31024
94415,32541
94415,71128
94415,81052
94415,15889
94415,88950
94415,113
94415,37195
94415,29822
94415,91374
94415,84024
94415,34808
94415,63663
94415,47003
94415,3793
94415,96507
94415,85606
94415,74421
94415,67349
94415,58951
94415,55319
94415,55587
94415,49068
94415,9053
94415,73704
94415,59113
94415,28935
94415,78675
94415,99792
94415,20149
94415,30170
94415,95853
94415,8982
94415,42987
94415,97247
94415,12104
94415,38211
94415,44348
94415,3
94415,99290
94415,18165
94415,73973
94415,37372
94415,70600
94415,43946
94415,79067
94415,78665
94415,48790
94415,64966
94415,61573
94415,77841
94415,62224
94415,77942
94415,75529
94415,4232
94415,12599
94415,57242
94415,86833
94415,60549
94415,61238
94415,32176
94415,18218
94415,74594
94415,42982
94415,68607
94415,65163
94415,90034
94415,99473
94415,12515
94415,93387
94415,61976
94415,91043
94415,95180
94415,39496
94415,68532
94415,94637
94415,25417
94415,74888
66391,40696
66391,41477
66391,39243
66391,70994
66391,69909
66391,94649
66391,79668
66391,37605
66391,15989
66391,88731
66391,14210
66391,98122
66391,59121
66391,87030
66391,8980
66391,81332
66391,44305
66391,10428
66391,87810
66391,1272
66391,91713
66391,39824
66391,70392
66391,69427
66391,87781
66391,10564
66391,8287
66391,46068
66391,47260
66391,29210
66391,58914
66391,87765
66391,60388
66391,50015
66391,92155
66391,65538
66391,51055
66391,39491
66391,51451
66391,62803
66391,62704
66391,94556
66391,7685
66391,2820
66391,13148
66391,90375
66391,72277
66391,78983
66391,80519
66391,17936
66391,49612
66391,36215
66391,89332
66391,34053
66391,54361
66391,70954
66391,1862
66391,74853
66391,13875
66391,41019
66391,7315
66391,48244
66391,74600
66391,70282
66391,82707
66391,14421
66391,27199
66391,74365
66391,21793
66391,14290
66391,7926
66391,36854
66391,65664
66391,98615
66391,81052
66391,15889
66391,94363
66391,75920
66391,84595
66391,16425
66391,63663
66391,50883
66391,24353
66391,13705
66391,86997
66391,58951
66391,61309
66391,58660
66391,52905
66391,82639
66391,21036
66391,95408
66391,62943
66391,11733
66391,16012
66391,4272
66391,65295
66391,47820
66391,49068
66391,37840
66391,53495
66391,59817
66391,36296
66391,63297
66391,62293
66391,30170
66391,14299
66391,15956
66391,58578
66391,95995
66391,42923
66391,8796
66391,58617
66391,10513
66391,18165
66391,70600
66391,48745
66391,43746
66391,64317
66391,36956
66391,22436
66391,48609
66391,21855
66391,98306
66391,85225
66391,78591
66391,93507
66391,40938
66391,82993
66391,67921
66391,45506
66391,77844
66391,69125
66391,74722
66391,5059
66391,32176
66391,33249
66391,74594
66391,21831
66391,72466
66391,85038
66391,99757
66391,52703
66391,12515
66391,86447
66391,64575
66391,61976
66391,91043
66391,75733
66391,85528
66391,1711
66391,80200
66391,44128
70407,39243
70407,2885
70407,39885
70407,12999
70407,73918
70407,695
70407,37605
70407,74649
70407,29759
70407,14613
70407,40029
70407,36078
70407,59121
70407,20082
70407,61726
70407,87030
70407,92369
70407,49372
70407,81015
70407,36458
70407,46461
70407,39983
70407,53548
70407,25310
70407,87781
70407,20460
70407,36875
70407,10564
70407,24302
70407,50136
70407,49983
70407,10563
70407,46068
70407,58914
70407,88384
70407,62725
70407,87765
70407,42452
70407,54857
70407,36866
70407,58245
70407,24848
70407,73733
70407,41190
70407,39491
70407,4731
70407,60090
70407,40875
70407,78824
70407,51710
70407,2418
70407,13748
70407,7697
70407,64607
70407,63014
70407,89624
70407,66992
70407,26030
70407,3003
70407,50055
70407,51855
70407,63866
70407,27671
70407,2820
70407,30883
70407,13148
70407,28429
70407,80519
70407,17936
70407,14531
70407,49195
70407,47066
70407,28110
70407,84786
70407,42451
70407,66326
70407,74853
70407,43875
70407,41019
70407,34274
70407,85851
70407,84441
70407,38505
70407,6
70407,34524
70407,86289
70407,96678
70407,49679
70407,74600
70407,70282
70407,92866
70407,64747
70407,91223
70407,57494
70407,43175
70407,2500
70407,23525
70407,62153
70407,97475
70407,48489
70407,3924
70407,36838
70407,54129
70407,19487
70407,46692
70407,36854
70407,53082
70407,58876
70407,65664
70407,18030
70407,34523
70407,66075
70407,82093
70407,31024
70407,86538
70407,45216
70407,24070
70407,22110
70407,61524
70407,37195
70407,7021
70407,29822
70407,34808
70407,16425
70407,70511
70407,62444
70407,84822
70407,48612
70407,67349
70407,53695
70407,58951
70407,79834
70407,91314
70407,47212
70407,52905
70407,82639
70407,95408
70407,26544
70407,13968
70407,75444
70407,16012
70407,19028
70407,53770
70407,39351
70407,47820
70407,26761
70407,87456
70407,73704
70407,41473
70407,14240
70407,45841
70407,90219
70407,62293
70407,6594
70407,48302
70407,3588
70407,44976
70407,95995
70407,42987
70407,69725
70407,95265
70407,97247
70407,78374
70407,56747
70407,62837
70407,44348
70407,58159
70407,36422
70407,3
70407,63028
70407,18165
70407,28714
70407,7339
70407,82703
70407,6927
70407,45925
70407,79067
70407,38589
70407,13613
70407,48745
70407,85262
70407,44949
70407,57782
70407,77964
70407,77841
70407,77942
70407,67009
70407,21683
70407,79515
70407,36956
70407,63620
70407,6463
70407,8628
70407,37787
70407,8536
70407,93507
70407,72598
70407,29704
70407,90546
70407,40938
70407,72270
70407,69125
70407,7536
70407,56407
70407,66713
70407,62851
70407,84135
70407,13278
70407,43081
70407,39310
70407,38591
70407,65896
70407,61825
70407,62826
70407,97567
70407,41543
70407,92282
70407,52703
70407,65334
70407,13373
70407,89249
70407,37022
70407,42374
70407,64575
70407,13395
70407,90650
70407,90307
70407,90085
70407,95180
70407,88311
70407,75733
70407,89096
70407,51334
70407,90808
70407,1318
70407,68532
70407,94637
70407,25417
70407,33252
70407,97957
30233,50797
30233,59121
30233,37624
30233,87030
30233,3545
30233,55515
30233,30965
30233,38578
30233,10520
30233,50136
30233,73798
30233,41190
30233,39491
30233,66992
30233,83365
30233,13148
30233,80519
30233,97386
30233,54361
30233,43875
30233,41019
30233,65271
30233,70282
30233,92866
30233,97475
30233,48489
30233,34924
30233,14421
30233,19091
30233,40584
30233,87269
30233,1198
30233,91374
30233,81927
30233,84822
30233,79834
30233,46428
30233,21036
30233,26544
30233,4272
30233,87379
30233,73704
30233,63297
30233,93464
30233,14299
30233,67009
30233,4925
30233,1674
30233,59844
30233,3101
30233,97900
30233,28282
30233,16291
30233,10424
30233,13373
30233,63531
30233,51334
30233,85528
30233,94637
56446,1064
56446,41477
56446,50797
56446,53926
56446,84230
56446,73918
56446,99710
56446,28680
56446,57372
56446,65887
56446,15989
56446,91845
56446,63867
56446,88731
56446,14340
56446,90113
56446,87030
56446,77939
56446,34874
56446,87810
56446,55515
56446,1503
56446,81015
56446,51625
56446,82241
56446,39983
56446,10563
56446,8287
56446,58914
56446,72149
56446,82315
56446,36866
56446,73445
56446,24848
56446,65538
56446,51451
56446,11125
56446,88776
56446,77441
56446,3193
56446,68169
56446,13748
56446,51678
56446,63014
56446,43461
56446,26030
56446,3003
56446,69711
56446,7685
56446,3228
56446,29628
56446,28429
56446,9891
56446,30614
56446,29884
56446,5949
56446,92882
56446,63951
56446,70954
56446,1862
56446,43875
56446,41019
56446,62905
56446,84441
56446,1836
56446,38505
56446,3086
56446,1332
56446,86289
56446,19897
56446,21230
56446,23594
56446,27522
56446,13285
56446,88855
56446,97475
56446,84059
56446,22528
56446,74365
56446,3924
56446,80887
56446,51181
56446,54129
56446,83163
56446,99162
56446,21092
56446,79278
56446,43003
56446,18030
56446,19091
56446,87269
56446,12906
56446,1198
56446,75920
56446,59063
56446,40753
56446,84024
56446,42635
56446,71951
56446,13122
56446,56254
56446,55814
56446,47292
56446,9031
56446,68658
56446,96149
56446,47881
56446,60670
56446,11766
56446,21947
56446,16012
56446,65295
56446,21026
56446,26761
56446,87379
56446,37840
56446,92622
56446,56529
56446,20149
56446,36296
56446,90219
56446,47884
56446,80842
56446,93464
56446,48302
56446,8982
56446,75375
56446,76793
56446,28136
56446,99173
56446,97247
56446,42923
56446,44348
56446,70679
56446,10513
56446,19147
56446,99290
56446,28714
56446,27266
56446,7339
56446,70600
56446,6927
56446,43946
56446,79589
56446,38589
56446,6090
56446,45185
56446,51956
56446,60730
56446,64317
56446,57967
56446,20130
56446,61326
56446,67009
56446,44244
56446,67747
56446,48609
56446,1674
56446,59844
56446,4232
56446,86833
56446,62789
56446,97900
56446,8536
56446,17736
56446,76145
56446,49233
56446,67921
56446,72270
56446,34076
56446,69125
56446,1829
56446,51097
56446,56407
56446,62851
56446,92100
56446,17185
56446,20445
56446,74594
56446,61825
56446,2677
56446,41543
56446,30568
56446,16216
56446,92282
56446,73409
56446,86447
56446,82704
56446,37022
56446,73539
56446,75733
56446,47458
56446,51334
56446,1318
56446,80686
56446,94637
56446,10958
56446,49307
56446,74088
56446,33252
56446,52110
65839,46602
65839,53926
65839,84230
65839,94649
65839,99710
65839,53643
65839,25155
65839,96311
65839,15989
65839,91845
65839,88731
65839,40029
65839,14340
65839,90113
65839,61726
65839,87030
65839,81332
65839,43092
65839,10428
65839,66638
65839,55515
65839,30965
65839,39824
65839,81015
65839,36458
65839,50802
65839,49983
65839,10563
65839,68556
65839,58424
65839,47260
65839,98463
65839,36162
65839,73733
65839,39080
65839,51846
65839,51451
65839,3617
65839,68169
65839,62704
65839,51678
65839,50055
65839,44582
65839,2820
65839,29628
65839,28429
65839,90375
65839,30614
65839,89332
65839,47066
65839,42451
65839,66326
65839,41019
65839,34274
65839,46061
65839,34524
65839,42102
65839,96678
65839,49679
65839,78229
65839,57494
65839,2500
65839,26935
65839,62153
65839,48489
65839,63112
65839,28928
65839,80887
65839,19487
65839,92236
65839,31024
65839,81052
65839,89459
65839,12242
65839,15889
65839,61524
65839,25706
65839,88161
65839,53881
65839,48391
65839,12138
65839,4177
65839,29822
65839,59063
65839,97287
65839,16425
65839,3793
65839,73295
65839,73346
65839,55814
65839,85606
65839,39809
65839,29982
65839,20079
65839,69465
65839,46828
65839,58951
65839,79834
65839,46428
65839,58660
65839,18276
65839,9621
65839,72929
65839,52905
65839,34016
65839,11766
65839,13968
65839,14425
65839,53770
65839,39383
65839,26761
65839,72659
65839,59817
65839,39501
65839,78675
65839,18845
65839,74988
65839,12104
65839,56359
65839,64039
65839,7339
65839,70600
65839,38589
65839,61025
65839,57782
65839,77841
65839,20130
65839,19851
65839,68857
65839,10353
65839,76147
65839,4312
65839,57242
65839,8536
65839,76145
65839,33196
65839,55184
65839,52708
65839,69125
65839,74722
65839,84135
65839,13278
65839,82741
65839,17185
65839,79138
65839,31910
65839,90034
65839,35093
65839,41543
65839,16216
65839,18064
65839,82704
65839,37022
65839,93387
65839,9320
65839,78277
65839,90085
65839,75733
65839,89967
65839,74888
65839,33470
65839,97957
74266,12376
74266,40696
74266,17253
74266,53643
74266,37605
74266,91845
74266,14613
74266,40029
74266,59135
74266,3805
74266,34874
74266,64451
74266,1272
74266,92369
74266,39983
74266,53548
74266,69427
74266,11960
74266,95594
74266,49983
74266,38932
74266,48196
74266,26312
74266,6510
74266,7959
74266,58914
74266,88384
74266,62725
74266,76017
74266,60211
74266,92155
74266,51846
74266,65681
74266,41190
74266,39491
74266,4731
74266,11125
74266,3193
74266,40875
74266,2418
74266,7697
74266,44043
74266,94556
74266,83365
74266,63866
74266,9891
74266,18765
74266,70954
74266,41019
74266,50886
74266,62905
74266,92655
74266,13512
74266,42102
74266,78229
74266,22799
74266,1608
74266,84059
74266,14421
74266,74365
74266,21793
74266,54974
74266,51810
74266,19091
74266,34523
74266,80321
74266,32541
74266,81052
74266,15889
74266,61524
74266,94363
74266,53881
74266,40753
74266,42635
74266,34808
74266,42723
74266,47003
74266,63042
74266,13122
74266,85606
74266,74421
74266,47292
74266,46828
74266,58660
74266,60670
74266,95408
74266,26544
74266,62943
74266,36851
74266,55639
74266,86161
74266,15566
74266,49068
74266,37840
74266,78675
74266,99792
74266,63297
74266,95853
74266,2997
74266,26638
74266,42923
74266,10513
74266,3
74266,64039
74266,18165
74266,27266
74266,7339
74266,82703
74266,6927
74266,48745
74266,57967
74266,94202
74266,48609
74266,63620
74266,37787
74266,85225
74266,78591
74266,72568
74266,72598
74266,40938
74266,77844
74266,34076
74266,10188
74266,56407
74266,66713
74266,18445
74266,58681
74266,92100
74266,17185
74266,65896
74266,65163
74266,85617
74266,18808
74266,41543
74266,85038
74266,99757
74266,92966
74266,12515
74266,93387
74266,73873
74266,9169
74266,61976
74266,53056
74266,89642
74266,90085
74266,39496
74266,20515
74266,25838
74266,85528
74266,5062
74266,94637
74266,1711
72480,84844
72480,90482
72480,1064
72480,53926
72480,37711
72480,91845
72480,14613
72480,50306
72480,7612
72480,36458
72480,46461
72480,38335
72480,74059
72480,46068
72480,96937
72480,87765
72480,3193
72480,17936
72480,14531
72480,9891
72480,63951
72480,80996
72480,39863
72480,1862
72480,19897
72480,92866
72480,22528
72480,74365
72480,79278
72480,4071
72480,36891
72480,31024
72480,15889
72480,73295
72480,48430
72480,25316
72480,50883
72480,55814
72480,13705
72480,74421
72480,11733
72480,53770
72480,65295
72480,39383
72480,15566
72480,72659
72480,73704
72480,28935
72480,53495
72480,14240
72480,59817
72480,39501
72480,78675
72480,99173
72480,44976
72480,95995
72480,38211
72480,58617
72480,19147
72480,12237
72480,13613
72480,78665
72480,45185
72480,64966
72480,77841
72480,57967
72480,10353
72480,48609
72480,63620
72480,4925
72480,78177
72480,4232
72480,72270
72480,52708
72480,60549
72480,18841
72480,18218
72480,28112
72480,39993
72480,87993
72480,97754
72480,85617
72480,35093
72480,73409
72480,53352
72480,37022
72480,95180
72480,17930
72480,75733
72480,66677
72480,51334
72480,697
72480,74888
72480,97957
27827,69909
27827,99710
27827,96311
27827,84178
27827,98122
27827,59121
27827,22517
27827,3805
27827,1272
27827,30965
27827,70434
27827,82241
27827,10520
27827,10564
27827,10563
27827,69995
27827,73798
27827,41190
27827,50055
27827,90375
27827,30614
27827,29884
27827,42451
27827,43875
27827,65271
27827,70282
27827,43175
27827,1608
27827,34924
27827,21793
27827,28495
27827,40753
27827,91374
27827,59114
27827,87941
27827,24353
27827,81927
27827,39809
27827,59338
27827,86997
27827,79834
27827,9031
27827,91314
27827,60670
27827,95408
27827,55319
27827,36296
27827,44976
27827,58159
27827,27266
27827,62224
27827,68857
27827,97900
27827,16758
27827,69125
27827,74722
27827,1829
27827,18841
27827,62851
27827,74594
27827,35093
27827,41543
27827,85038
27827,92282
27827,73409
27827,89096
27827,697
99651,50797
99651,73918
99651,99710
99651,74649
99651,96311
99651,2126
99651,43735
99651,59121
99651,14340
99651,90113
99651,87030
99651,95607
99651,41448
99651,83129
99651,1503
99651,30965
99651,46461
99651,25310
99651,20460
99651,10564
99651,8013
99651,74059
99651,5957
99651,46068
99651,48196
99651,1795
99651,96937
99651,7959
99651,58914
99651,59292
99651,54857
99651,60211
99651,9150
99651,39080
99651,57289
99651,51846
99651,39491
99651,37570
99651,51451
99651,28105
99651,3193
99651,78824
99651,29923
99651,3617
99651,86807
99651,63014
99651,89624
99651,94556
99651,97872
99651,44672
99651,90375
99651,18765
99651,36215
99651,89332
99651,48721
99651,97386
99651,63951
99651,51431
99651,71346
99651,39863
99651,1862
99651,13875
99651,6
99651,82969
99651,1332
99651,34524
99651,27254
99651,42102
99651,17740
99651,27522
99651,74600
99651,13285
99651,57494
99651,26935
99651,65472
99651,48489
99651,27199
99651,21793
99651,80887
99651,51181
99651,54129
99651,75147
99651,18674
99651,21092
99651,80999
99651,43003
99651,29358
99651,86538
99651,1198
99651,61524
99651,25706
99651,84595
99651,96472
99651,97287
99651,37512
99651,63042
99651,70511
99651,55814
99651,96507
99651,13705
99651,72364
99651,69465
99651,53695
99651,54466
99651,47212
99651,11766
99651,21036
99651,62943
99651,16012
99651,9076
99651,21026
99651,55587
99651,87379
99651,81743
99651,41473
99651,59817
99651,56529
99651,26618
99651,20149
99651,62293
99651,71569
99651,76793
99651,28136
99651,44976
99651,26638
99651,69725
99651,95265
99651,6856
99651,85542
99651,38798
99651,62837
99651,44348
99651,58617
99651,63028
99651,99290
99651,64039
99651,28714
99651,27266
99651,50519
99651,29040
99651,6815
99651,38589
99651,61025
99651,17354
99651,77964
99651,60730
99651,59783
99651,94202
99651,61326
99651,79515
99651,19851
99651,10353
99651,44244
99651,96932
99651,2584
99651,37787
99651,59844
99651,12599
99651,85225
99651,37106
99651,92503
99651,72568
99651,97900
99651,3913
99651,77844
99651,34076
99651,56489
99651,5059
99651,61238
99651,6374
99651,74176
99651,79102
99651,27856
99651,39058
99651,20762
99651,38591
99651,49957
99651,74594
99651,33450
99651,21831
99651,998
99651,90034
99651,85617
99651,35093
99651,24072
99651,16291
99651,12515
99651,53352
99651,61976
99651,90307
99651,89096
99651,20515
99651,51334
99651,46196
99651,652
99651,49307
99651,74888
52832,39885
52832,53926
52832,69909
52832,17253
52832,32818
52832,25155
52832,40029
52832,55515
52832,30965
52832,92369
52832,51625
52832,46461
52832,11960
52832,5957
52832,38932
52832,68556
52832,39080
52832,68169
52832,10079
52832,89624
52832,94556
52832,39301
52832,44672
52832,72277
52832,78983
52832,17936
52832,14531
52832,91
52832,9915
52832,13875
52832,63871
52832,34274
52832,98151
52832,50886
52832,19581
52832,92548
52832,86289
52832,90997
52832,13285
52832,22799
52832,26935
52832,34924
52832,14421
52832,14290
52832,36838
52832,92236
52832,21092
52832,54974
52832,11158
52832,19091
52832,82093
52832,87269
52832,15889
52832,7021
52832,15718
52832,4177
52832,59054
52832,40753
52832,91374
52832,84024
52832,34808
52832,63663
52832,71951
52832,50883
52832,66004
52832,74421
52832,69465
52832,54466
52832,60670
52832,15096
52832,21036
52832,95408
52832,26544
52832,76900
52832,39351
52832,47820
52832,26761
52832,88953
52832,9053
52832,47187
52832,37840
52832,47884
52832,6594
52832,8982
52832,28136
52832,2997
52832,21334
52832,6856
52832,78374
52832,12104
52832,30481
52832,37372
52832,38589
52832,78665
52832,45185
52832,61573
52832,45770
52832,44244
52832,67747
52832,63620
52832,1674
52832,75529
52832,37787
52832,98306
52832,18882
52832,57589
52832,13278
52832,28112
52832,29290
52832,88486
52832,37735
52832,84551
52832,24072
52832,4809
52832,85038
52832,92966
52832,95796
52832,35240
52832,66677
52832,47458
52832,25838
52832,46196
52832,85528
52832,652
52832,49307
52832,80200
34213,14613
34213,36078
34213,43092
34213,39983
34213,65268
34213,8287
34213,47260
34213,60979
34213,36866
34213,11153
34213,65538
34213,51846
34213,11125
34213,77441
34213,10079
34213,44582
34213,63866
34213,49195
34213,16081
34213,51431
34213,34274
34213,65271
34213,1608
34213,34924
34213,84059
34213,14290
34213,36838
34213,19487
34213,27455
34213,25706
34213,88161
34213,7021
34213,63663
34213,20079
34213,79834
34213,53770
34213,88953
34213,49068
34213,87456
34213,59817
34213,78675
34213,26074
34213,58617
34213,99290
34213,6815
34213,13613
34213,85262
34213,22436
34213,78177
34213,59844
34213,77844
34213,69125
34213,79102
34213,33450
34213,8697
34213,10424
34213,30692
34213,64575
34213,78277
34213,80572
34213,17930
34213,1711
76396,50797
76396,94791
76396,73918
76396,17253
76396,12361
76396,79668
76396,53643
76396,28680
76396,57372
76396,37605
76396,43561
76396,65887
76396,63867
76396,29759
76396,49558
76396,88731
76396,59121
76396,59135
76396,87030
76396,95607
76396,64416
76396,10428
76396,87810
76396,1272
76396,30965
76396,70392
76396,25310
76396,95594
76396,76581
76396,89592
76396,43652
76396,68556
76396,46068
76396,47260
76396,96937
76396,29210
76396,7959
76396,76017
76396,69995
76396,60388
76396,36162
76396,58245
76396,24848
76396,91642
76396,51055
76396,39491
76396,51451
76396,4731
76396,3193
76396,29923
76396,3617
76396,13748
76396,87239
76396,23385
76396,22620
76396,64607
76396,89624
76396,26030
76396,44582
76396,97893
76396,82739
76396,44672
76396,7685
76396,27671
76396,18765
76396,6262
76396,36215
76396,47722
76396,89332
76396,48721
76396,47066
76396,34053
76396,28110
76396,84786
76396,30205
76396,42451
76396,66326
76396,62905
76396,65271
76396,6346
76396,1836
76396,92655
76396,6
76396,27254
76396,21230
76396,78765
76396,49679
76396,74600
76396,43175
76396,2500
76396,23525
76396,62153
76396,65472
76396,48489
76396,34924
76396,82707
76396,63112
76396,22528
76396,3924
76396,21793
76396,96691
76396,80887
76396,51181
76396,54129
76396,19487
76396,62515
76396,99162
76396,43003
76396,54974
76396,51810
76396,34523
76396,98615
76396,40584
76396,24070
76396,81052
76396,25706
76396,88950
76396,48898
76396,24234
76396,84024
76396,42635
76396,3793
76396,49424
76396,37512
76396,59114
76396,48430
76396,62444
76396,48756
76396,81927
76396,13705
76396,85606
76396,48612
76396,29982
76396,82814
76396,58951
76396,89757
76396,8669
76396,10042
76396,15096
76396,52905
76396,11766
76396,95408
76396,26544
76396,75444
76396,19028
76396,4272
76396,39383
76396,9076
76396,21026
76396,9588
76396,34448
76396,15566
76396,49068
76396,72659
76396,87379
76396,9053
76396,28935
76396,81743
76396,41473
76396,39501
76396,84280
76396,36296
76396,26074
76396,62293
76396,93464
76396,70167
76396,30170
76396,95853
76396,15956
76396,35999
76396,58578
76396,87505
76396,78995
76396,78374
76396,42923
76396,85542
76396,8796
76396,38798
76396,62837
76396,44348
76396,58159
76396,66626
76396,76511
76396,3
76396,83902
76396,7339
76396,45925
76396,61025
76396,17354
76396,4027
76396,90275
76396,77841
76396,71663
76396,81307
76396,67009
76396,21683
76396,36956
76396,24497
76396,10692
76396,45770
76396,12333
76396,11038
76396,48609
76396,96932
76396,4925
76396,1674
76396,6463
76396,76147
76396,12599
76396,57242
76396,86833
76396,73386
76396,60228
76396,17736
76396,49233
76396,10188
76396,74722
76396,18841
76396,5059
76396,73855
76396,61238
76396,6374
76396,62851
76396,55334
76396,84135
76396,18445
76396,74176
76396,79102
76396,43081
76396,39310
76396,28112
76396,17185
76396,20445
76396,84098
76396,49957
76396,74594
76396,45696
76396,42982
76396,62826
76396,31910
76396,2677
76396,16216
76396,92282
76396,10424
76396,13373
76396,89249
76396,37022
76396,73873
76396,73539
76396,64575
76396,61976
76396,91043
76396,78277
76396,89096
76396,39496
76396,20515
76396,68532
76396,652
76396,30776
76396,1711
74205,99322
74205,14210
74205,98122
74205,37624
74205,38578
74205,59176
74205,10564
74205,8287
74205,24848
74205,73798
74205,39491
74205,62803
74205,2820
74205,80519
74205,49612
74205,30614
74205,66501
74205,50886
74205,86289
74205,21230
74205,23594
74205,13285
74205,26935
74205,21793
74205,98615
74205,39809
74205,59338
74205,9031
74205,91314
74205,21036
74205,95408
74205,26544
74205,4272
74205,47187
74205,78675
74205,36296
74205,21334
74205,42923
74205,43746
74205,12407
74205,62224
74205,68857
74205,59844
74205,37106
74205,34076
74205,52708
74205,56489
74205,69125
74205,62851
74205,55334
74205,28282
74205,74594
74205,86447
74205,13373
74205,91043
74205,85528
74205,59530
87241,90482
87241,1064
87241,53926
87241,94649
87241,14613
87241,2126
87241,43735
87241,14210
87241,73945
87241,98122
87241,59121
87241,79650
87241,81332
87241,95607
87241,22517
87241,41448
87241,10428
87241,64451
87241,55515
87241,1272
87241,30965
87241,39824
87241,46159
87241,11960
87241,78355
87241,20460
87241,64417
87241,49983
87241,5957
87241,26312
87241,60979
87241,88384
87241,59292
87241,60388
87241,50426
87241,82315
87241,36866
87241,73445
87241,11153
87241,51055
87241,39491
87241,46431
87241,88776
87241,70782
87241,40875
87241,51710
87241,3617
87241,7697
87241,43461
87241,8309
87241,3003
87241,44582
87241,82739
87241,98684
87241,29628
87241,80519
87241,14531
87241,36215
87241,97386
87241,71870
87241,63951
87241,13875
87241,98151
87241,46061
87241,84441
87241,92655
87241,64775
87241,86289
87241,78765
87241,90997
87241,23594
87241,43175
87241,23525
87241,49806
87241,82707
87241,74365
87241,3924
87241,21793
87241,80887
87241,54129
87241,99057
87241,62515
87241,79278
87241,80999
87241,4071
87241,65746
87241,80321
87241,36891
87241,45216
87241,87269
87241,25706
87241,88950
87241,12138
87241,4177
87241,29822
87241,59063
87241,40753
87241,47003
87241,49424
87241,70511
87241,41743
87241,56254
87241,50883
87241,96507
87241,13705
87241,74421
87241,59338
87241,67349
87241,37212
87241,79834
87241,64757
87241,58660
87241,10042
87241,96149
87241,11766
87241,42819
87241,95408
87241,26544
87241,4272
87241,55319
87241,26761
87241,41473
87241,99792
87241,95853
87241,3588
87241,76793
87241,2997
87241,35999
87241,99173
87241,44976
87241,42987
87241,97247
87241,85542
87241,8796
87241,36422
87241,10513
87241,83902
87241,28714
87241,57837
87241,13613
87241,44949
87241,45185
87241,7025
87241,94730
87241,77964
87241,64966
87241,57967
87241,77942
87241,79515
87241,24497
87241,68857
87241,22436
87241,48609
87241,6463
87241,21855
87241,98306
87241,85225
87241,86833
87241,72568
87241,97900
87241,72598
87241,17736
87241,29704
87241,55184
87241,49233
87241,72270
87241,77844
87241,34076
87241,52708
87241,69125
87241,5059
87241,32176
87241,43081
87241,28282
87241,84098
87241,8697
87241,42982
87241,37735
87241,30568
87241,16291
87241,12515
87241,10424
87241,18064
87241,53352
87241,36323
87241,88311
87241,17930
87241,10059
87241,89967
87241,39496
87241,85528
87241,74888
46580,50797
46580,53926
46580,17253
46580,99710
46580,79668
46580,43561
46580,63867
46580,88731
46580,84178
46580,44305
46580,64451
46580,83129
46580,1503
46580,46159
46580,69427
46580,8013
46580,58914
46580,62725
46580,59292
46580,57289
46580,37570
46580,40875
46580,62803
46580,68169
46580,62704
46580,86807
46580,63014
46580,94556
46580,97893
46580,67649
46580,14531
46580,48721
46580,65304
46580,80996
46580,94560
46580,20562
46580,7315
46580,85851
46580,6
46580,96678
46580,80999
46580,5199
46580,29358
46580,113
46580,12138
46580,15718
46580,4177
46580,75920
46580,84595
46580,29822
46580,42723
46580,3793
46580,68416
46580,50883
46580,98521
46580,84822
46580,67349
46580,82847
46580,26544
46580,13968
46580,53770
46580,55587
46580,39501
46580,26618
46580,99792
46580,90219
46580,80842
46580,26074
46580,93464
46580,30170
46580,74988
46580,99173
46580,95995
46580,78995
46580,36422
46580,76511
46580,19147
46580,28714
46580,13613
46580,48745
46580,44949
46580,78665
46580,90275
46580,77942
46580,36956
46580,24497
46580,67747
46580,76147
46580,4312
46580,18882
46580,12599
46580,78591
46580,72568
46580,93507
46580,33196
46580,49942
46580,45506
46580,74722
46580,58681
46580,32176
46580,28112
46580,39058
46580,28282
46580,9835
46580,42982
46580,62826
46580,65163
46580,4809
46580,99757
46580,30568
46580,16216
46580,52703
46580,95796
46580,42374
46580,64575
46580,9169
46580,91043
46580,19794
46580,90307
46580,89967
46580,51334
46580,46196
46580,7197
42050,40696
42050,41477
42050,39885
42050,28620
42050,11003
42050,25155
42050,63867
42050,49558
42050,90113
42050,16021
42050,64451
42050,66638
42050,70434
42050,36458
42050,46159
42050,46461
42050,39983
42050,11960
42050,78355
42050,25310
42050,95763
42050,93944
42050,10520
42050,89592
42050,5957
42050,35573
42050,59292
42050,50015
42050,54857
42050,58245
42050,60211
42050,92155
42050,51055
42050,78824
42050,86807
42050,89624
42050,69711
42050,44582
42050,44672
42050,98684
42050,474
42050,17936
42050,49612
42050,91
42050,97386
42050,47066
42050,12812
42050,66326
42050,9915
42050,31336
42050,45177
42050,19581
42050,62905
42050,92655
42050,85293
42050,57494
42050,82707
42050,14421
42050,96691
42050,51181
42050,54129
42050,21092
42050,53082
42050,65432
42050,4071
42050,65664
42050,51810
42050,5199
42050,66075
42050,80321
42050,45216
42050,81052
42050,94363
42050,53881
42050,7021
42050,24234
42050,40753
42050,44313
42050,42635
42050,3793
42050,68416
42050,87941
42050,48430
42050,48756
42050,96507
42050,85606
42050,74421
42050,47292
42050,86997
42050,46828
42050,53695
42050,79834
42050,89757
42050,8669
42050,58660
42050,54466
42050,47881
42050,82639
42050,62943
42050,76900
42050,21947
42050,47820
42050,1349
42050,55587
42050,47187
42050,84280
42050,62293
42050,44976
42050,26638
42050,95995
42050,30846
42050,70679
42050,58617
42050,63028
42050,99290
42050,37372
42050,61025
42050,78665
42050,60730
42050,57967
42050,81307
42050,36956
42050,24497
42050,11038
42050,67747
42050,63777
42050,1674
42050,98306
42050,4232
42050,57242
42050,62789
42050,49942
42050,61238
42050,55334
42050,84135
42050,32176
42050,18218
42050,28282
42050,45696
42050,87993
42050,8697
42050,68607
42050,97567
42050,85617
42050,84551
42050,24072
42050,85038
42050,18064
42050,53352
42050,91043
42050,19794
42050,10059
42050,39496
42050,46196
42050,94637
42050,652
42050,10958
42050,49307
42050,74888
42050,52110
42050,1711
42050,59530
97992,94649
97992,99710
97992,50306
97992,83129
97992,36458
97992,69427
97992,39079
97992,7959
97992,58245
97992,40875
97992,3617
97992,7697
97992,58143
97992,43461
97992,94556
97992,39301
97992,16081
97992,80996
97992,74853
97992,66501
97992,13875
97992,85851
97992,82969
97992,3086
97992,30719
97992,27199
97992,75920
97992,16425
97992,42723
97992,85606
97992,72929
97992,82639
97992,55587
97992,49068
97992,92622
97992,6594
97992,76793
97992,97247
97992,63028
97992,18165
97992,43946
97992,79067
97992,90275
97992,61573
97992,81307
97992,75529
97992,12599
97992,37106
97992,93507
97992,28282
97992,4809
97992,99757
97992,99473
97992,12515
97992,80759
97992,64575
97992,9169
97992,13395
97992,10059
97992,46196
97992,5062
97992,33252
97992,44128
59757,90482
59757,69909
59757,73918
59757,17253
59757,53643
59757,57372
59757,6420
59757,29759
59757,49558
59757,36078
59757,16021
59757,3805
59757,1503
59757,92369
59757,36458
59757,46159
59757,39983
59757,25310
59757,38335
59757,22048
59757,46068
59757,58424
59757,47260
59757,29210
59757,82315
59757,11153
59757,88776
59757,26165
59757,2418
59757,62704
59757,97872
59757,50055
59757,16897
59757,44672
59757,98684
59757,72277
59757,16081
59757,29884
59757,12812
59757,92882
59757,71346
59757,70954
59757,42451
59757,31336
59757,98151
59757,6346
59757,38505
59757,82969
59757,93016
59757,25460
59757,19897
59757,81497
59757,49679
59757,24548
59757,78229
59757,85293
59757,26935
59757,34924
59757,16722
59757,14421
59757,51181
59757,46692
59757,19451
59757,80999
59757,91832
59757,72188
59757,65664
59757,11158
59757,36891
59757,24070
59757,71128
59757,81052
59757,12906
59757,88161
59757,24234
59757,96472
59757,59063
59757,59054
59757,91374
59757,34808
59757,70511
59757,87941
59757,71951
59757,41743
59757,81927
59757,39809
59757,74421
59757,86997
59757,29982
59757,46428
59757,68658
59757,54466
59757,47881
59757,34016
59757,11766
59757,21036
59757,72659
59757,28935
59757,81743
59757,39501
59757,78675
59757,62293
59757,95853
59757,14299
59757,76793
59757,15956
59757,26638
59757,95995
59757,58159
59757,84083
59757,99290
59757,9239
59757,70600
59757,38589
59757,45185
59757,94730
59757,90275
59757,64966
59757,57967
59757,12407
59757,62224
59757,36956
59757,12333
59757,19851
59757,10353
59757,63620
59757,4312
59757,60228
59757,76145
59757,3913
59757,34076
59757,69125
59757,60549
59757,1829
59757,11238
59757,56407
59757,66713
59757,84135
59757,57589
59757,82741
59757,38591
59757,69661
59757,61825
59757,62826
59757,65163
59757,85617
59757,35093
59757,37735
59757,84551
59757,16216
59757,95796
59757,65334
59757,86447
59757,13373
59757,93387
59757,52638
59757,13395
59757,19794
59757,95180
59757,68532
59757,33470
59757,44128
52752,39243
52752,46602
52752,94791
52752,53926
52752,90965
52752,73918
52752,37711
52752,61726
52752,7612
52752,66638
52752,49372
52752,64417
52752,74059
52752,10563
52752,46068
52752,58914
52752,88384
52752,50426
52752,42452
52752,73445
52752,11125
52752,60090
52752,22620
52752,16897
52752,29628
52752,39863
52752,6346
52752,92548
52752,86289
52752,92866
52752,19091
52752,36891
52752,31024
52752,32541
52752,71128
52752,88161
52752,113
52752,91374
52752,37654
52752,94691
52752,25316
52752,41743
52752,74421
52752,47292
52752,46828
52752,54466
52752,15096
52752,11766
52752,88953
52752,73704
52752,59113
52752,42987
52752,69725
52752,42923
52752,9239
52752,70600
52752,77841
52752,4925
52752,12599
52752,88089
52752,4809
52752,37022
52752,16219
52752,17930
52752,75733
52752,44128
70023,12376
70023,90482
70023,2885
70023,84230
70023,99322
70023,17253
70023,12361
70023,53643
70023,57372
70023,695
70023,74649
70023,65887
70023,15989
70023,29759
70023,40029
70023,36078
70023,73945
70023,20082
70023,61726
70023,87030
70023,43092
70023,7612
70023,64416
70023,3805
70023,34874
70023,66638
70023,39824
70023,81015
70023,70392
70023,53548
70023,11960
70023,20460
70023,95594
70023,10564
70023,50802
70023,64417
70023,24302
70023,74059
70023,38932
70023,8287
70023,46068
70023,58424
70023,6510
70023,72149
70023,88384
70023,62725
70023,87765
70023,42452
70023,36162
70023,73733
70023,78428
70023,91642
70023,51846
70023,65681
70023,39491
70023,11125
70023,88776
70023,77441
70023,60090
70023,78824
70023,26165
70023,68169
70023,51678
70023,86807
70023,43461
70023,44043
70023,89624
70023,50055
70023,69711
70023,82739
70023,51855
70023,7685
70023,28429
70023,78983
70023,80519
70023,49612
70023,16081
70023,29884
70023,5949
70023,63951
70023,54361
70023,70954
70023,84786
70023,39863
70023,66326
70023,74853
70023,9915
70023,31336
70023,13875
70023,7315
70023,34274
70023,6346
70023,84441
70023,38505
70023,6
70023,93016
70023,30719
70023,96678
70023,90997
70023,23594
70023,27522
70023,74600
70023,70282
70023,92866
70023,57494
70023,65472
70023,88855
70023,84059
70023,63112
70023,74365
70023,3924
70023,21793
70023,96691
70023,28928
70023,19487
70023,99057
70023,46692
70023,92236
70023,83163
70023,36854
70023,33181
70023,65664
70023,18030
70023,34523
70023,29358
70023,80321
70023,86538
70023,32541
70023,98615
70023,81052
70023,113
70023,48391
70023,7021
70023,4177
70023,84595
70023,24234
70023,84024
70023,42635
70023,16425
70023,48430
70023,13122
70023,56254
70023,66004
70023,81927
70023,29982
70023,95970
70023,58951
70023,37212
70023,61309
70023,89757
70023,96149
70023,47212
70023,15096
70023,42819
70023,26544
70023,53770
70023,9076
70023,93735
70023,26761
70023,15566
70023,81743
70023,92622
70023,84280
70023,47884
70023,63297
70023,62293
70023,95853
70023,48302
70023,8982
70023,74988
70023,87505
70023,84622
70023,21334
70023,30846
70023,97247
70023,85542
70023,38798
70023,56747
70023,62837
70023,58617
70023,66626
70023,84083
70023,18165
70023,73973
70023,37372
70023,7339
70023,9239
70023,43946
70023,6090
70023,48745
70023,44949
70023,78665
70023,4027
70023,43746
70023,51956
70023,77841
70023,79515
70023,36956
70023,12333
70023,4925
70023,76147
70023,4232
70023,12599
70023,78591
70023,57242
70023,86833
70023,37106
70023,92503
70023,8536
70023,72598
70023,17736
70023,90546
70023,33196
70023,49233
70023,74499
70023,82993
70023,67921
70023,49942
70023,34076
70023,10188
70023,69125
70023,74722
70023,66713
70023,96402
70023,58681
70023,32176
70023,39058
70023,38591
70023,49957
70023,9835
70023,39993
70023,33450
70023,68607
70023,21831
70023,61825
70023,97754
70023,85617
70023,84551
70023,99757
70023,16216
70023,10424
70023,91319
70023,89249
70023,36323
70023,73873
70023,73539
70023,42374
70023,64575
70023,52638
70023,53056
70023,89642
70023,66677
70023,89096
70023,89967
70023,20515
70023,90808
70023,46196
70023,68532
70023,80686
70023,49307
70023,74088
70023,33470
70023,44128
19062,84844
19062,41477
19062,97522
19062,73918
19062,99710
19062,96311
19062,29759
19062,49558
19062,59135
19062,81332
19062,43092
19062,3545
19062,7612
19062,72594
19062,87810
19062,92369
19062,36458
19062,82241
19062,64417
19062,10563
19062,68556
19062,1795
19062,47260
19062,60979
19062,58914
19062,87765
19062,50015
19062,82315
19062,73445
19062,11153
19062,9150
19062,41435
19062,51846
19062,30083
19062,51055
19062,39491
19062,4731
19062,78824
19062,68169
19062,26405
19062,23385
19062,64607
19062,63014
19062,43461
19062,83365
19062,69711
19062,44672
19062,63866
19062,13148
19062,90375
19062,474
19062,72277
19062,80519
19062,30614
19062,6262
19062,89332
19062,48721
19062,12812
19062,51431
19062,71346
19062,84786
19062,74853
19062,31336
19062,41019
19062,63871
19062,7315
19062,48244
19062,62905
19062,92548
19062,3086
19062,34524
19062,42102
19062,25460
19062,19897
19062,49679
19062,70282
19062,2500
19062,88855
19062,97475
19062,34924
19062,84059
19062,27199
19062,14290
19062,36838
19062,19487
19062,99057
19062,80999
19062,33181
19062,53082
19062,54974
19062,31024
19062,24070
19062,12906
19062,59063
19062,63663
19062,49424
19062,87941
19062,62444
19062,66004
19062,81927
19062,96507
19062,84822
19062,20079
19062,91314
19062,10042
19062,96149
19062,47881
19062,72929
19062,21036
19062,42819
19062,11733
19062,39351
19062,26761
19062,34448
19062,47187
19062,81743
19062,39501
19062,36296
19062,90219
19062,63297
19062,14299
19062,76793
19062,28136
19062,44976
19062,78374
19062,76511
19062,64039
19062,28714
19062,38589
19062,6090
19062,13613
19062,90275
19062,77841
19062,81307
19062,12407
19062,77942
19062,19851
19062,68857
19062,4925
19062,6463
19062,4312
19062,57242
19062,93507
19062,17736
19062,72270
19062,77844
19062,69125
19062,51097
19062,56407
19062,61238
19062,6374
19062,62851
19062,55334
19062,27856
19062,39310
19062,18218
19062,28112
19062,88089
19062,74594
19062,79138
19062,87993
19062,8697
19062,42982
19062,97754
19062,90034
19062,85038
19062,16216
19062,73409
19062,86447
19062,99454
19062,82704
19062,35240
19062,9169
19062,61976
19062,10059
19062,90808
19062,697
19062,652
19062,30776
19062,74088
19062,59530
19062,7197
40427,84844
40427,54084
40427,41477
40427,2885
40427,50797
40427,12361
40427,695
40427,37711
40427,63867
40427,40029
40427,59121
40427,79650
40427,50306
40427,10428
40427,66638
40427,39824
40427,51625
40427,70392
40427,39079
40427,11960
40427,87781
40427,36875
40427,95763
40427,8013
40427,68556
40427,7959
40427,42452
40427,36162
40427,92155
40427,41190
40427,26405
40427,58143
40427,89624
40427,97872
40427,90375
40427,72277
40427,14531
40427,18765
40427,65304
40427,63951
40427,94560
40427,20562
40427,84786
40427,42451
40427,43875
40427,6
40427,92548
40427,82969
40427,1332
40427,34524
40427,86289
40427,19897
40427,21230
40427,81497
40427,17740
40427,74600
40427,13285
40427,2500
40427,48489
40427,34924
40427,80887
40427,21092
40427,51810
40427,98615
40427,15889
40427,48898
40427,12138
40427,15718
40427,42635
40427,16425
40427,37654
40427,63663
40427,37512
40427,87941
40427,13122
40427,66004
40427,81927
40427,55814
40427,84822
40427,86997
40427,61309
40427,68658
40427,82847
40427,11766
40427,95408
40427,36851
40427,14765
40427,19028
40427,14425
40427,26761
40427,9053
40427,37840
40427,59817
40427,78675
40427,39888
40427,84280
40427,20149
40427,36296
40427,90219
40427,95338
40427,74988
40427,99173
40427,97247
40427,12104
40427,56359
40427,99290
40427,64039
40427,28714
40427,45925
40427,79067
40427,43746
40427,29811
40427,62224
40427,19851
40427,22436
40427,4925
40427,78591
40427,3101
40427,92503
40427,72568
40427,93507
40427,17736
40427,76145
40427,16758
40427,72270
40427,45506
40427,56489
40427,1829
40427,56407
40427,61238
40427,6374
40427,55334
40427,43081
40427,27856
40427,17185
40427,20445
40427,84098
40427,9835
40427,45696
40427,87993
40427,21831
40427,61825
40427,41543
40427,4809
40427,30568
40427,27660
40427,86447
40427,37022
40427,93387
40427,53056
40427,90307
40427,89096
40427,89967
40427,51334
40427,46196
40427,80200
40427,97957
2010,39243
2010,50797
2010,12999
2010,69909
2010,99322
2010,96311
2010,14210
2010,59121
2010,87030
2010,66638
2010,30965
2010,82241
2010,59176
2010,58424
2010,69995
2010,24848
2010,9150
2010,78824
2010,62803
2010,13748
2010,62704
2010,66992
2010,3228
2010,80519
2010,97386
2010,63951
2010,54361
2010,21230
2010,23594
2010,2500
2010,1608
2010,34924
2010,4071
2010,1198
2010,3793
2010,37512
2010,55814
2010,96507
2010,47292
2010,59338
2010,84822
2010,21036
2010,95408
2010,4272
2010,87379
2010,37840
2010,78675
2010,39888
2010,47884
2010,8982
2010,21334
2010,44348
2010,45185
2010,22436
2010,1674
2010,3101
2010,37106
2010,29704
2010,45506
2010,18841
2010,29290
2010,74594
2010,13373
2010,37022
2010,85528
2010,7197
80459,2885
80459,69909
80459,84230
80459,73918
80459,695
80459,49558
80459,59135
80459,95607
80459,83129
80459,36458
80459,79095
80459,49983
80459,10563
80459,46068
80459,48196
80459,62725
80459,9150
80459,41435
80459,51055
80459,39491
80459,39274
80459,2418
80459,87239
80459,63014
80459,50055
80459,63866
80459,474
80459,49195
80459,18765
80459,30614
80459,34053
80459,51431
80459,66326
80459,66501
80459,34274
80459,50886
80459,6
80459,13512
80459,3086
80459,49679
80459,92866
80459,64747
80459,43175
80459,26935
80459,97475
80459,48489
80459,74365
80459,19091
80459,80321
80459,98615
80459,87269
80459,25706
80459,94363
80459,68416
80459,13122
80459,66004
80459,98521
80459,39809
80459,84822
80459,46828
80459,46428
80459,8669
80459,6525
80459,58660
80459,91314
80459,18276
80459,82847
80459,60670
80459,21036
80459,62943
80459,11733
80459,39383
80459,21026
80459,49068
80459,59113
80459,29682
80459,84280
80459,26618
80459,45841
80459,26074
80459,28136
80459,58578
80459,78995
80459,38211
80459,10513
80459,99290
80459,64039
80459,27266
80459,6815
80459,79067
80459,31580
80459,85262
80459,7025
80459,67009
80459,24497
80459,11038
80459,22436
80459,63620
80459,6463
80459,78177
80459,85225
80459,57242
80459,3101
80459,37106
80459,97900
80459,33196
80459,16758
80459,52708
80459,56489
80459,74722
80459,66713
80459,62851
80459,55334
80459,84135
80459,57589
80459,79102
80459,33249
80459,39310
80459,28282
80459,29290
80459,45696
80459,33450
80459,97754
80459,85617
80459,30568
80459,16291
80459,27660
80459,12515
80459,18064
80459,63531
80459,37022
80459,73539
80459,42374
80459,78277
80459,89096
80459,32666
80459,51334
80459,1318
80459,697
60283,84844
60283,54084
60283,1064
60283,39243
60283,50797
60283,12999
60283,90965
60283,69909
60283,94649
60283,99710
60283,12361
60283,53643
60283,28680
60283,65887
60283,15989
60283,49558
60283,59121
60283,94916
60283,20082
60283,59135
60283,87030
60283,3545
60283,3805
60283,34874
60283,66638
60283,1272
60283,92369
60283,51625
60283,38578
60283,25310
60283,74059
60283,47260
60283,54857
60283,24848
60283,73798
60283,73733
60283,60211
60283,41190
60283,88776
60283,77441
60283,40875
60283,51710
60283,29923
60283,62803
60283,64607
60283,7685
60283,13148
60283,28429
60283,90375
60283,80519
60283,49612
60283,89332
60283,71870
60283,5949
60283,92882
60283,51431
60283,42451
60283,1862
60283,66501
60283,48244
60283,13512
60283,92548
60283,86289
60283,96678
60283,81497
60283,49679
60283,92866
60283,13285
60283,48489
60283,80887
60283,4071
60283,19091
60283,82093
60283,31024
60283,40584
60283,1198
60283,15889
60283,113
60283,48898
60283,7021
60283,40753
60283,37654
60283,3793
60283,37512
60283,66004
60283,47292
60283,19152
60283,86997
60283,29982
60283,53695
60283,82814
60283,6525
60283,68658
60283,82847
60283,9621
60283,60670
60283,52905
60283,42819
60283,1349
60283,21026
60283,26761
60283,86161
60283,87379
60283,73704
60283,53495
60283,36296
60283,63297
60283,70167
60283,95338
60283,28136
60283,95265
60283,6856
60283,78374
60283,42923
60283,58159
60283,76511
60283,83902
60283,63028
60283,64039
60283,27266
60283,50519
60283,79067
60283,38589
60283,17354
60283,77841
60283,36956
60283,19851
60283,44244
60283,76147
60283,21855
60283,86833
60283,92503
60283,93507
60283,29704
60283,90546
60283,55184
60283,67921
60283,10188
60283,18841
60283,56407
60283,6374
60283,62851
60283,49957
60283,74594
60283,87993
60283,61825
60283,65163
60283,90034
60283,35093
60283,37735
60283,99473
60283,27660
60283,13373
60283,37022
60283,52638
60283,91043
60283,13395
60283,19794
60283,16219
60283,47458
60283,89096
60283,51334
60283,94637
60283,10958
60283,74088
60283,7197
43772,41477
43772,46602
43772,84230
43772,73918
43772,99710
43772,79668
43772,28680
43772,43735
43772,90113
43772,44305
43772,7612
43772,55515
43772,46159
43772,49983
43772,10563
43772,8287
43772,46068
43772,35573
43772,47260
43772,60979
43772,87765
43772,60388
43772,78373
43772,41190
43772,26165
43772,3617
43772,10079
43772,47172
43772,63014
43772,97872
43772,51855
43772,39301
43772,29628
43772,9891
43772,47066
43772,8862
43772,51431
43772,70954
43772,84786
43772,66326
43772,63871
43772,45177
43772,34274
43772,98151
43772,85851
43772,3086
43772,1332
43772,34524
43772,96678
43772,78765
43772,17740
43772,92866
43772,27199
43772,14290
43772,80887
43772,46692
43772,7926
43772,18674
43772,91832
43772,11158
43772,24070
43772,71128
43772,87269
43772,88950
43772,113
43772,75920
43772,37654
43772,63663
43772,42723
43772,68416
43772,74421
43772,86997
43772,69465
43772,46828
43772,53695
43772,6816
43772,37212
43772,79834
43772,54466
43772,96149
43772,60670
43772,82639
43772,11766
43772,95408
43772,14765
43772,75444
43772,9076
43772,72659
43772,59817
43772,78675
43772,56529
43772,26618
43772,30170
43772,26638
43772,95995
43772,42987
43772,78374
43772,56747
43772,38211
43772,30481
43772,44348
43772,58617
43772,83902
43772,9239
43772,38589
43772,7025
43772,48790
43772,77964
43772,23664
43772,64966
43772,29811
43772,57967
43772,81307
43772,36956
43772,44244
43772,63777
43772,76147
43772,2584
43772,98306
43772,37106
43772,93507
43772,67921
43772,49942
43772,56489
43772,7536
43772,5059
43772,6374
43772,55334
43772,82741
43772,33249
43772,88089
43772,39993
43772,31910
43772,4809
43772,86447
43772,99454
43772,82704
43772,93387
43772,80759
43772,61976
43772,52638
43772,91043
43772,13395
43772,16219
43772,89642
43772,80572
43772,95180
43772,88311
43772,75733
43772,89967
43772,68532
43772,94637
43772,652
43772,74088
43772,33470
49898,70994
49898,94791
49898,53926
49898,90965
49898,69909
49898,99710
49898,57372
49898,695
49898,25155
49898,96311
49898,43561
49898,63867
49898,20082
49898,50306
49898,44305
49898,3545
49898,95607
49898,7612
49898,3805
49898,72594
49898,34874
49898,51625
49898,79095
49898,36875
49898,10564
49898,49983
49898,5957
49898,46068
49898,48196
49898,1795
49898,35573
49898,62725
49898,69995
49898,54857
49898,24848
49898,73733
49898,9150
49898,30083
49898,88776
49898,40875
49898,26165
49898,2418
49898,68169
49898,26405
49898,7697
49898,86807
49898,43461
49898,66992
49898,8309
49898,69711
49898,97893
49898,13914
49898,62707
49898,3228
49898,90375
49898,474
49898,14531
49898,18765
49898,16081
49898,97386
49898,71870
49898,5949
49898,80996
49898,13875
49898,98151
49898,85851
49898,1836
49898,6
49898,30860
49898,25460
49898,43175
49898,34924
49898,27199
49898,21793
49898,14290
49898,83163
49898,62515
49898,18674
49898,43003
49898,65432
49898,54974
49898,87269
49898,12242
49898,37195
49898,84595
49898,40753
49898,37654
49898,42723
49898,68416
49898,70511
49898,73346
49898,50883
49898,47292
49898,19152
49898,84822
49898,29982
49898,67349
49898,61309
49898,58660
49898,54466
49898,62943
49898,4272
49898,88953
49898,9053
49898,47187
49898,73704
49898,92622
49898,6594
49898,48302
49898,8982
49898,3588
49898,71569
49898,76327
49898,44976
49898,87505
49898,26638
49898,69725
49898,85542
49898,8796
49898,36422
49898,84083
49898,19147
49898,10343
49898,7339
49898,29040
49898,13613
49898,4027
49898,90275
49898,28799
49898,21683
49898,67747
49898,6463
49898,37787
49898,98306
49898,78591
49898,57242
49898,86833
49898,93507
49898,3913
49898,74499
49898,72270
49898,45506
49898,7536
49898,84135
49898,18218
49898,69661
49898,29290
49898,9835
49898,45696
49898,8697
49898,21831
49898,61825
49898,37735
49898,30568
49898,91319
49898,18064
49898,89249
49898,53352
49898,30692
49898,9320
49898,9169
49898,61976
49898,52638
49898,91043
49898,7137
49898,13395
49898,90307
49898,95180
49898,89096
49898,10059
49898,89967
49898,25838
49898,697
49898,652
49898,44128
49898,97957
81415,2885
81415,53926
81415,69909
81415,20082
81415,79650
81415,81015
81415,70392
81415,74059
81415,68556
81415,1795
81415,92155
81415,39491
81415,10079
81415,89332
81415,98151
81415,81497
81415,90997
81415,17740
81415,16722
81415,96691
81415,28928
81415,46692
81415,21092
81415,19451
81415,51810
81415,11158
81415,87269
81415,1198
81415,113
81415,59063
81415,59054
81415,63663
81415,71951
81415,81927
81415,39809
81415,79834
81415,46428
81415,58660
81415,47881
81415,72929
81415,21036
81415,14765
81415,75444
81415,93735
81415,26761
81415,47187
81415,37840
81415,36296
81415,26638
81415,78995
81415,78374
81415,42923
81415,56359
81415,64039
81415,79067
81415,90275
81415,71663
81415,68857
81415,18882
81415,74722
81415,56407
81415,74594
81415,87993
81415,93387
81415,42374
81415,64575
81415,88311
81415,89096
81415,89967
81415,52110
14630,84844
14630,41477
14630,39243
14630,50797
14630,99322
14630,15989
14630,14210
14630,3545
14630,22517
14630,3805
14630,49372
14630,82241
14630,38578
14630,11960
14630,59176
14630,10564
14630,50136
14630,10563
14630,24848
14630,73798
14630,41190
14630,39491
14630,78824
14630,80519
14630,48244
14630,23594
14630,91223
14630,34924
14630,14421
14630,21793
14630,83163
14630,33181
14630,19091
14630,96507
14630,46428
14630,21036
14630,95408
14630,87379
14630,78675
14630,84280
14630,14299
14630,8982
14630,44976
14630,21334
14630,44348
14630,27266
14630,31580
14630,78665
14630,43746
14630,12407
14630,4925
14630,76145
14630,34076
14630,7536
14630,74722
14630,1829
14630,18841
14630,43081
14630,61825
14630,92282
14630,85528
85436,84844
85436,40696
85436,2885
85436,70994
85436,28620
85436,12361
85436,74649
85436,43561
85436,65887
85436,73945
85436,22551
85436,94916
85436,79650
85436,95607
85436,3805
85436,55515
85436,1272
85436,30965
85436,51625
85436,53548
85436,39079
85436,79095
85436,95763
85436,38335
85436,10520
85436,76581
85436,5957
85436,8287
85436,46068
85436,48196
85436,1795
85436,35573
85436,58914
85436,62725
85436,54857
85436,36162
85436,82315
85436,36866
85436,58245
85436,24848
85436,78373
85436,51055
85436,51451
85436,11125
85436,46431
85436,70782
85436,3193
85436,3617
85436,10079
85436,62704
85436,58143
85436,94556
85436,26030
85436,51855
85436,62707
85436,44672
85436,3228
85436,29628
85436,97386
85436,46099
85436,28110
85436,92882
85436,80996
85436,66326
85436,1862
85436,9915
85436,66501
85436,62905
85436,38505
85436,27254
85436,86289
85436,96678
85436,81497
85436,17740
85436,49679
85436,24548
85436,22807
85436,16722
85436,36838
85436,92236
85436,83163
85436,18674
85436,19451
85436,53082
85436,4071
85436,27455
85436,24070
85436,25706
85436,88161
85436,95994
85436,15718
85436,29822
85436,40753
85436,16425
85436,49424
85436,73295
85436,48430
85436,62444
85436,84822
85436,86997
85436,48612
85436,95970
85436,37212
85436,46428
85436,9031
85436,54466
85436,10042
85436,57173
85436,60670
85436,82639
85436,11766
85436,26544
85436,14765
85436,75444
85436,11733
85436,53770
85436,47820
85436,1349
85436,26761
85436,86161
85436,9588
85436,49068
85436,14240
85436,59817
85436,92622
85436,78675
85436,56529
85436,20149
85436,36296
85436,90219
85436,95338
85436,95853
85436,8982
85436,76793
85436,76327
85436,2997
85436,35999
85436,84622
85436,78995
85436,21334
85436,97247
85436,78374
85436,12104
85436,56747
85436,70679
85436,66626
85436,84083
85436,3
85436,83902
85436,56359
85436,7339
85436,50519
85436,70600
85436,82703
85436,43946
85436,79589
85436,57837
85436,48745
85436,85262
85436,78665
85436,45185
85436,7025
85436,51956
85436,48790
85436,12407
85436,24497
85436,10692
85436,12333
85436,19851
85436,68857
85436,67747
85436,63620
85436,96932
85436,8628
85436,2584
85436,4312
85436,59844
85436,85225
85436,78591
85436,57242
85436,3101
85436,93507
85436,17736
85436,29704
85436,40938
85436,74499
85436,34076
85436,69125
85436,7536
85436,51097
85436,56407
85436,66713
85436,96402
85436,92100
85436,74176
85436,79102
85436,27856
85436,38591
85436,84098
85436,88089
85436,29290
85436,79138
85436,8697
85436,998
85436,97754
85436,37735
85436,4809
85436,99473
85436,96211
85436,27660
85436,12515
85436,10424
85436,18064
85436,86447
85436,82704
85436,53352
85436,73539
85436,42374
85436,7137
85436,13395
85436,90650
85436,78277
85436,19794
85436,90307
85436,16219
85436,75733
85436,65114
85436,47458
85436,35079
85436,51334
85436,46196
85436,68532
85436,30776
85436,74088
85436,52110
85436,1711
9644,97522
9644,39243
9644,70994
9644,28680
9644,6420
9644,29838
9644,43561
9644,63867
9644,14210
9644,73945
9644,34874
9644,1503
9644,49372
9644,81015
9644,36458
9644,25310
9644,87781
9644,36875
9644,64417
9644,24302
9644,50136
9644,74059
9644,38932
9644,22048
9644,60979
9644,50426
9644,82315
9644,36866
9644,73445
9644,57289
9644,30083
9644,51055
9644,41190
9644,51451
9644,4731
9644,46431
9644,60090
9644,68169
9644,23385
9644,22620
9644,7697
9644,58143
9644,89624
9644,16897
9644,14531
9644,89332
9644,20562
9644,39863
9644,66501
9644,50886
9644,84441
9644,3086
9644,42102
9644,30719
9644,86289
9644,90997
9644,43175
9644,97475
9644,63112
9644,28928
9644,14290
9644,36838
9644,7926
9644,54974
9644,29358
9644,82093
9644,32541
9644,71128
9644,12242
9644,113
9644,48391
9644,4177
9644,44313
9644,42635
9644,37654
9644,42723
9644,87941
9644,84822
9644,48612
9644,37212
9644,61309
9644,58660
9644,91314
9644,47881
9644,14425
9644,21026
9644,87379
9644,9053
9644,28935
9644,92622
9644,39888
9644,45841
9644,90219
9644,15956
9644,38798
9644,9239
9644,70600
9644,79067
9644,57837
9644,7025
9644,62224
9644,10692
9644,68857
9644,67747
9644,78591
9644,86833
9644,69125
9644,1829
9644,51097
9644,84135
9644,18445
9644,13278
9644,39058
9644,20445
9644,88089
9644,87993
9644,21831
9644,31910
9644,84551
9644,91043
9644,90650
9644,75733
9644,39496
9644,46196
9644,94637
9644,74088
9644,74888
60621,39243
60621,2885
60621,53926
60621,84230
60621,94649
60621,17253
60621,79668
60621,53643
60621,6420
60621,74649
60621,29838
60621,29759
60621,88731
60621,59121
60621,50306
60621,83129
60621,30965
60621,49372
60621,53548
60621,69427
60621,10564
60621,24302
60621,50136
60621,60979
60621,58914
60621,62725
60621,50426
60621,73733
60621,92155
60621,51055
60621,37570
60621,3193
60621,62803
60621,10079
60621,47172
60621,58143
60621,63014
60621,44043
60621,50055
60621,44582
60621,63866
60621,7685
60621,14531
60621,9891
60621,30614
60621,36215
60621,29884
60621,89332
60621,54361
60621,9915
60621,41019
60621,45177
60621,92548
60621,96678
60621,27522
60621,62153
60621,65472
60621,82707
60621,27199
60621,80887
60621,72188
60621,81052
60621,91374
60621,97287
60621,49424
60621,85606
60621,46828
60621,67349
60621,37212
60621,9031
60621,91314
60621,10042
60621,96149
60621,82847
60621,26544
60621,62943
60621,55319
60621,53770
60621,65295
60621,26761
60621,88953
60621,86161
60621,28935
60621,26618
60621,99792
60621,45841
60621,80842
60621,26074
60621,30170
60621,15956
60621,74988
60621,42987
60621,85542
60621,12104
60621,58617
60621,28714
60621,27266
60621,17354
60621,45185
60621,28799
60621,60730
60621,77942
60621,79515
60621,68857
60621,76147
60621,21855
60621,12599
60621,85225
60621,78591
60621,37106
60621,8536
60621,17736
60621,3913
60621,20762
60621,40557
60621,39993
60621,87993
60621,8697
60621,88486
60621,21831
60621,62826
60621,97567
60621,90034
60621,35093
60621,37735
60621,72466
60621,24072
60621,41543
60621,99757
60621,27660
60621,95796
60621,99454
60621,9169
60621,52638
60621,89967
60621,5062
60621,652
60621,30776
60621,74888
60621,33470
60621,7197
13274,97522
13274,2885
13274,73918
13274,12361
13274,88731
13274,73945
13274,90113
13274,59135
13274,10428
13274,66638
13274,55515
13274,1503
13274,81015
13274,51625
13274,11960
13274,79095
13274,64417
13274,58424
13274,87765
13274,46431
13274,62803
13274,68169
13274,51678
13274,64607
13274,82739
13274,51855
13274,44672
13274,89332
13274,46099
13274,94560
13274,39863
13274,42451
13274,13875
13274,41019
13274,63871
13274,98151
13274,65271
13274,13512
13274,3086
13274,34524
13274,42102
13274,30719
13274,81497
13274,90997
13274,22807
13274,57494
13274,43175
13274,21793
13274,92236
13274,80999
13274,91832
13274,54974
13274,65664
13274,5199
13274,11158
13274,15889
13274,4177
13274,59063
13274,40753
13274,16425
13274,13122
13274,81927
13274,39809
13274,84822
13274,53695
13274,61309
13274,58660
13274,47881
13274,52905
13274,13968
13274,75444
13274,19028
13274,53770
13274,93735
13274,86161
13274,14240
13274,92622
13274,56529
13274,90219
13274,95338
13274,12104
13274,76511
13274,19147
13274,64039
13274,9239
13274,17354
13274,44244
13274,6463
13274,78177
13274,98306
13274,18882
13274,78591
13274,93507
13274,33196
13274,13278
13274,27856
13274,39058
13274,20445
13274,88089
13274,62826
13274,2677
13274,91319
13274,52638
13274,90650
13274,90307
13274,16219
13274,88311
13274,47458
13274,89967
13274,51334
13274,46196
13274,68532
13274,49307
13274,74088
13274,33252
30472,90482
30472,40696
30472,97522
30472,39243
30472,46602
30472,50797
30472,69909
30472,73918
30472,99710
30472,74649
30472,15989
30472,40029
30472,36078
30472,43735
30472,20082
30472,90113
30472,61726
30472,81332
30472,44305
30472,95607
30472,7612
30472,22517
30472,34874
30472,55515
30472,1272
30472,92369
30472,49372
30472,46461
30472,39983
30472,53548
30472,69427
30472,25310
30472,79095
30472,93944
30472,10564
30472,50802
30472,8013
30472,43652
30472,38932
30472,68556
30472,46068
30472,35573
30472,47260
30472,7959
30472,59292
30472,87765
30472,76017
30472,69995
30472,50015
30472,82315
30472,36866
30472,73798
30472,65538
30472,39080
30472,51846
30472,30083
30472,78373
30472,41190
30472,4731
30472,46431
30472,88776
30472,40875
30472,26165
30472,29923
30472,10079
30472,22620
30472,51678
30472,86807
30472,44043
30472,3003
30472,62707
30472,7685
30472,76214
30472,28429
30472,80519
30472,49612
30472,29884
30472,97386
30472,92882
30472,51431
30472,71346
30472,80996
30472,30205
30472,13875
30472,65271
30472,1836
30472,6
30472,93016
30472,34524
30472,64775
30472,78765
30472,74600
30472,1608
30472,49806
30472,97475
30472,48489
30472,14421
30472,54129
30472,92236
30472,19451
30472,91832
30472,4071
30472,27455
30472,65664
30472,19091
30472,31024
30472,40584
30472,24070
30472,71128
30472,87269
30472,61524
30472,25706
30472,48391
30472,7021
30472,15718
30472,84595
30472,96472
30472,59063
30472,49424
30472,68416
30472,70511
30472,48430
30472,41743
30472,48756
30472,98521
30472,84822
30472,86997
30472,46828
30472,95970
30472,6816
30472,58660
30472,18276
30472,79870
30472,42819
30472,95408
30472,26544
30472,16012
30472,65295
30472,39383
30472,93735
30472,49068
30472,72659
30472,87456
30472,47187
30472,73704
30472,53495
30472,39501
30472,29682
30472,56529
30472,36296
30472,8982
30472,3588
30472,18845
30472,2997
30472,74988
30472,44976
30472,95265
30472,58617
30472,19147
30472,99290
30472,12237
30472,43946
30472,79067
30472,7025
30472,43746
30472,23664
30472,59783
30472,10353
30472,67747
30472,4925
30472,21855
30472,37787
30472,4312
30472,12599
30472,85225
30472,78591
30472,3101
30472,73386
30472,74499
30472,82993
30472,34076
30472,52708
30472,69125
30472,56407
30472,66713
30472,62851
30472,55334
30472,96402
30472,92100
30472,13278
30472,18218
30472,65896
30472,88089
30472,17526
30472,39993
30472,33450
30472,88486
30472,61825
30472,998
30472,65163
30472,18808
30472,24072
30472,52703
30472,65334
30472,63531
30472,61976
30472,52638
30472,13395
30472,89967
30472,51334
30472,46196
30472,80686
30472,652
30472,10958
30472,49307
30472,33470
30472,1711
30472,44128
94118,54084
94118,39885
94118,94791
94118,69909
94118,53643
94118,32818
94118,28680
94118,88731
94118,2126
94118,14210
94118,20082
94118,79650
94118,81332
94118,64451
94118,55515
94118,51625
94118,70392
94118,69427
94118,11960
94118,95763
94118,93944
94118,48196
94118,62725
94118,50015
94118,36162
94118,36866
94118,39080
94118,57289
94118,30083
94118,78373
94118,51055
94118,4731
94118,28105
94118,46431
94118,39274
94118,29923
94118,62803
94118,10079
94118,51678
94118,64607
94118,89624
94118,50055
94118,44672
94118,28429
94118,72277
94118,89332
94118,47066
94118,42451
94118,66501
94118,13875
94118,7315
94118,19581
94118,62905
94118,38505
94118,82969
94118,3086
94118,27254
94118,30860
94118,30719
94118,19897
94118,92866
94118,13285
94118,57494
94118,34924
94118,16722
94118,99057
94118,46692
94118,21092
94118,51810
94118,5199
94118,19091
94118,29358
94118,94363
94118,59054
94118,91374
94118,70511
94118,87941
94118,71951
94118,66004
94118,81927
94118,96507
94118,85606
94118,47292
94118,59338
94118,86997
94118,61309
94118,89757
94118,9621
94118,95408
94118,75444
94118,11733
94118,19028
94118,9076
94118,93735
94118,21026
94118,87379
94118,37840
94118,39501
94118,36296
94118,90219
94118,80842
94118,6594
94118,48302
94118,76327
94118,87505
94118,78995
94118,95265
94118,12104
94118,56747
94118,62837
94118,66626
94118,37372
94118,29040
94118,6090
94118,13613
94118,17354
94118,7025
94118,71663
94118,81307
94118,62224
94118,67747
94118,1674
94118,76147
94118,75529
94118,4312
94118,98306
94118,78591
94118,57242
94118,37106
94118,97900
94118,18841
94118,55334
94118,32176
94118,92100
94118,43081
94118,39310
94118,18218
94118,38591
94118,20445
94118,88089
94118,29290
94118,33450
94118,21831
94118,99473
94118,91319
94118,99454
94118,35240
94118,91043
94118,90307
94118,88311
94118,66677
94118,47458
94118,39496
94118,94637
94118,652
94118,74088
94118,1711
21244,84844
21244,54084
21244,41477
21244,97522
21244,50797
21244,90965
21244,53643
21244,32818
21244,74649
21244,65887
21244,63867
21244,29759
21244,20082
21244,8980
21244,43092
21244,3545
21244,95607
21244,87810
21244,66638
21244,1272
21244,91713
21244,49372
21244,36458
21244,53548
21244,39079
21244,25310
21244,95594
21244,24302
21244,50136
21244,49983
21244,38932
21244,46068
21244,1795
21244,60979
21244,7959
21244,62725
21244,58245
21244,9150
21244,30083
21244,88776
21244,3193
21244,78824
21244,26165
21244,3617
21244,13748
21244,47172
21244,66992
21244,83365
21244,44672
21244,63866
21244,27671
21244,3228
21244,90375
21244,18765
21244,36215
21244,91
21244,16081
21244,5949
21244,63951
21244,20562
21244,42451
21244,97323
21244,82969
21244,86289
21244,96678
21244,78765
21244,81497
21244,27522
21244,70282
21244,92866
21244,64747
21244,22807
21244,1608
21244,34924
21244,27199
21244,96691
21244,80887
21244,99057
21244,62515
21244,7926
21244,99162
21244,18674
21244,31024
21244,40584
21244,71128
21244,12242
21244,15889
21244,88950
21244,113
21244,48898
21244,7021
21244,84595
21244,24234
21244,42635
21244,3793
21244,59114
21244,73346
21244,13122
21244,50883
21244,48756
21244,98521
21244,26261
21244,81927
21244,13705
21244,74421
21244,59338
21244,58660
21244,10042
21244,60670
21244,15096
21244,42819
21244,62943
21244,19028
21244,4272
21244,53770
21244,65295
21244,26761
21244,88953
21244,9588
21244,55587
21244,73704
21244,28935
21244,81743
21244,36296
21244,47884
21244,62293
21244,70167
21244,30170
21244,71569
21244,58578
21244,69725
21244,42923
21244,85542
21244,58617
21244,3
21244,28714
21244,27266
21244,37372
21244,7339
21244,50519
21244,43946
21244,79589
21244,57837
21244,6090
21244,17354
21244,4027
21244,51956
21244,61573
21244,77942
21244,21683
21244,79515
21244,11038
21244,48609
21244,1674
21244,2584
21244,59844
21244,12599
21244,3101
21244,8536
21244,93507
21244,3913
21244,40938
21244,16758
21244,72270
21244,56489
21244,11238
21244,96402
21244,13278
21244,43081
21244,33249
21244,39058
21244,20445
21244,69661
21244,49957
21244,74594
21244,998
21244,65163
21244,2677
21244,37735
21244,72466
21244,84551
21244,85038
21244,99757
21244,16216
21244,52703
21244,18064
21244,35240
21244,89249
21244,9320
21244,73539
21244,42374
21244,80759
21244,61976
21244,52638
21244,90650
21244,19794
21244,16219
21244,65114
21244,89096
21244,90808
21244,1318
21244,46196
21244,80686
21244,652
21244,10958
21244,33470
21244,80200
21244,44128
21244,59530
21244,7197
21244,97957
46949,94791
46949,53926
46949,84230
46949,96311
46949,15989
46949,63867
46949,14613
46949,84178
46949,37624
46949,14340
46949,59135
46949,50306
46949,43092
46949,3545
46949,39824
46949,92369
46949,82241
46949,39983
46949,39079
46949,11960
46949,78355
46949,95763
46949,95594
46949,64417
46949,24302
46949,88384
46949,59292
46949,87765
46949,42452
46949,36162
46949,36866
46949,58245
46949,73733
46949,65538
46949,57289
46949,4731
46949,78824
46949,3617
46949,10079
46949,62704
46949,23385
46949,43461
46949,89624
46949,8309
46949,3003
46949,44582
46949,82739
46949,39301
46949,44672
46949,98684
46949,30883
46949,29628
46949,474
46949,80519
46949,89332
46949,46099
46949,71870
46949,34053
46949,70954
46949,30205
46949,42451
46949,66501
46949,31336
46949,41019
46949,85851
46949,92548
46949,34524
46949,27254
46949,30719
46949,86289
46949,19897
46949,23594
46949,70282
46949,24548
46949,91223
46949,57494
46949,97475
46949,34924
46949,3924
46949,19487
46949,99057
46949,83163
46949,99162
46949,79278
46949,80999
46949,43003
46949,54974
46949,27455
46949,18030
46949,66075
46949,80321
46949,31024
46949,12242
46949,95994
46949,24234
46949,29822
46949,96472
46949,59063
46949,73295
46949,62444
46949,50883
46949,85606
46949,19152
46949,46828
46949,61309
46949,46428
46949,6525
46949,96149
46949,47881
46949,57173
46949,34016
46949,21036
46949,26544
46949,62943
46949,14765
46949,14425
46949,39383
46949,55639
46949,9588
46949,72659
46949,47187
46949,78675
46949,39888
46949,26618
46949,47884
46949,80842
46949,93464
46949,95853
46949,6594
46949,48302
46949,76793
46949,15956
46949,58578
46949,78995
46949,6856
46949,38798
46949,76511
46949,83902
46949,56359
46949,99290
46949,10343
46949,27266
46949,79589
46949,31580
46949,50307
46949,4027
46949,62224
46949,77942
46949,61326
46949,67009
46949,36956
46949,67747
46949,98306
46949,18882
46949,4232
46949,12599
46949,3101
46949,37106
46949,97900
46949,17736
46949,40938
46949,74499
46949,82993
46949,77844
46949,51097
46949,5059
46949,61238
46949,62851
46949,96402
46949,18445
46949,43081
46949,39058
46949,17185
46949,38591
46949,49957
46949,88486
46949,998
46949,97567
46949,97754
46949,90034
46949,85617
46949,2677
46949,18808
46949,99757
46949,99473
46949,16291
46949,92282
46949,52703
46949,12515
46949,86447
46949,13373
46949,63531
46949,89249
46949,30692
46949,37022
46949,64575
46949,13395
46949,39496
46949,51334
46949,85528
46949,30776
46949,74088
46949,1711
46949,7197
8127,84844
8127,54084
8127,39243
8127,53926
8127,11003
8127,98122
8127,16021
8127,81332
8127,3545
8127,22517
8127,91713
8127,70434
8127,49372
8127,39983
8127,78355
8127,25310
8127,36875
8127,24302
8127,38932
8127,48196
8127,6510
8127,7959
8127,58914
8127,72149
8127,60388
8127,60211
8127,9150
8127,41190
8127,11125
8127,40875
8127,51710
8127,3617
8127,10079
8127,89624
8127,94556
8127,26030
8127,44582
8127,13914
8127,27671
8127,29628
8127,80519
8127,17936
8127,49612
8127,30205
8127,50886
8127,46061
8127,92655
8127,38505
8127,93016
8127,3086
8127,27254
8127,30719
8127,64775
8127,19897
8127,96678
8127,81497
8127,17740
8127,64747
8127,85293
8127,43175
8127,65472
8127,16722
8127,14290
8127,36838
8127,54129
8127,83163
8127,18674
8127,36854
8127,80999
8127,4071
8127,58876
8127,54974
8127,5199
8127,18030
8127,29358
8127,31024
8127,86538
8127,45216
8127,22110
8127,88950
8127,4177
8127,44313
8127,34808
8127,16425
8127,73295
8127,47292
8127,19152
8127,86997
8127,29982
8127,46828
8127,6525
8127,68658
8127,96149
8127,15096
8127,42819
8127,26544
8127,16012
8127,14425
8127,55639
8127,1349
8127,86161
8127,9053
8127,73704
8127,37840
8127,53495
8127,78675
8127,20149
8127,8982
8127,75375
8127,28136
8127,15956
8127,74988
8127,35999
8127,44976
8127,70254
8127,69725
8127,95265
8127,42923
8127,38798
8127,38211
8127,58617
8127,19147
8127,63028
8127,99290
8127,28714
8127,27266
8127,50519
8127,29040
8127,6927
8127,6815
8127,79589
8127,38589
8127,50307
8127,61573
8127,60730
8127,77942
8127,61326
8127,11038
8127,63620
8127,96932
8127,76147
8127,78177
8127,75529
8127,37787
8127,4312
8127,78591
8127,97900
8127,55184
8127,40938
8127,16758
8127,67921
8127,10188
8127,60549
8127,73855
8127,66713
8127,62851
8127,82741
8127,43081
8127,28112
8127,20445
8127,88089
8127,88486
8127,61825
8127,998
8127,90034
8127,4809
8127,16291
8127,12515
8127,95796
8127,18064
8127,89249
8127,53352
8127,93387
8127,73873
8127,90650
8127,53056
8127,16219
8127,95180
8127,17930
8127,66677
8127,39496
8127,35079
8127,90808
8127,94637
8127,652
8127,30776
8127,33252
8127,52110
8127,80200
51883,90482
51883,41477
51883,2885
51883,70994
51883,73918
51883,53643
51883,25155
51883,50306
51883,70434
51883,46461
51883,69427
51883,25310
51883,95763
51883,8013
51883,35573
51883,29210
51883,7959
51883,58914
51883,92155
51883,65681
51883,47172
51883,13914
51883,29628
51883,90375
51883,78983
51883,17936
51883,14531
51883,49612
51883,47722
51883,47066
51883,12812
51883,6346
51883,92655
51883,49679
51883,14421
51883,18674
51883,43003
51883,4071
51883,58876
51883,54974
51883,51810
51883,19091
51883,66075
51883,12242
51883,88950
51883,48391
51883,91374
51883,47003
51883,73295
51883,85606
51883,37212
51883,61309
51883,58660
51883,47881
51883,60670
51883,95408
51883,55319
51883,14425
51883,21026
51883,39501
51883,78675
51883,84280
51883,47884
51883,80842
51883,95853
51883,6594
51883,8982
51883,95995
51883,21334
51883,38211
51883,19147
51883,18165
51883,9239
51883,29040
51883,70600
51883,13613
51883,61573
51883,57967
51883,10692
51883,45770
51883,67747
51883,63777
51883,63620
51883,4925
51883,78591
51883,57242
51883,60228
51883,72598
51883,3913
51883,69125
51883,60549
51883,18841
51883,61238
51883,18445
51883,92100
51883,82741
51883,18218
51883,38591
51883,40557
51883,29290
51883,39993
51883,42982
51883,4809
51883,99473
51883,95796
51883,13373
51883,99454
51883,82704
51883,19794
51883,80572
51883,17930
51883,66677
51883,85528
51883,49307
51883,33252
51883,52110
58852,97522
58852,70994
58852,90965
58852,99710
58852,36078
58852,14210
58852,73945
58852,61726
58852,59135
58852,50306
58852,81332
58852,22517
58852,66638
58852,1503
58852,49372
58852,36458
58852,70392
58852,39983
58852,53548
58852,11960
58852,25310
58852,87781
58852,74059
58852,49983
58852,65268
58852,58424
58852,47260
58852,7959
58852,58914
58852,76017
58852,69995
58852,36162
58852,60211
58852,11153
58852,51846
58852,78373
58852,11125
58852,77441
58852,60090
58852,86807
58852,43461
58852,69711
58852,62707
58852,98684
58852,76214
58852,80519
58852,14531
58852,47066
58852,65304
58852,39863
58852,30205
58852,74853
58852,9915
58852,34274
58852,62905
58852,6346
58852,3086
58852,81497
58852,27522
58852,92866
58852,78229
58852,13285
58852,64747
58852,2500
58852,26935
58852,49806
58852,97475
58852,21793
58852,96691
58852,28928
58852,99057
58852,83163
58852,5199
58852,66075
58852,82093
58852,86538
58852,45216
58852,32541
58852,15889
58852,88161
58852,88950
58852,53881
58852,15718
58852,3793
58852,68416
58852,48430
58852,98521
58852,81927
58852,96507
58852,85606
58852,47292
58852,79834
58852,9031
58852,6525
58852,58660
58852,15096
58852,42819
58852,5943
58852,36851
58852,76900
58852,13968
58852,19028
58852,55319
58852,14425
58852,9588
58852,87456
58852,92622
58852,99792
58852,47884
58852,93464
58852,95853
58852,6594
58852,48302
58852,76793
58852,84622
58852,42987
58852,42923
58852,8796
58852,30481
58852,64039
58852,27266
58852,7339
58852,29040
58852,70600
58852,50307
58852,78665
58852,7025
58852,43746
58852,94730
58852,57967
58852,62224
58852,67747
58852,63777
58852,48609
58852,63620
58852,75529
58852,37787
58852,4312
58852,37106
58852,60228
58852,29704
58852,33196
58852,56407
58852,18445
58852,33249
58852,20445
58852,84098
58852,69661
58852,9835
58852,87993
58852,8697
58852,998
58852,65163
58852,85617
58852,18808
58852,4809
58852,99473
58852,27660
58852,12515
58852,91319
58852,63531
58852,93387
58852,9169
58852,78277
58852,90307
58852,90085
58852,88311
58852,17930
58852,89096
58852,32666
58852,20515
58852,25838
58852,30776
58852,33470
58852,44128
61228,1064
61228,53926
61228,69909
61228,29759
61228,94916
61228,43092
61228,3545
61228,81015
61228,10564
61228,24302
61228,50136
61228,58424
61228,47260
61228,59292
61228,73733
61228,51451
61228,3193
61228,60090
61228,3617
61228,13748
61228,62704
61228,23385
61228,8309
61228,16897
61228,13914
61228,30883
61228,16081
61228,5949
61228,34053
61228,54361
61228,1862
61228,9915
61228,50886
61228,46061
61228,42102
61228,30719
61228,86289
61228,96678
61228,21230
61228,26935
61228,62153
61228,1608
61228,16722
61228,83163
61228,43003
61228,31024
61228,71128
61228,94363
61228,28495
61228,7021
61228,24234
61228,55814
61228,96507
61228,84822
61228,29982
61228,82814
61228,58951
61228,10042
61228,82847
61228,34016
61228,62943
61228,4272
61228,53770
61228,93735
61228,86161
61228,47187
61228,73704
61228,53495
61228,92622
61228,39501
61228,78675
61228,99792
61228,63297
61228,6594
61228,8982
61228,28136
61228,15956
61228,35999
61228,58578
61228,97247
61228,6856
61228,44348
61228,70600
61228,45185
61228,12407
61228,44244
61228,48609
61228,96932
61228,21855
61228,37787
61228,3101
61228,72568
61228,17736
61228,90546
61228,67921
61228,72270
61228,56489
61228,18841
61228,84135
61228,42982
61228,88486
61228,61825
61228,97567
61228,99473
61228,92282
61228,9320
61228,91043
61228,90650
61228,10958
61228,52110
61228,33470
15987,1064
15987,46602
15987,50797
15987,74649
15987,96311
15987,65887
15987,14613
15987,59121
15987,94916
15987,72594
15987,81015
15987,46159
15987,36162
15987,40875
15987,10079
15987,23385
15987,63014
15987,8309
15987,44582
15987,98684
15987,3228
15987,29628
15987,30614
15987,16081
15987,89332
15987,5949
15987,46061
15987,64775
15987,27522
15987,64747
15987,62153
15987,46692
15987,89459
15987,53881
15987,29822
15987,97287
15987,42635
15987,73295
15987,73346
15987,34016
15987,93735
15987,26761
15987,47187
15987,53495
15987,6594
15987,15956
15987,76511
15987,63028
15987,27266
15987,70600
15987,6815
15987,61025
15987,45185
15987,77841
15987,12407
15987,61326
15987,79515
15987,48609
15987,76147
15987,59844
15987,78591
15987,3913
15987,67921
15987,52708
15987,28112
15987,88486
15987,90034
15987,82704
15987,47458
15987,46196
21963,84844
21963,54084
21963,28620
21963,90965
21963,79650
21963,50306
21963,34874
21963,83129
21963,92369
21963,81015
21963,51625
21963,46461
21963,38932
21963,48196
21963,62725
21963,69995
21963,92155
21963,39080
21963,4731
21963,88776
21963,77441
21963,26405
21963,47172
21963,43461
21963,62707
21963,14531
21963,18765
21963,47722
21963,97386
21963,12812
21963,65304
21963,54361
21963,20562
21963,70954
21963,39863
21963,66326
21963,9915
21963,84441
21963,6
21963,97323
21963,3086
21963,42102
21963,92866
21963,24548
21963,13285
21963,57494
21963,14290
21963,54129
21963,53082
21963,82093
21963,40584
21963,71128
21963,95994
21963,48391
21963,59054
21963,37512
21963,70511
21963,96507
21963,59338
21963,84822
21963,37212
21963,89757
21963,8669
21963,91314
21963,11733
21963,1349
21963,88953
21963,86161
21963,84280
21963,80842
21963,30170
21963,35999
21963,99173
21963,95265
21963,62837
21963,76511
21963,29040
21963,57837
21963,50307
21963,48745
21963,94730
21963,81307
21963,45770
21963,76147
21963,37787
21963,12599
21963,29704
21963,74499
21963,7536
21963,74722
21963,1829
21963,73855
21963,56407
21963,57589
21963,82741
21963,43081
21963,18218
21963,39058
21963,20445
21963,48933
21963,49957
21963,45696
21963,87993
21963,68607
21963,21831
21963,2677
21963,84551
21963,41543
21963,4809
21963,85038
21963,95796
21963,99454
21963,42374
21963,19794
21963,90307
21963,66677
21963,89096
21963,25838
21963,652
21963,1711
2425,41477
2425,39885
2425,84230
2425,73918
2425,17253
2425,53643
2425,32818
2425,74649
2425,37711
2425,15989
2425,91845
2425,49558
2425,61726
2425,87030
2425,50306
2425,43092
2425,3805
2425,10428
2425,64451
2425,70392
2425,46461
2425,25310
2425,38932
2425,1795
2425,29210
2425,7959
2425,50015
2425,98463
2425,36866
2425,73445
2425,24848
2425,41435
2425,51710
2425,3617
2425,62803
2425,2418
2425,87239
2425,23385
2425,86807
2425,89624
2425,97872
2425,8309
2425,69711
2425,44582
2425,39301
2425,98684
2425,474
2425,78983
2425,80519
2425,49195
2425,30614
2425,29884
2425,97386
2425,8862
2425,5949
2425,68964
2425,70954
2425,1862
2425,34274
2425,19581
2425,6346
2425,3086
2425,34524
2425,30860
2425,42102
2425,25460
2425,81497
2425,90997
2425,70282
2425,64747
2425,62153
2425,16722
2425,74365
2425,14290
2425,80887
2425,99057
2425,21092
2425,43003
2425,65432
2425,4071
2425,5199
2425,66075
2425,98615
2425,22110
2425,87269
2425,61524
2425,88950
2425,53881
2425,48391
2425,48898
2425,12138
2425,7021
2425,24234
2425,84024
2425,42635
2425,42723
2425,47003
2425,41743
2425,26261
2425,81927
2425,55814
2425,6816
2425,9031
2425,6525
2425,96149
2425,47881
2425,82639
2425,76900
2425,21947
2425,4272
2425,47820
2425,21026
2425,26761
2425,49068
2425,72659
2425,87456
2425,73704
2425,37840
2425,28935
2425,81743
2425,29682
2425,99792
2425,93464
2425,70167
2425,6594
2425,35999
2425,69725
2425,95265
2425,21334
2425,8796
2425,58159
2425,84083
2425,18165
2425,27266
2425,37372
2425,9239
2425,29040
2425,43946
2425,50307
2425,78665
2425,48790
2425,94730
2425,61326
2425,21683
2425,19851
2425,22436
2425,8628
2425,4312
2425,98306
2425,4232
2425,78591
2425,86833
2425,97900
2425,90546
2425,16758
2425,52708
2425,11238
2425,51097
2425,66713
2425,13278
2425,28112
2425,69661
2425,49957
2425,9835
2425,8697
2425,68607
2425,61825
2425,998
2425,97567
2425,65163
2425,35093
2425,18808
2425,84551
2425,65334
2425,53352
2425,30692
2425,93387
2425,61976
2425,10059
2425,90808
2425,94637
2425,10958
2425,30776
2425,33252
2425,80200
17371,84844
17371,12376
17371,54084
17371,97522
17371,2885
17371,46602
17371,50797
17371,94791
17371,28620
17371,69909
17371,84230
17371,79668
17371,32818
17371,57372
17371,29838
17371,37711
17371,91845
17371,49558
17371,88731
17371,40029
17371,2126
17371,14210
17371,84178
17371,98122
17371,37624
17371,14340
17371,61726
17371,87030
17371,34874
17371,66638
17371,92369
17371,70434
17371,39079
17371,11960
17371,87781
17371,59176
17371,10564
17371,76581
17371,89592
17371,43652
17371,68556
17371,8287
17371,6510
17371,7959
17371,88384
17371,24848
17371,22340
17371,73798
17371,92155
17371,65538
17371,51846
17371,30083
17371,51055
17371,11125
17371,70782
17371,39274
17371,3617
17371,26405
17371,58143
17371,63014
17371,89624
17371,66992
17371,94556
17371,44672
17371,2820
17371,29628
17371,78983
17371,80519
17371,67649
17371,17936
17371,49612
17371,49195
17371,18765
17371,36215
17371,47722
17371,48721
17371,28110
17371,12812
17371,54361
17371,84786
17371,30205
17371,42451
17371,9915
17371,66501
17371,45177
17371,34274
17371,50886
17371,19581
17371,65271
17371,3086
17371,1332
17371,30860
17371,25460
17371,17740
17371,23594
17371,27522
17371,43175
17371,1608
17371,48489
17371,28928
17371,99162
17371,80999
17371,33181
17371,53082
17371,4071
17371,65746
17371,54974
17371,65664
17371,19091
17371,66075
17371,82093
17371,31024
17371,45216
17371,1198
17371,88161
17371,28495
17371,88950
17371,24234
17371,40753
17371,91374
17371,97287
17371,63663
17371,42723
17371,49424
17371,59114
17371,71951
17371,62444
17371,73346
17371,50883
17371,66004
17371,39809
17371,59338
17371,29982
17371,58951
17371,89757
17371,91314
17371,68658
17371,47212
17371,47881
17371,60670
17371,79870
17371,11766
17371,21036
17371,42819
17371,5943
17371,36851
17371,13968
17371,4272
17371,55319
17371,53770
17371,11775
17371,39383
17371,39351
17371,26761
17371,9588
17371,72659
17371,73704
17371,59113
17371,28935
17371,81743
17371,39501
17371,45841
17371,63297
17371,93464
17371,48302
17371,8982
17371,3588
17371,76793
17371,28136
17371,15956
17371,74988
17371,26638
17371,78995
17371,6856
17371,38798
17371,56747
17371,70679
17371,58617
17371,3
17371,19147
17371,63028
17371,64039
17371,18165
17371,73973
17371,37372
17371,79067
17371,78665
17371,45185
17371,51956
17371,77964
17371,59783
17371,81307
17371,77942
17371,67009
17371,21683
17371,45770
17371,10353
17371,4925
17371,8628
17371,78591
17371,3101
17371,92503
17371,97900
17371,8536
17371,93507
17371,17736
17371,76145
17371,40938
17371,7536
17371,60549
17371,11238
17371,6374
17371,62851
17371,32176
17371,92100
17371,27856
17371,17185
17371,38591
17371,49957
17371,29290
17371,9835
17371,33450
17371,88486
17371,68607
17371,61825
17371,97567
17371,2677
17371,72466
17371,84551
17371,24072
17371,41543
17371,4809
17371,92966
17371,91319
17371,86447
17371,53352
17371,73539
17371,13395
17371,78277
17371,19794
17371,16219
17371,90085
17371,88311
17371,17930
17371,65114
17371,32666
17371,25838
17371,5062
17371,74088
17371,33252
17371,97957
22978,84844
22978,50797
22978,12999
22978,69909
22978,17253
22978,99710
22978,53643
22978,49558
22978,37624
22978,20082
22978,59135
22978,77939
22978,72594
22978,66638
22978,55515
22978,1272
22978,82241
22978,69427
22978,95763
22978,89592
22978,54857
22978,36162
22978,73798
22978,60211
22978,41190
22978,39491
22978,22648
22978,4731
22978,3617
22978,23385
22978,58143
22978,66992
22978,83365
22978,50055
22978,62707
22978,13148
22978,17936
22978,47066
22978,12812
22978,63951
22978,54361
22978,50886
22978,19581
22978,65271
22978,22799
22978,43175
22978,36838
22978,83163
22978,31024
22978,45216
22978,113
22978,48898
22978,59054
22978,42635
22978,87941
22978,85606
22978,84822
22978,54466
22978,21026
22978,99792
22978,36296
22978,80842
22978,63297
22978,48302
22978,8982
22978,76793
22978,28136
22978,44976
22978,58578
22978,26638
22978,95265
22978,42923
22978,73973
22978,37372
22978,6090
22978,45185
22978,43746
22978,48790
22978,94730
22978,12407
22978,77942
22978,45770
22978,22436
22978,67747
22978,63777
22978,97900
22978,45506
22978,69125
22978,74722
22978,18841
22978,62851
22978,13278
22978,39310
22978,28282
22978,29290
22978,45696
22978,88486
22978,68607
22978,35093
22978,84551
22978,37022
22978,93387
22978,90650
22978,53056
22978,19794
22978,10059
22978,25838
22978,90808
22978,697
22978,59530
22978,7197
92155,2885
92155,39885
92155,28620
92155,90965
92155,84230
92155,99322
92155,79668
92155,32818
92155,37605
92155,43561
92155,14613
92155,88731
92155,40029
92155,43735
92155,73945
92155,37624
92155,50306
92155,81332
92155,3545
92155,95607
92155,7612
92155,22517
92155,10428
92155,55515
92155,1272
92155,92369
92155,70434
92155,49372
92155,81015
92155,46159
92155,46461
92155,93944
92155,50802
92155,89592
92155,38932
92155,1795
92155,72149
92155,76017
92155,50015
92155,50426
92155,4731
92155,11125
92155,88776
92155,29923
92155,3617
92155,13748
92155,22620
92155,47172
92155,97893
92155,16897
92155,13914
92155,62707
92155,2820
92155,29628
92155,49612
92155,9891
92155,91
92155,71870
92155,12812
92155,68964
92155,20562
92155,70954
92155,30205
92155,74853
92155,13875
92155,45177
92155,85851
92155,92655
92155,6
92155,92548
92155,1332
92155,42102
92155,17740
92155,23594
92155,74600
92155,70282
92155,24548
92155,13285
92155,64747
92155,62153
92155,34924
92155,84059
92155,27199
92155,28928
92155,14290
92155,80887
92155,36838
92155,75147
92155,62515
92155,33181
92155,65432
92155,58876
92155,27455
92155,5199
92155,18030
92155,66075
92155,82093
92155,45216
92155,98615
92155,71128
92155,15889
92155,28495
92155,7021
92155,84595
92155,29822
92155,59054
92155,42635
92155,16425
92155,68416
92155,70511
92155,87941
92155,48430
92155,73346
92155,66004
92155,48756
92155,81927
92155,55814
92155,13705
92155,85606
92155,59338
92155,82814
92155,61309
92155,46428
92155,8669
92155,18276
92155,57173
92155,15096
92155,11766
92155,72410
92155,5943
92155,62943
92155,36851
92155,76900
92155,4272
92155,11775
92155,39351
92155,55639
92155,49068
92155,37840
92155,59113
92155,53495
92155,14240
92155,39888
92155,45841
92155,90219
92155,80842
92155,63297
92155,95338
92155,3588
92155,76793
92155,18845
92155,76327
92155,74988
92155,99173
92155,62837
92155,38211
92155,64039
92155,37372
92155,7339
92155,50519
92155,9239
92155,79067
92155,6090
92155,45185
92155,94730
92155,77964
92155,23664
92155,60730
92155,59783
92155,24497
92155,11038
92155,19851
92155,10353
92155,44244
92155,78177
92155,2584
92155,59844
92155,4232
92155,37106
92155,76145
92155,49233
92155,82993
92155,49942
92155,51097
92155,5059
92155,73855
92155,6374
92155,55334
92155,18445
92155,92100
92155,27856
92155,39310
92155,18218
92155,28112
92155,39058
92155,17185
92155,20445
92155,40557
92155,88089
92155,17526
92155,29290
92155,9835
92155,74594
92155,79138
92155,33450
92155,8697
92155,42982
92155,21831
92155,97567
92155,90034
92155,2677
92155,35093
92155,18808
92155,37735
92155,24072
92155,92966
92155,16291
92155,27660
92155,12515
92155,10424
92155,13373
92155,63531
92155,35240
92155,64575
92155,52638
92155,78277
92155,19794
92155,17930
92155,10059
92155,39496
92155,51334
92155,25838
92155,90808
92155,25417
92155,74888
92155,97957
68854,84844
68854,12376
68854,50797
68854,28620
68854,53926
68854,69909
68854,84230
68854,94649
68854,43561
68854,15989
68854,40029
68854,36078
68854,43735
68854,14210
68854,84178
68854,59135
68854,87030
68854,79650
68854,81332
68854,43092
68854,7612
68854,34874
68854,1503
68854,92369
68854,81015
68854,70392
68854,39079
68854,20460
68854,10564
68854,10563
68854,5957
68854,8287
68854,1795
68854,47260
68854,98463
68854,73798
68854,60211
68854,51846
68854,4731
68854,77441
68854,3193
68854,29923
68854,62803
68854,26405
68854,7697
68854,63014
68854,3003
68854,51855
68854,28429
68854,474
68854,6262
68854,36215
68854,47722
68854,12812
68854,63951
68854,51431
68854,71346
68854,70954
68854,84786
68854,13875
68854,41019
68854,7315
68854,98151
68854,62905
68854,38505
68854,6
68854,13512
68854,92548
68854,1332
68854,27254
68854,96678
68854,81497
68854,17740
68854,49679
68854,23594
68854,74600
68854,92866
68854,64747
68854,2500
68854,23525
68854,48489
68854,82707
68854,14421
68854,74365
68854,14290
68854,80887
68854,83163
68854,79278
68854,53082
68854,51810
68854,34523
68854,66075
68854,86538
68854,40584
68854,71128
68854,81052
68854,12242
68854,88161
68854,53881
68854,7021
68854,15718
68854,59063
68854,40753
68854,63663
68854,42723
68854,3793
68854,49424
68854,63042
68854,70511
68854,71951
68854,56254
68854,50883
68854,66004
68854,98521
68854,19152
68854,48612
68854,37212
68854,79834
68854,89757
68854,96149
68854,9621
68854,15096
68854,62943
68854,76900
68854,14765
68854,16012
68854,19028
68854,11775
68854,9076
68854,88953
68854,55587
68854,87456
68854,47187
68854,73704
68854,53495
68854,41473
68854,14240
68854,78675
68854,56529
68854,20149
68854,80842
68854,26074
68854,8982
68854,75375
68854,76327
68854,2997
68854,74988
68854,44976
68854,87505
68854,26638
68854,42987
68854,78995
68854,38798
68854,56747
68854,62837
68854,66626
68854,18165
68854,43946
68854,38589
68854,13613
68854,48745
68854,85262
68854,17354
68854,78665
68854,7025
68854,43746
68854,94730
68854,90275
68854,28799
68854,64317
68854,81307
68854,24497
68854,45770
68854,19851
68854,10353
68854,44244
68854,48609
68854,78177
68854,37787
68854,4312
68854,98306
68854,59844
68854,78591
68854,3101
68854,92503
68854,72568
68854,76145
68854,49233
68854,69125
68854,1829
68854,73855
68854,56407
68854,55334
68854,18445
68854,43081
68854,18218
68854,39058
68854,38591
68854,28282
68854,20445
68854,84098
68854,69661
68854,48933
68854,49957
68854,998
68854,97567
68854,65163
68854,31910
68854,41543
68854,4809
68854,85038
68854,30568
68854,92966
68854,52703
68854,95796
68854,18064
68854,30692
68854,93387
68854,80759
68854,9169
68854,90307
68854,17930
68854,47458
68854,10059
68854,20515
68854,51334
68854,25838
68854,74888
68854,1711
68854,59530
68854,7197
17543,90482
17543,39243
17543,70994
17543,94791
17543,73918
17543,7612
17543,50136
17543,38932
17543,60979
17543,58914
17543,42452
17543,58245
17543,78373
17543,11125
17543,40875
17543,26405
17543,29628
17543,36215
17543,8862
17543,63951
17543,80996
17543,50886
17543,46061
17543,3086
17543,86289
17543,49679
17543,63112
17543,14290
17543,36838
17543,43003
17543,80321
17543,32541
17543,24070
17543,88950
17543,113
17543,25316
17543,74421
17543,46828
17543,67349
17543,54466
17543,47881
17543,11766
17543,14425
17543,65295
17543,9588
17543,59817
17543,78675
17543,12237
17543,7025
17543,36956
17543,10353
17543,4925
17543,8536
17543,60549
17543,18841
17543,69661
17543,97754
17543,4809
17543,65334
17543,36323
17543,9169
17543,16219
17543,88311
17543,5062
17543,94637
17543,10958
17543,74888
58909,84844
58909,40696
58909,54084
58909,94649
58909,53643
58909,25155
58909,37711
58909,63867
58909,2126
58909,43735
58909,87030
58909,95607
58909,1272
58909,36458
58909,69427
58909,39079
58909,87781
58909,36875
58909,93944
58909,68556
58909,8287
58909,29210
58909,7959
58909,88384
58909,87765
58909,36866
58909,57289
58909,11125
58909,88776
58909,3617
58909,68169
58909,26405
58909,62704
58909,51678
58909,47172
58909,97872
58909,72277
58909,67649
58909,16081
58909,89332
58909,5949
58909,39863
58909,13875
58909,34274
58909,38505
58909,6
58909,34524
58909,78765
58909,81497
58909,90997
58909,27522
58909,74600
58909,92866
58909,64747
58909,22807
58909,43175
58909,26935
58909,49806
58909,82707
58909,16722
58909,28928
58909,80887
58909,46692
58909,7926
58909,91832
58909,65432
58909,18030
58909,1198
58909,61524
58909,113
58909,37195
58909,15718
58909,59063
58909,59054
58909,42635
58909,37654
58909,49424
58909,13122
58909,50883
58909,85606
58909,39809
58909,84822
58909,72364
58909,68658
58909,82847
58909,9621
58909,15096
58909,34016
58909,26544
58909,62943
58909,14765
58909,93735
58909,49068
58909,87379
58909,28935
58909,14240
58909,56529
58909,99792
58909,20149
58909,80842
58909,93464
58909,30170
58909,6594
58909,3588
58909,71569
58909,2997
58909,74988
58909,95265
58909,6856
58909,62837
58909,30481
58909,99290
58909,64039
58909,9239
58909,50307
58909,90275
58909,28799
58909,77841
58909,19851
58909,63620
58909,6463
58909,76147
58909,4312
58909,78591
58909,3101
58909,72568
58909,29704
58909,49942
58909,34076
58909,7536
58909,74722
58909,5059
58909,6374
58909,84135
58909,27856
58909,28112
58909,39058
58909,28282
58909,84098
58909,998
58909,2677
58909,37735
58909,41543
58909,4809
58909,99473
58909,16291
58909,10424
58909,86447
58909,99454
58909,82704
58909,53056
58909,10059
58909,89967
58909,39496
58909,5062
58909,49307
58909,33470
58909,97957
71702,54084
71702,1064
71702,28620
71702,84230
71702,73918
71702,74649
71702,96311
71702,43561
71702,65887
71702,91845
71702,63867
71702,40029
71702,36078
71702,2126
71702,50306
71702,81332
71702,3545
71702,7612
71702,64451
71702,66638
71702,91713
71702,46461
71702,53548
71702,69427
71702,39079
71702,11960
71702,79095
71702,95763
71702,38335
71702,50802
71702,64417
71702,5957
71702,38932
71702,46068
71702,1795
71702,58914
71702,69995
71702,36162
71702,92155
71702,39491
71702,51451
71702,4731
71702,78824
71702,51710
71702,87239
71702,62704
71702,47172
71702,86807
71702,69711
71702,98684
71702,2820
71702,30883
71702,29628
71702,17936
71702,14531
71702,97386
71702,46099
71702,71870
71702,54361
71702,39863
71702,1862
71702,19581
71702,62905
71702,38505
71702,6
71702,97323
71702,30719
71702,86289
71702,96678
71702,49679
71702,22799
71702,62153
71702,1608
71702,97475
71702,48489
71702,34924
71702,84059
71702,27199
71702,22528
71702,3924
71702,28928
71702,53082
71702,4071
71702,19091
71702,81052
71702,87269
71702,89459
71702,61524
71702,25706
71702,94363
71702,113
71702,48391
71702,48898
71702,12138
71702,15718
71702,84595
71702,29822
71702,59063
71702,97287
71702,68416
71702,62444
71702,73346
71702,98521
71702,55814
71702,13705
71702,59338
71702,84822
71702,67349
71702,37212
71702,8669
71702,6525
71702,91314
71702,34016
71702,72410
71702,42819
71702,5943
71702,36851
71702,76900
71702,11733
71702,11775
71702,1349
71702,15566
71702,87456
71702,59113
71702,39501
71702,26074
71702,62293
71702,30170
71702,95853
71702,8982
71702,76793
71702,74988
71702,26638
71702,78995
71702,69725
71702,95265
71702,21334
71702,30846
71702,78374
71702,56747
71702,62837
71702,70679
71702,36422
71702,58617
71702,76511
71702,3
71702,19147
71702,64039
71702,18165
71702,29040
71702,79067
71702,38589
71702,78665
71702,7025
71702,43746
71702,48790
71702,28799
71702,77841
71702,81307
71702,62224
71702,67009
71702,21683
71702,79515
71702,45770
71702,11038
71702,10353
71702,6463
71702,8628
71702,75529
71702,4312
71702,98306
71702,12599
71702,72598
71702,17736
71702,67921
71702,77844
71702,56489
71702,69125
71702,1829
71702,51097
71702,61238
71702,62851
71702,55334
71702,13278
71702,74176
71702,79102
71702,39310
71702,17185
71702,38591
71702,84098
71702,65896
71702,48933
71702,29290
71702,74594
71702,33450
71702,998
71702,97754
71702,85617
71702,24072
71702,4809
71702,27660
71702,52703
71702,95796
71702,65334
71702,18064
71702,35240
71702,89249
71702,91043
71702,7137
71702,53056
71702,47458
71702,89096
71702,25838
71702,90808
71702,652
71702,30776
71702,74088
71702,33470
39097,97522
39097,94791
39097,90965
39097,84230
39097,91845
39097,84178
39097,98122
39097,37624
39097,87030
39097,92369
39097,53548
39097,95763
39097,5957
39097,8287
39097,48196
39097,87765
39097,42452
39097,82315
39097,22340
39097,11153
39097,92155
39097,11125
39097,3193
39097,10079
39097,3003
39097,39301
39097,17936
39097,9891
39097,97386
39097,5949
39097,80996
39097,66501
39097,98151
39097,84441
39097,6
39097,92866
39097,57494
39097,34924
39097,22528
39097,14290
39097,51181
39097,36854
39097,58876
39097,29358
39097,86538
39097,32541
39097,24070
39097,81052
39097,61524
39097,48391
39097,7021
39097,16425
39097,42723
39097,3793
39097,62444
39097,56254
39097,66004
39097,39809
39097,67349
39097,9031
39097,8669
39097,11766
39097,86161
39097,15566
39097,81743
39097,26618
39097,99792
39097,45841
39097,90219
39097,63297
39097,26074
39097,6594
39097,75375
39097,18845
39097,95995
39097,30846
39097,78374
39097,44348
39097,70679
39097,19147
39097,7339
39097,6815
39097,48745
39097,85262
39097,78665
39097,43746
39097,28799
39097,60730
39097,64317
39097,57967
39097,78177
39097,4232
39097,77844
39097,34076
39097,69125
39097,66713
39097,18445
39097,58681
39097,20445
39097,33450
39097,21831
39097,97754
39097,16216
39097,65334
39097,35240
39097,53352
39097,37022
39097,73873
39097,64575
39097,17930
39097,32666
39097,51334
39097,1711
2561,84844
2561,1064
2561,39243
2561,12999
2561,53926
2561,84230
2561,94649
2561,99710
2561,695
2561,65887
2561,40029
2561,59121
2561,14340
2561,20082
2561,79650
2561,50306
2561,43092
2561,3545
2561,95607
2561,10428
2561,66638
2561,70434
2561,49372
2561,81015
2561,70392
2561,82241
2561,46461
2561,11960
2561,95594
2561,5957
2561,58424
2561,88384
2561,59292
2561,50015
2561,42452
2561,58245
2561,22340
2561,92155
2561,65538
2561,78428
2561,88776
2561,77441
2561,3193
2561,51710
2561,68169
2561,83365
2561,97893
2561,44672
2561,98684
2561,90375
2561,17936
2561,14531
2561,9891
2561,18765
2561,16081
2561,80996
2561,20562
2561,39863
2561,42451
2561,1862
2561,13875
2561,98151
2561,1836
2561,34524
2561,42102
2561,30719
2561,25460
2561,64775
2561,86289
2561,17740
2561,27522
2561,2500
2561,48489
2561,14421
2561,27199
2561,21793
2561,51181
2561,83163
2561,36854
2561,65746
2561,31024
2561,45216
2561,98615
2561,15889
2561,28495
2561,95994
2561,113
2561,12138
2561,15718
2561,75920
2561,96472
2561,40753
2561,44313
2561,34808
2561,37654
2561,47003
2561,3793
2561,68416
2561,59114
2561,48430
2561,24353
2561,59338
2561,72364
2561,86997
2561,61309
2561,10042
2561,79870
2561,26544
2561,62943
2561,36851
2561,13968
2561,11733
2561,14425
2561,93735
2561,21026
2561,9053
2561,37840
2561,59113
2561,62293
2561,93464
2561,48302
2561,15956
2561,44976
2561,78995
2561,30846
2561,6856
2561,42923
2561,58617
2561,99290
2561,10343
2561,37372
2561,6927
2561,57782
2561,81307
2561,24497
2561,10353
2561,76147
2561,21855
2561,4312
2561,78591
2561,62789
2561,49233
2561,16758
2561,82993
2561,74722
2561,11238
2561,51097
2561,5059
2561,18445
2561,18218
2561,38591
2561,20445
2561,29290
2561,9835
2561,33450
2561,998
2561,65163
2561,85617
2561,4809
2561,85038
2561,91319
2561,86447
2561,99454
2561,63531
2561,89249
2561,93387
2561,19794
2561,16219
2561,89642
2561,10059
2561,39496
2561,1318
2561,85528
2561,697
2561,68532
97736,54084
97736,53643
97736,88731
97736,73945
97736,55515
97736,51625
97736,51055
97736,39491
97736,28105
97736,10079
97736,62704
97736,7697
97736,97872
97736,7685
97736,89332
97736,47066
97736,71346
97736,34274
97736,26935
97736,34924
97736,80887
97736,92236
97736,7926
97736,11158
97736,15889
97736,7021
97736,59054
97736,81927
97736,54466
97736,15096
97736,26761
97736,92622
97736,76327
97736,78995
97736,42923
97736,30481
97736,64039
97736,29040
97736,79067
97736,90275
97736,19851
97736,10353
97736,63777
97736,75529
97736,18882
97736,92503
97736,93507
97736,34076
97736,1829
97736,57589
97736,92100
97736,87993
97736,42982
97736,37735
97736,86447
97736,19794
97736,47458
97736,89967
97736,74088
97736,33252
83266,84230
83266,73918
83266,28680
83266,37711
83266,49558
83266,36078
83266,2126
83266,73945
83266,20082
83266,90113
83266,16021
83266,87030
83266,3545
83266,72594
83266,70392
83266,39983
83266,24302
83266,76581
83266,5957
83266,68556
83266,8287
83266,35573
83266,58914
83266,54857
83266,73798
83266,60211
83266,39080
83266,11125
83266,70782
83266,39274
83266,3193
83266,60090
83266,40875
83266,29923
83266,8309
83266,50055
83266,16897
83266,98684
83266,2820
83266,30614
83266,6262
83266,48721
83266,12812
83266,92882
83266,51431
83266,42451
83266,1862
83266,84441
83266,6
83266,34524
83266,27254
83266,30719
83266,64775
83266,90997
83266,85293
83266,26935
83266,62153
83266,48489
83266,34924
83266,54129
83266,46692
83266,99162
83266,80999
83266,91832
83266,43003
83266,53082
83266,72188
83266,65664
83266,29358
83266,12906
83266,88950
83266,48898
83266,29822
83266,59063
83266,63663
83266,68416
83266,73295
83266,48430
83266,98521
83266,85606
83266,29982
83266,69465
83266,46428
83266,8669
83266,54466
83266,10042
83266,82847
83266,9621
83266,52905
83266,26544
83266,53770
83266,47820
83266,93735
83266,86161
83266,81743
83266,41473
83266,92622
83266,39501
83266,48302
83266,15956
83266,35999
83266,21334
83266,78374
83266,12104
83266,56359
83266,28714
83266,10343
83266,27266
83266,50519
83266,29040
83266,82703
83266,43946
83266,79589
83266,79067
83266,38589
83266,85262
83266,7025
83266,43746
83266,51956
83266,29811
83266,62224
83266,10692
83266,67747
83266,63777
83266,96932
83266,18882
83266,4232
83266,12599
83266,86833
83266,3913
83266,55184
83266,74499
83266,72270
83266,77844
83266,52708
83266,56489
83266,74722
83266,11238
83266,5059
83266,56407
83266,84135
83266,92100
83266,33249
83266,38591
83266,42982
83266,62826
83266,35093
83266,12515
83266,18064
83266,86447
83266,13373
83266,99454
83266,89249
83266,53352
83266,37022
83266,93387
83266,16219
83266,66677
83266,65114
83266,47458
83266,89096
83266,35079
83266,10958
83266,74888
83266,33470
83266,97957
82871,1064
82871,39885
82871,70994
82871,53926
82871,57372
82871,29838
82871,37711
82871,65887
82871,36078
82871,73945
82871,90113
82871,59135
82871,3545
82871,7612
82871,66638
82871,39824
82871,70434
82871,51625
82871,25310
82871,8013
82871,89592
82871,38932
82871,48196
82871,58424
82871,6510
82871,82315
82871,39080
82871,51846
82871,51055
82871,51451
82871,22648
82871,88776
82871,10079
82871,7697
82871,58143
82871,43461
82871,51855
82871,62707
82871,91
82871,92882
82871,51431
82871,84786
82871,41019
82871,63871
82871,46061
82871,48244
82871,65271
82871,97323
82871,86289
82871,19897
82871,26935
82871,48489
82871,74365
82871,19451
82871,82093
82871,87269
82871,48391
82871,7021
82871,59054
82871,91374
82871,42635
82871,34808
82871,68416
82871,73295
82871,71951
82871,13122
82871,81927
82871,74421
82871,58951
82871,54466
82871,52905
82871,95408
82871,26544
82871,76900
82871,88953
82871,9053
82871,73704
82871,37840
82871,47884
82871,95338
82871,48302
82871,8982
82871,2997
82871,35999
82871,84622
82871,95995
82871,78995
82871,21334
82871,70679
82871,3
82871,37372
82871,43946
82871,38589
82871,94730
82871,90275
82871,29811
82871,71663
82871,57967
82871,62224
82871,77942
82871,11038
82871,63620
82871,12599
82871,74499
82871,34076
82871,10188
82871,1829
82871,73855
82871,55334
82871,58681
82871,92100
82871,43081
82871,27856
82871,38591
82871,69661
82871,49957
82871,74594
82871,42982
82871,88486
82871,68607
82871,31910
82871,90034
82871,37735
82871,24072
82871,99757
82871,16291
82871,16216
82871,95796
82871,99454
82871,89249
82871,93387
82871,88311
82871,66677
82871,1318
82871,74088
82871,33252
62219,39243
62219,94791
62219,99322
62219,94649
62219,79668
62219,28680
62219,96311
62219,15989
62219,36078
62219,59135
62219,81332
62219,34874
62219,66638
62219,83129
62219,82241
62219,53548
62219,38578
62219,39079
62219,59176
62219,10564
62219,47260
62219,60979
62219,29210
62219,36162
62219,9150
62219,77441
62219,26165
62219,7697
62219,26030
62219,7685
62219,474
62219,72277
62219,9891
62219,89332
62219,63951
62219,66326
62219,66501
62219,13285
62219,91223
62219,2500
62219,49806
62219,16722
62219,21793
62219,33181
62219,94363
62219,59054
62219,42723
62219,3793
62219,37512
62219,59114
62219,87941
62219,48756
62219,55814
62219,96507
62219,13705
62219,59338
62219,86997
62219,82814
62219,96149
62219,60670
62219,34016
62219,26544
62219,62943
62219,55319
62219,87379
62219,29682
62219,78675
62219,47884
62219,63297
62219,3588
62219,28136
62219,58578
62219,6856
62219,56747
62219,66626
62219,63028
62219,28714
62219,27266
62219,43946
62219,17354
62219,28799
62219,61573
62219,24497
62219,22436
62219,78177
62219,98306
62219,97900
62219,93507
62219,76145
62219,52708
62219,5059
62219,62851
62219,29290
62219,33450
62219,8697
62219,72466
62219,41543
62219,92282
62219,86447
62219,13373
62219,37022
62219,61976
62219,90650
62219,19794
62219,10059
62219,89967
62219,51334
62219,5062
62219,94637
62219,652
62219,33252
88501,43561
88501,2126
88501,14340
88501,8980
88501,81332
88501,22517
88501,1503
88501,51625
88501,39079
88501,79095
88501,95594
88501,64417
88501,7959
88501,62725
88501,50015
88501,36866
88501,46431
88501,58143
88501,89624
88501,78983
88501,18765
88501,5949
88501,39863
88501,13875
88501,84441
88501,6
88501,27254
88501,30719
88501,22807
88501,53082
88501,87269
88501,95994
88501,113
88501,59054
88501,40753
88501,19152
88501,84822
88501,72364
88501,58660
88501,91314
88501,87379
88501,59113
88501,76511
88501,78665
88501,68857
88501,72568
88501,17736
88501,7536
88501,1829
88501,28112
88501,9835
88501,33450
88501,42982
88501,998
88501,92282
88501,90650
88501,89096
88501,39496
88501,46196
88501,33470
9136,40696
9136,97522
9136,94791
9136,28620
9136,69909
9136,73918
9136,17253
9136,84178
9136,20082
9136,90113
9136,3545
9136,1503
9136,39824
9136,70434
9136,70392
9136,46159
9136,46461
9136,69427
9136,5957
9136,68556
9136,58914
9136,36162
9136,51055
9136,39274
9136,29923
9136,10079
9136,89624
9136,50055
9136,97893
9136,7685
9136,29628
9136,474
9136,18765
9136,46099
9136,5949
9136,28110
9136,12812
9136,51431
9136,94560
9136,70954
9136,84786
9136,42451
9136,41019
9136,34274
9136,98151
9136,62905
9136,84441
9136,6
9136,13512
9136,27254
9136,30719
9136,19897
9136,81497
9136,90997
9136,13285
9136,22799
9136,48489
9136,34924
9136,14421
9136,22528
9136,14290
9136,36838
9136,7926
9136,21092
9136,54974
9136,29358
9136,24070
9136,87269
9136,94363
9136,12138
9136,75920
9136,84024
9136,73295
9136,87941
9136,13122
9136,37212
9136,79834
9136,54466
9136,72929
9136,21036
9136,36851
9136,13968
9136,1349
9136,26761
9136,88953
9136,86161
9136,87379
9136,73704
9136,59817
9136,56529
9136,30170
9136,95338
9136,48302
9136,78995
9136,21334
9136,30481
9136,3
9136,99290
9136,64039
9136,73973
9136,9239
9136,29040
9136,45925
9136,38589
9136,13613
9136,48790
9136,94730
9136,90275
9136,28799
9136,57967
9136,62224
9136,77942
9136,19851
9136,67747
9136,37787
9136,78591
9136,57242
9136,3101
9136,37106
9136,92503
9136,97900
9136,93507
9136,29704
9136,73855
9136,61238
9136,58681
9136,27856
9136,69661
9136,88089
9136,74594
9136,45696
9136,87993
9136,998
9136,99757
9136,92282
9136,86447
9136,99454
9136,66677
9136,89096
9136,10059
9136,51334
9136,1318
9136,68532
9136,74088
9136,80200
88518,39243
88518,53926
88518,90965
88518,69909
88518,84230
88518,94649
88518,57372
88518,695
88518,25155
88518,96311
88518,29838
88518,49558
88518,88731
88518,2126
88518,14210
88518,73945
88518,98122
88518,20082
88518,90113
88518,59135
88518,81332
88518,3545
88518,30965
88518,70434
88518,46461
88518,78355
88518,20460
88518,36875
88518,93944
88518,10564
88518,65268
88518,8287
88518,48196
88518,26312
88518,47260
88518,96937
88518,88384
88518,87765
88518,54857
88518,22340
88518,73798
88518,73733
88518,39080
88518,41435
88518,51846
88518,78373
88518,88776
88518,77441
88518,78824
88518,51710
88518,68169
88518,10079
88518,7697
88518,64607
88518,63014
88518,66992
88518,97872
88518,8309
88518,44582
88518,39301
88518,13914
88518,62707
88518,44672
88518,72277
88518,17936
88518,6262
88518,16081
88518,97386
88518,47066
88518,71870
88518,28110
88518,12812
88518,92882
88518,39863
88518,66501
88518,19581
88518,92548
88518,3086
88518,64775
88518,86289
88518,96678
88518,21230
88518,17740
88518,24548
88518,64747
88518,23525
88518,34924
88518,14421
88518,74365
88518,96691
88518,51181
88518,99057
88518,83163
88518,43003
88518,54974
88518,27455
88518,5199
88518,34523
88518,29358
88518,80321
88518,45216
88518,22110
88518,71128
88518,81052
88518,61524
88518,37195
88518,15718
88518,84595
88518,24234
88518,96472
88518,97287
88518,34808
88518,16425
88518,37654
88518,3793
88518,73346
88518,24353
88518,55814
88518,96507
88518,47292
88518,29982
88518,46828
88518,53695
88518,89757
88518,6525
88518,54466
88518,10042
88518,18276
88518,82847
88518,11766
88518,72410
88518,42819
88518,95408
88518,62943
88518,36851
88518,76900
88518,13968
88518,55319
88518,39351
88518,55639
88518,1349
88518,26761
88518,88953
88518,87456
88518,47187
88518,81743
88518,39501
88518,29682
88518,20149
88518,36296
88518,80842
88518,62293
88518,8982
88518,75375
88518,71569
88518,18845
88518,2997
88518,74988
88518,70254
88518,95265
88518,97247
88518,42923
88518,12104
88518,56747
88518,38211
88518,30481
88518,83902
88518,56359
88518,99290
88518,27266
88518,29040
88518,6815
88518,78665
88518,43746
88518,48790
88518,61573
88518,21683
88518,63620
88518,1674
88518,76147
88518,98306
88518,72568
88518,97900
88518,33196
88518,49233
88518,82993
88518,72270
88518,77844
88518,52708
88518,1829
88518,56407
88518,61238
88518,13278
88518,43081
88518,28112
88518,17185
88518,20445
88518,29290
88518,74594
88518,87993
88518,61825
88518,97567
88518,65163
88518,90034
88518,99757
88518,99473
88518,16291
88518,27660
88518,92282
88518,73409
88518,91319
88518,99454
88518,30692
88518,52638
88518,95180
88518,17930
88518,75733
88518,66677
88518,47458
88518,89096
88518,51334
88518,85528
88518,94637
88518,652
88518,30776
88518,21236
88518,7197
99811,90965
99811,65887
99811,59121
99811,94916
99811,14340
99811,61726
99811,43092
99811,7612
99811,72594
99811,36458
99811,36866
99811,11153
99811,3193
99811,8309
99811,50055
99811,16897
99811,98684
99811,5949
99811,46061
99811,13512
99811,42102
99811,30719
99811,64747
99811,63112
99811,80887
99811,65746
99811,98615
99811,4177
99811,40753
99811,70511
99811,73346
99811,29982
99811,9031
99811,68658
99811,93735
99811,1349
99811,29682
99811,74988
99811,44976
99811,70600
99811,48745
99811,85262
99811,62224
99811,61326
99811,96932
99811,17736
99811,40938
99811,42982
99811,99473
99811,52703
99811,13373
99811,80572
99811,95180
99811,65114
99811,52110
4012,94791
4012,29838
4012,3545
4012,69427
4012,95763
4012,5957
4012,42452
4012,54857
4012,92155
4012,4731
4012,40875
4012,26405
4012,23385
4012,58143
4012,86807
4012,89624
4012,97386
4012,12812
4012,9915
4012,50886
4012,92655
4012,86289
4012,27522
4012,62153
4012,48489
4012,22528
4012,14290
4012,19091
4012,45216
4012,48391
4012,15718
4012,4177
4012,40753
4012,73295
4012,50883
4012,13705
4012,74421
4012,47292
4012,19152
4012,8669
4012,58660
4012,34016
4012,5943
4012,78675
4012,26618
4012,76793
4012,76327
4012,35999
4012,66626
4012,99290
4012,38589
4012,61573
4012,68857
4012,63620
4012,98306
4012,37106
4012,76145
4012,74499
4012,61238
4012,43081
4012,29290
4012,45696
4012,87993
4012,9169
4012,53056
4012,80572
4012,85528
4012,94637
4012,49307
65358,40696
65358,41477
65358,94791
65358,94649
65358,63867
65358,40029
65358,59121
65358,94916
65358,64451
65358,66638
65358,1503
65358,10564
65358,1795
65358,35573
65358,62725
65358,50015
65358,82315
65358,73445
65358,37570
65358,39274
65358,47172
65358,58143
65358,86807
65358,27671
65358,67649
65358,29884
65358,48721
65358,42451
65358,41019
65358,46061
65358,65271
65358,92655
65358,82969
65358,27254
65358,30860
65358,30719
65358,17740
65358,57494
65358,1608
65358,7926
65358,29358
65358,53881
65358,84595
65358,24234
65358,44313
65358,70511
65358,87941
65358,85606
65358,19152
65358,29982
65358,46828
65358,53695
65358,6525
65358,91314
65358,60670
65358,26544
65358,62943
65358,21947
65358,11733
65358,47820
65358,55639
65358,88953
65358,55587
65358,9053
65358,59113
65358,59817
65358,92622
65358,29682
65358,90219
65358,26074
65358,26638
65358,97247
65358,38798
65358,58159
65358,70679
65358,66626
65358,84083
65358,63028
65358,18165
65358,7339
65358,79589
65358,4027
65358,61573
65358,36956
65358,10692
65358,12333
65358,67747
65358,6463
65358,4312
65358,92503
65358,17736
65358,76145
65358,67921
65358,49942
65358,77844
65358,7536
65358,1829
65358,73855
65358,69661
65358,33450
65358,61825
65358,84551
65358,41543
65358,13373
65358,89249
65358,61976
65358,16219
65358,89642
65358,35079
65358,90808
65358,1318
24410,97522
24410,46602
24410,94791
24410,69909
24410,73918
24410,17253
24410,25155
24410,74649
24410,65887
24410,63867
24410,88731
24410,2126
24410,14340
24410,43092
24410,44305
24410,34874
24410,55515
24410,1503
24410,1272
24410,39824
24410,70434
24410,49372
24410,46159
24410,79095
24410,74059
24410,5957
24410,36866
24410,58245
24410,39080
24410,65681
24410,4731
24410,39274
24410,29923
24410,51678
24410,43461
24410,94556
24410,97872
24410,51855
24410,39301
24410,63866
24410,7685
24410,474
24410,17936
24410,14531
24410,6262
24410,5949
24410,20562
24410,1862
24410,74853
24410,34274
24410,98151
24410,85851
24410,65271
24410,84441
24410,92655
24410,13512
24410,90997
24410,17740
24410,13285
24410,23525
24410,49806
24410,22528
24410,3924
24410,14290
24410,46692
24410,92236
24410,65432
24410,4071
24410,65664
24410,80321
24410,82093
24410,86538
24410,40584
24410,24070
24410,12138
24410,7021
24410,15718
24410,84595
24410,96472
24410,59054
24410,40753
24410,42635
24410,16425
24410,71951
24410,79834
24410,15096
24410,21036
24410,36851
24410,75444
24410,16012
24410,47820
24410,55639
24410,86161
24410,47187
24410,37840
24410,59817
24410,45841
24410,20149
24410,90219
24410,15956
24410,74988
24410,26638
24410,78374
24410,85542
24410,12104
24410,28714
24410,37372
24410,9239
24410,6815
24410,38589
24410,50307
24410,28799
24410,60730
24410,57967
24410,20130
24410,77942
24410,44244
24410,78177
24410,75529
24410,37787
24410,78591
24410,72568
24410,93507
24410,33196
24410,49942
24410,45506
24410,18841
24410,18445
24410,57589
24410,13278
24410,18218
24410,87993
24410,21831
24410,97754
24410,16291
24410,95796
24410,73409
24410,65334
24410,30692
24410,73873
24410,61976
24410,52638
24410,91043
24410,16219
24410,47458
24410,10059
24410,89967
24410,5062
24410,49307
24410,30776
24410,21236
24410,80200
24410,44128
24410,7197
39914,70994
39914,28620
39914,90965
39914,84230
39914,94649
39914,17253
39914,12361
39914,32818
39914,37605
39914,98122
39914,94916
39914,90113
39914,43092
39914,64416
39914,22517
39914,3805
39914,34874
39914,66638
39914,49372
39914,39983
39914,53548
39914,36875
39914,38335
39914,50802
39914,8013
39914,24302
39914,76581
39914,89592
39914,10563
39914,1795
39914,58424
39914,26312
39914,29210
39914,7959
39914,60388
39914,50015
39914,42452
39914,82315
39914,36866
39914,58245
39914,51846
39914,30083
39914,4731
39914,40875
39914,23385
39914,7697
39914,58143
39914,86807
39914,43461
39914,44582
39914,82739
39914,16897
39914,63866
39914,474
39914,67649
39914,36215
39914,16081
39914,29884
39914,97386
39914,46099
39914,42451
39914,1862
39914,9915
39914,13875
39914,41019
39914,50886
39914,46061
39914,84441
39914,97323
39914,30719
39914,86289
39914,96678
39914,78765
39914,23594
39914,24548
39914,64747
39914,22807
39914,91223
39914,62153
39914,1608
39914,97475
39914,16722
39914,54129
39914,99057
39914,83163
39914,43003
39914,33181
39914,65664
39914,34523
39914,66075
39914,80321
39914,22110
39914,71128
39914,81052
39914,113
39914,7021
39914,4177
39914,59054
39914,84024
39914,42635
39914,63663
39914,3793
39914,63042
39914,87941
39914,56254
39914,24353
39914,81927
39914,55814
39914,74421
39914,59338
39914,48612
39914,46828
39914,53695
39914,95970
39914,79834
39914,46428
39914,6525
39914,68658
39914,10042
39914,96149
39914,72929
39914,34016
39914,82639
39914,42819
39914,26544
39914,11733
39914,14425
39914,47820
39914,93735
39914,88953
39914,73704
39914,28935
39914,14240
39914,59817
39914,84280
39914,47884
39914,71569
39914,76327
39914,87505
39914,70254
39914,42987
39914,95265
39914,30846
39914,6856
39914,78374
39914,38798
39914,70679
39914,56359
39914,37372
39914,7339
39914,82703
39914,43946
39914,6815
39914,31580
39914,50307
39914,78665
39914,94730
39914,28799
39914,64317
39914,12407
39914,21683
39914,48609
39914,1674
39914,8628
39914,21855
39914,59844
39914,85225
39914,73386
39914,17736
39914,40938
39914,49233
39914,74499
39914,67921
39914,45506
39914,74722
39914,51097
39914,73855
39914,61238
39914,58681
39914,39310
39914,38591
39914,20445
39914,65896
39914,48933
39914,17526
39914,74594
39914,8697
39914,61825
39914,18808
39914,16291
39914,92282
39914,18064
39914,63531
39914,93387
39914,9320
39914,73539
39914,80759
39914,61976
39914,19794
39914,89642
39914,17930
39914,65114
39914,39496
39914,20515
39914,90808
39914,85528
39914,10958
39914,30776
39914,1711
28339,41477
28339,73918
28339,94649
28339,12361
28339,53643
28339,28680
28339,25155
28339,15989
28339,63867
28339,88731
28339,2126
28339,61726
28339,41448
28339,66638
28339,55515
28339,81015
28339,46159
28339,78355
28339,93944
28339,10520
28339,8013
28339,50136
28339,5957
28339,8287
28339,48196
28339,7959
28339,62725
28339,59292
28339,54857
28339,58245
28339,9150
28339,57289
28339,39491
28339,78824
28339,51710
28339,68169
28339,13748
28339,10079
28339,26405
28339,7697
28339,43461
28339,66992
28339,97872
28339,97893
28339,13914
28339,7685
28339,98684
28339,13148
28339,72277
28339,18765
28339,16081
28339,29884
28339,5949
28339,34053
28339,94560
28339,84786
28339,39863
28339,42451
28339,66326
28339,9915
28339,13875
28339,98151
28339,6
28339,3086
28339,27254
28339,42102
28339,30719
28339,90997
28339,17740
28339,49679
28339,74600
28339,70282
28339,91223
28339,2500
28339,26935
28339,65472
28339,49806
28339,14421
28339,63112
28339,3924
28339,21793
28339,54129
28339,75147
28339,21092
28339,19451
28339,80999
28339,65664
28339,5199
28339,19091
28339,45216
28339,89459
28339,12242
28339,1198
28339,61524
28339,94363
28339,113
28339,7021
28339,15718
28339,4177
28339,75920
28339,59063
28339,91374
28339,97287
28339,49424
28339,73295
28339,59114
28339,85606
28339,39809
28339,47292
28339,59338
28339,86997
28339,46828
28339,53695
28339,58951
28339,8669
28339,95408
28339,5943
28339,36851
28339,11733
28339,55319
28339,14425
28339,53770
28339,65295
28339,9076
28339,86161
28339,47187
28339,29682
28339,84280
28339,20149
28339,15956
28339,35999
28339,99173
28339,97247
28339,12104
28339,58159
28339,19147
28339,63028
28339,99290
28339,48745
28339,85262
28339,44949
28339,45185
28339,21855
28339,37787
28339,78591
28339,3913
28339,40938
28339,1829
28339,57589
28339,28112
28339,17185
28339,38591
28339,28282
28339,48933
28339,29290
28339,74594
28339,79138
28339,88486
28339,61825
28339,998
28339,35093
28339,27660
28339,92282
28339,73409
28339,18064
28339,13373
28339,99454
28339,63531
28339,90650
28339,89642
28339,80572
28339,47458
28339,89096
28339,89967
28339,20515
28339,85528
28339,30776
28339,7197
21108,90482
21108,54084
21108,1064
21108,46602
21108,53926
21108,84230
21108,73918
21108,99710
21108,53643
21108,37605
21108,96311
21108,29838
21108,63867
21108,88731
21108,40029
21108,43735
21108,14340
21108,90113
21108,61726
21108,43092
21108,72594
21108,1503
21108,70434
21108,49372
21108,36458
21108,20460
21108,36875
21108,64417
21108,8013
21108,74059
21108,35573
21108,29210
21108,7959
21108,87765
21108,50426
21108,36162
21108,36866
21108,60211
21108,9150
21108,78428
21108,37570
21108,51451
21108,2418
21108,10079
21108,7697
21108,86807
21108,44043
21108,94556
21108,26030
21108,97872
21108,8309
21108,69711
21108,3228
21108,90375
21108,72277
21108,78983
21108,9891
21108,71870
21108,5949
21108,68964
21108,42451
21108,74853
21108,31336
21108,50886
21108,46061
21108,62905
21108,30719
21108,78765
21108,13285
21108,64747
21108,49806
21108,34924
21108,16722
21108,22528
21108,14290
21108,19487
21108,62515
21108,18674
21108,36854
21108,43003
21108,34523
21108,66075
21108,32541
21108,81052
21108,12906
21108,48391
21108,48898
21108,96472
21108,42635
21108,37654
21108,63663
21108,70511
21108,87941
21108,41743
21108,56254
21108,50883
21108,24353
21108,96507
21108,13705
21108,86997
21108,46828
21108,53695
21108,37212
21108,10042
21108,96149
21108,82639
21108,95408
21108,76900
21108,16012
21108,55319
21108,47820
21108,1349
21108,86161
21108,15566
21108,72659
21108,81743
21108,92622
21108,26618
21108,45841
21108,90219
21108,80842
21108,14299
21108,76793
21108,28136
21108,2997
21108,26638
21108,38798
21108,70679
21108,58617
21108,18165
21108,28714
21108,10343
21108,7339
21108,6090
21108,13613
21108,61025
21108,7025
21108,43746
21108,51956
21108,94730
21108,90275
21108,28799
21108,60730
21108,59783
21108,57967
21108,94202
21108,61326
21108,79515
21108,11038
21108,10353
21108,22436
21108,44244
21108,67747
21108,48609
21108,6463
21108,76147
21108,98306
21108,3101
21108,40938
21108,49233
21108,74499
21108,45506
21108,52708
21108,60549
21108,73855
21108,58681
21108,92100
21108,18218
21108,20762
21108,87993
21108,33450
21108,998
21108,97567
21108,85617
21108,2677
21108,37735
21108,41543
21108,99757
21108,16216
21108,92282
21108,10424
21108,65334
21108,53352
21108,37022
21108,73873
21108,42374
21108,80759
21108,80572
21108,95180
21108,88311
21108,17930
21108,10059
21108,90808
21108,68532
21108,94637
21108,33252
21108,74888
21108,52110
21108,44128
21108,59530
66747,97522
66747,2885
66747,69909
66747,43561
66747,91845
66747,49558
66747,16021
66747,59135
66747,22517
66747,72594
66747,34874
66747,10428
66747,1272
66747,92369
66747,49372
66747,81015
66747,46159
66747,39983
66747,39079
66747,78355
66747,93944
66747,7959
66747,58914
66747,62725
66747,69995
66747,57289
66747,77441
66747,39274
66747,2418
66747,89624
66747,26030
66747,97893
66747,82739
66747,13914
66747,72277
66747,14531
66747,18765
66747,71870
66747,80996
66747,70954
66747,46061
66747,62905
66747,92655
66747,93016
66747,34524
66747,30719
66747,64775
66747,74600
66747,22807
66747,57494
66747,26935
66747,97475
66747,27199
66747,51181
66747,54129
66747,53082
66747,72188
66747,65432
66747,29358
66747,80321
66747,31024
66747,40584
66747,12906
66747,7021
66747,4177
66747,75920
66747,40753
66747,37654
66747,55814
66747,96507
66747,72364
66747,29982
66747,58951
66747,91314
66747,82847
66747,79870
66747,11733
66747,4272
66747,65295
66747,86161
66747,9053
66747,28935
66747,81743
66747,45841
66747,80842
66747,44976
66747,95995
66747,85542
66747,62837
66747,76511
66747,63028
66747,70600
66747,78665
66747,43746
66747,51956
66747,12333
66747,6463
66747,2584
66747,98306
66747,4232
66747,12599
66747,3101
66747,17736
66747,33196
66747,16758
66747,45506
66747,7536
66747,1829
66747,5059
66747,96402
66747,13278
66747,33249
66747,38591
66747,20445
66747,998
66747,85617
66747,2677
66747,84551
66747,16291
66747,16216
66747,92282
66747,91319
66747,42374
66747,91043
66747,19794
66747,16219
66747,89096
66747,10958
66747,30776
66747,74888
66747,52110
66747,80200
66747,59530
30488,90482
30488,41477
30488,94791
30488,29838
30488,37711
30488,15989
30488,63867
30488,29759
30488,73945
30488,59121
30488,22551
30488,20082
30488,90113
30488,16021
30488,87030
30488,8980
30488,50306
30488,43092
30488,72594
30488,83129
30488,55515
30488,81015
30488,51625
30488,46159
30488,53548
30488,74059
30488,43652
30488,5957
30488,38932
30488,1795
30488,62725
30488,59292
30488,60388
30488,50426
30488,36162
30488,36866
30488,65538
30488,78428
30488,41435
30488,51846
30488,30083
30488,51055
30488,51451
30488,60090
30488,78824
30488,22620
30488,64607
30488,86807
30488,16897
30488,98684
30488,29628
30488,72277
30488,67649
30488,49195
30488,18765
30488,29884
30488,8862
30488,5949
30488,51431
30488,42451
30488,66501
30488,45177
30488,34274
30488,98151
30488,62905
30488,84441
30488,1836
30488,92548
30488,93016
30488,42102
30488,86289
30488,78765
30488,90997
30488,88855
30488,1608
30488,49806
30488,82707
30488,74365
30488,3924
30488,28928
30488,14290
30488,43003
30488,65432
30488,58876
30488,19091
30488,71128
30488,15889
30488,75920
30488,84595
30488,59063
30488,44313
30488,84024
30488,42723
30488,3793
30488,49424
30488,94691
30488,66004
30488,26261
30488,74421
30488,53695
30488,6816
30488,60670
30488,34016
30488,82639
30488,62943
30488,76900
30488,16012
30488,86161
30488,15566
30488,28935
30488,59817
30488,90219
30488,71569
30488,28136
30488,2997
30488,95995
30488,21334
30488,12104
30488,6815
30488,38589
30488,13613
30488,85262
30488,48790
30488,60730
30488,77841
30488,81307
30488,12407
30488,62224
30488,61326
30488,24497
30488,10692
30488,19851
30488,63620
30488,4925
30488,6463
30488,76147
30488,37787
30488,98306
30488,18882
30488,12599
30488,3101
30488,37106
30488,73386
30488,17736
30488,3913
30488,69125
30488,7536
30488,60549
30488,11238
30488,51097
30488,18445
30488,58681
30488,43081
30488,18218
30488,65896
30488,29290
30488,8697
30488,99757
30488,16216
30488,52703
30488,12515
30488,10424
30488,65334
30488,53352
30488,52638
30488,66677
30488,35079
30488,5062
30488,80686
30488,94637
30488,652
30488,30776
30488,74888
30488,52110
76082,50797
76082,94791
76082,90965
76082,73918
76082,99710
76082,11003
76082,28680
76082,695
76082,2126
76082,98122
76082,59121
76082,16021
76082,87030
76082,34874
76082,66638
76082,95763
76082,8287
76082,48196
76082,60979
76082,58914
76082,36162
76082,30083
76082,41190
76082,39274
76082,78824
76082,66992
76082,44582
76082,13914
76082,98684
76082,30883
76082,13148
76082,29628
76082,90375
76082,72277
76082,89332
76082,47066
76082,71870
76082,39863
76082,9915
76082,43875
76082,66501
76082,41019
76082,46061
76082,48244
76082,65271
76082,13512
76082,92548
76082,93016
76082,34524
76082,30860
76082,42102
76082,64775
76082,86289
76082,96678
76082,21230
76082,49679
76082,91223
76082,43175
76082,97475
76082,16722
76082,54129
76082,91832
76082,43003
76082,54974
76082,82093
76082,22110
76082,81052
76082,1198
76082,94363
76082,24234
76082,29822
76082,59054
76082,37512
76082,48430
76082,81927
76082,55814
76082,85606
76082,39809
76082,86997
76082,29982
76082,82814
76082,58951
76082,91314
76082,47212
76082,60670
76082,95408
76082,62943
76082,21947
76082,1349
76082,26761
76082,88953
76082,9588
76082,87379
76082,37840
76082,39888
76082,99792
76082,14299
76082,69725
76082,6856
76082,38798
76082,58159
76082,10513
76082,84083
76082,63028
76082,27266
76082,7339
76082,13613
76082,85262
76082,59783
76082,94202
76082,77942
76082,67009
76082,4925
76082,21855
76082,37787
76082,12599
76082,62789
76082,33196
76082,74499
76082,7536
76082,11238
76082,51097
76082,5059
76082,61238
76082,84135
76082,28112
76082,20762
76082,17185
76082,29290
76082,79138
76082,88486
76082,97567
76082,89249
76082,30692
76082,52638
76082,13395
76082,89642
76082,80572
76082,95180
76082,20515
76082,1318
76082,80686
76082,94637
43291,84844
43291,46602
43291,69909
43291,99710
43291,91845
43291,29759
43291,36078
43291,2126
43291,14210
43291,73945
43291,43092
43291,3805
43291,66638
43291,82241
43291,11960
43291,87781
43291,95763
43291,10520
43291,10564
43291,50802
43291,50136
43291,60979
43291,59292
43291,87765
43291,73733
43291,11153
43291,9150
43291,51055
43291,39491
43291,88776
43291,51710
43291,13748
43291,26405
43291,51678
43291,64607
43291,44043
43291,83365
43291,16897
43291,44672
43291,7685
43291,2820
43291,28429
43291,49612
43291,16081
43291,5949
43291,12812
43291,54361
43291,1862
43291,50886
43291,13512
43291,92548
43291,1332
43291,64775
43291,19897
43291,81497
43291,17740
43291,23594
43291,27522
43291,48489
43291,74365
43291,21092
43291,65746
43291,65664
43291,11158
43291,15889
43291,61524
43291,53881
43291,40753
43291,34808
43291,3793
43291,73295
43291,59114
43291,96507
43291,39809
43291,69465
43291,46428
43291,47881
43291,60670
43291,34016
43291,11766
43291,26544
43291,5943
43291,39351
43291,9076
43291,47187
43291,29682
43291,78675
43291,99792
43291,36296
43291,6594
43291,35999
43291,99173
43291,44976
43291,78374
43291,83902
43291,29040
43291,38589
43291,48745
43291,61025
43291,78665
43291,29811
43291,77841
43291,4925
43291,37787
43291,18882
43291,12599
43291,78591
43291,37106
43291,72568
43291,17736
43291,76145
43291,3913
43291,55184
43291,40938
43291,74499
43291,16758
43291,52708
43291,69125
43291,1829
43291,61238
43291,62851
43291,82741
43291,27856
43291,29290
43291,88486
43291,85038
43291,10424
43291,18064
43291,9320
43291,42374
43291,16219
43291,80572
43291,89967
43291,46196
43291,30776
43291,52110
9603,40696
9603,50797
9603,84230
9603,73918
9603,43735
9603,50306
9603,3545
9603,10428
9603,66638
9603,83129
9603,69427
9603,79095
9603,64417
9603,74059
9603,7959
9603,58914
9603,36162
9603,58245
9603,92155
9603,88776
9603,26165
9603,3617
9603,10079
9603,16897
9603,13914
9603,76214
9603,29628
9603,67649
9603,16081
9603,54361
9603,66501
9603,50886
9603,46061
9603,85851
9603,96678
9603,92866
9603,97475
9603,7926
9603,65664
9603,19091
9603,45216
9603,113
9603,48391
9603,96472
9603,44313
9603,42635
9603,47003
9603,3793
9603,74421
9603,86997
9603,58660
9603,15096
9603,14425
9603,47820
9603,55587
9603,59113
9603,92622
9603,78675
9603,99792
9603,45841
9603,80842
9603,15956
9603,95995
9603,97247
9603,42923
9603,12104
9603,44348
9603,9239
9603,79067
9603,85262
9603,48790
9603,61573
9603,62224
9603,77942
9603,24497
9603,10353
9603,63620
9603,4925
9603,75529
9603,12599
9603,86833
9603,60228
9603,72598
9603,77844
9603,56489
9603,18841
9603,28112
9603,79138
9603,39993
9603,8697
9603,62826
9603,41543
9603,4809
9603,99473
9603,52703
9603,82704
9603,80759
9603,64575
9603,52638
9603,19794
9603,80572
9603,94637
9603,652
9603,33252
9603,74888
9603,52110
9603,80200
63863,50797
63863,70994
63863,94649
63863,37711
63863,43561
63863,14340
63863,90113
63863,59135
63863,72594
63863,34874
63863,10428
63863,70434
63863,49372
63863,51625
63863,39983
63863,11960
63863,78355
63863,95763
63863,95594
63863,93944
63863,10520
63863,74059
63863,89592
63863,38932
63863,68556
63863,8287
63863,35573
63863,96937
63863,7959
63863,58914
63863,76017
63863,50015
63863,54857
63863,82315
63863,65538
63863,39080
63863,41435
63863,22648
63863,39274
63863,51710
63863,26165
63863,2418
63863,23385
63863,47172
63863,89624
63863,94556
63863,97872
63863,83365
63863,8309
63863,51855
63863,13914
63863,63866
63863,7685
63863,13148
63863,3228
63863,29628
63863,28429
63863,16081
63863,29884
63863,48721
63863,20562
63863,30205
63863,1862
63863,13875
63863,45177
63863,98151
63863,85851
63863,65271
63863,38505
63863,13512
63863,82969
63863,19897
63863,24548
63863,85293
63863,88855
63863,97475
63863,48489
63863,34924
63863,82707
63863,16722
63863,14421
63863,36838
63863,99057
63863,92236
63863,19451
63863,65746
63863,51810
63863,5199
63863,18030
63863,19091
63863,34523
63863,80321
63863,36891
63863,82093
63863,86538
63863,98615
63863,22110
63863,15889
63863,25706
63863,37195
63863,7021
63863,29822
63863,16425
63863,63663
63863,3793
63863,68416
63863,37512
63863,73295
63863,63042
63863,48430
63863,13122
63863,41743
63863,50883
63863,24353
63863,48756
63863,98521
63863,26261
63863,81927
63863,96507
63863,13705
63863,85606
63863,39809
63863,47292
63863,59338
63863,48612
63863,95970
63863,46428
63863,64757
63863,18276
63863,82847
63863,72410
63863,26544
63863,62943
63863,76900
63863,55319
63863,39383
63863,39351
63863,47820
63863,9076
63863,9588
63863,34448
63863,15566
63863,87379
63863,87456
63863,9053
63863,59113
63863,39501
63863,29682
63863,39888
63863,36296
63863,6594
63863,76793
63863,28136
63863,35999
63863,95995
63863,42987
63863,30846
63863,97247
63863,85542
63863,58617
63863,19147
63863,64039
63863,18165
63863,28714
63863,27266
63863,37372
63863,7339
63863,50519
63863,70600
63863,82703
63863,43946
63863,6815
63863,57837
63863,6090
63863,61025
63863,7025
63863,43746
63863,48790
63863,94730
63863,77964
63863,29811
63863,77841
63863,21683
63863,10692
63863,67747
63863,96932
63863,76147
63863,18882
63863,59844
63863,85225
63863,62789
63863,33196
63863,74499
63863,82993
63863,34076
63863,10188
63863,74722
63863,18841
63863,6374
63863,66713
63863,18445
63863,32176
63863,92100
63863,43081
63863,84098
63863,17526
63863,9835
63863,39993
63863,87993
63863,33450
63863,97754
63863,85617
63863,41543
63863,4809
63863,99757
63863,30568
63863,10424
63863,65334
63863,18064
63863,53352
63863,16219
63863,75733
63863,47458
63863,89096
63863,25838
63863,1318
63863,68532
63863,80686
63863,80200
63863,7197
36602,84844
36602,90482
36602,1064
36602,39243
36602,70994
36602,53926
36602,73918
36602,29838
36602,79095
36602,10520
36602,5957
36602,22048
36602,46068
36602,60979
36602,58914
36602,42452
36602,82315
36602,58245
36602,92155
36602,11125
36602,10079
36602,97872
36602,13914
36602,76214
36602,90375
36602,36215
36602,50886
36602,92548
36602,3086
36602,30719
36602,90997
36602,3924
36602,36838
36602,43003
36602,51810
36602,19091
36602,88950
36602,84595
36602,42635
36602,42723
36602,49424
36602,48430
36602,41743
36602,47292
36602,29982
36602,46828
36602,67349
36602,61309
36602,64757
36602,55319
36602,14425
36602,73704
36602,59817
36602,39501
36602,78675
36602,78995
36602,70679
36602,70600
36602,62224
36602,24497
36602,2584
36602,86833
36602,8536
36602,69125
36602,60549
36602,33249
36602,40557
36602,4809
36602,16291
36602,13373
36602,89249
36602,73539
36602,74888
36602,52110
63876,2885
63876,695
63876,40029
63876,43092
63876,78355
63876,87781
63876,20460
63876,36875
63876,95763
63876,7959
63876,58914
63876,62725
63876,59292
63876,50015
63876,73798
63876,65681
63876,30083
63876,41190
63876,3193
63876,2418
63876,23385
63876,63014
63876,26030
63876,13914
63876,63866
63876,80519
63876,48721
63876,47066
63876,5949
63876,63951
63876,46061
63876,65271
63876,49679
63876,23594
63876,13285
63876,27199
63876,14290
63876,51181
63876,36854
63876,80999
63876,82093
63876,32541
63876,24070
63876,81052
63876,12906
63876,37195
63876,7021
63876,47003
63876,87941
63876,48430
63876,13122
63876,50883
63876,86997
63876,82814
63876,6525
63876,91314
63876,60670
63876,79870
63876,65295
63876,26761
63876,59113
63876,14240
63876,62293
63876,6594
63876,48302
63876,75375
63876,95995
63876,66626
63876,84083
63876,63028
63876,10343
63876,13613
63876,78665
63876,45185
63876,43746
63876,61326
63876,11038
63876,67747
63876,1674
63876,78177
63876,4312
63876,18882
63876,4232
63876,85225
63876,3101
63876,72568
63876,8536
63876,76145
63876,72270
63876,34076
63876,58681
63876,38591
63876,88089
63876,45696
63876,42982
63876,16291
63876,18064
63876,99454
63876,73873
63876,52638
63876,89642
63876,66677
63876,51334
63876,90808
63876,697
63876,74888
59587,41477
59587,2885
59587,39885
59587,70994
59587,94791
59587,57372
59587,74649
59587,37711
59587,43561
59587,91845
59587,88731
59587,14340
59587,20082
59587,50306
59587,41448
59587,66638
59587,83129
59587,1272
59587,39824
59587,36458
59587,82241
59587,46159
59587,53548
59587,11960
59587,36875
59587,10564
59587,74059
59587,43652
59587,29210
59587,7959
59587,58914
59587,88384
59587,59292
59587,87765
59587,69995
59587,50015
59587,36162
59587,82315
59587,22340
59587,57289
59587,41190
59587,37570
59587,4731
59587,28105
59587,88776
59587,77441
59587,3193
59587,60090
59587,40875
59587,29923
59587,26405
59587,23385
59587,51678
59587,47172
59587,86807
59587,94556
59587,8309
59587,44582
59587,82739
59587,13148
59587,28429
59587,78983
59587,9891
59587,30614
59587,16081
59587,97386
59587,5949
59587,92882
59587,71346
59587,84786
59587,66326
59587,74853
59587,63871
59587,46061
59587,84441
59587,30860
59587,42102
59587,25460
59587,86289
59587,78765
59587,17740
59587,23594
59587,13285
59587,22807
59587,43175
59587,2500
59587,62153
59587,88855
59587,27199
59587,63112
59587,28928
59587,80887
59587,36838
59587,75147
59587,92236
59587,83163
59587,19451
59587,53082
59587,4071
59587,65664
59587,19091
59587,66075
59587,80321
59587,82093
59587,86538
59587,22110
59587,89459
59587,12242
59587,1198
59587,48391
59587,84595
59587,59054
59587,3793
59587,68416
59587,66004
59587,13705
59587,74421
59587,72364
59587,48612
59587,61309
59587,8669
59587,10042
59587,82847
59587,47212
59587,79870
59587,34016
59587,11766
59587,42819
59587,5943
59587,36851
59587,14765
59587,75444
59587,14425
59587,65295
59587,49068
59587,87379
59587,37840
59587,59113
59587,28935
59587,81743
59587,39501
59587,78675
59587,39888
59587,20149
59587,36296
59587,47884
59587,70167
59587,71569
59587,76793
59587,28136
59587,15956
59587,44976
59587,58578
59587,87505
59587,78374
59587,12104
59587,56747
59587,44348
59587,70679
59587,66626
59587,76511
59587,56359
59587,10343
59587,45925
59587,6090
59587,48745
59587,57782
59587,45185
59587,48790
59587,94730
59587,90275
59587,61573
59587,57967
59587,94202
59587,36956
59587,24497
59587,12333
59587,44244
59587,67747
59587,63777
59587,4925
59587,1674
59587,6463
59587,76147
59587,8628
59587,4312
59587,98306
59587,59844
59587,78591
59587,3101
59587,37106
59587,73386
59587,97900
59587,93507
59587,17736
59587,76145
59587,55184
59587,67921
59587,7536
59587,1829
59587,51097
59587,56407
59587,61238
59587,27856
59587,18218
59587,84098
59587,29290
59587,9835
59587,33450
59587,68607
59587,21831
59587,998
59587,90034
59587,85617
59587,35093
59587,37735
59587,84551
59587,30568
59587,13373
59587,30692
59587,19794
59587,90307
59587,66677
59587,47458
59587,85528
59587,5062
59587,94637
59587,49307
59587,1711
59587,97957
87505,25155
87505,37711
87505,65887
87505,88731
87505,87030
87505,79650
87505,66638
87505,39824
87505,81015
87505,54857
87505,51055
87505,10079
87505,7697
87505,64607
87505,51855
87505,44672
87505,29628
87505,28429
87505,72277
87505,16081
87505,89332
87505,51431
87505,84786
87505,7315
87505,34274
87505,82969
87505,3086
87505,26935
87505,92236
87505,19451
87505,113
87505,7021
87505,4177
87505,34808
87505,13122
87505,58660
87505,68658
87505,9621
87505,72929
87505,21036
87505,11733
87505,21026
87505,37840
87505,14240
87505,28136
87505,76327
87505,78995
87505,95265
87505,97247
87505,78374
87505,9239
87505,29040
87505,43946
87505,71663
87505,20130
87505,10353
87505,97900
87505,1829
87505,18841
87505,56407
87505,61238
87505,58681
87505,82741
87505,87993
87505,62826
87505,65163
87505,92282
87505,10424
87505,19794
87505,10958
87505,80200
87505,97957
15603,90482
15603,1064
15603,39243
15603,12361
15603,28680
15603,57372
15603,59135
15603,50306
15603,3805
15603,36458
15603,70392
15603,25310
15603,79095
15603,24302
15603,50136
15603,74059
15603,22048
15603,58914
15603,88384
15603,73445
15603,58245
15603,78373
15603,62704
15603,23385
15603,7697
15603,64607
15603,97872
15603,83365
15603,50055
15603,69711
15603,51855
15603,44672
15603,7685
15603,76214
15603,49612
15603,16081
15603,48721
15603,47066
15603,71346
15603,42451
15603,66326
15603,9915
15603,34274
15603,50886
15603,46061
15603,38505
15603,92548
15603,34524
15603,30860
15603,81497
15603,26935
15603,97475
15603,74365
15603,3924
15603,28928
15603,36838
15603,7926
15603,80999
15603,65664
15603,11158
15603,45216
15603,71128
15603,87269
15603,15889
15603,88950
15603,48391
15603,7021
15603,96472
15603,63663
15603,47003
15603,13122
15603,66004
15603,85606
15603,53695
15603,37212
15603,79834
15603,68658
15603,9621
15603,72929
15603,60670
15603,11766
15603,39351
15603,47820
15603,15566
15603,47187
15603,29682
15603,36296
15603,95853
15603,99173
15603,26638
15603,38211
15603,56359
15603,82703
15603,38589
15603,85262
15603,17354
15603,45185
15603,64966
15603,20130
15603,62224
15603,24497
15603,10353
15603,44244
15603,63777
15603,63620
15603,75529
15603,12599
15603,86833
15603,37106
15603,92503
15603,97900
15603,8536
15603,49942
15603,45506
15603,1829
15603,55334
15603,57589
15603,32176
15603,27856
15603,28112
15603,88089
15603,79138
15603,62826
15603,65163
15603,35093
15603,10424
15603,99454
15603,82704
15603,37022
15603,68532
15603,94637
4019,39885
4019,50797
4019,94791
4019,12999
4019,90965
4019,99322
4019,17253
4019,79668
4019,695
4019,29838
4019,65887
4019,91845
4019,73945
4019,81332
4019,43092
4019,7612
4019,64451
4019,83129
4019,55515
4019,49372
4019,36458
4019,51625
4019,46159
4019,46461
4019,87781
4019,10564
4019,22048
4019,60979
4019,88384
4019,69995
4019,42452
4019,98463
4019,36162
4019,73445
4019,22340
4019,11153
4019,41435
4019,65681
4019,30083
4019,51055
4019,11125
4019,46431
4019,26165
4019,62803
4019,13748
4019,22620
4019,7697
4019,43461
4019,89624
4019,94556
4019,50055
4019,69711
4019,44582
4019,39301
4019,62707
4019,2820
4019,3228
4019,72277
4019,29884
4019,47722
4019,48721
4019,46099
4019,28110
4019,63951
4019,80996
4019,94560
4019,66326
4019,74853
4019,98151
4019,48244
4019,65271
4019,84441
4019,92655
4019,38505
4019,3086
4019,34524
4019,30860
4019,42102
4019,17740
4019,23594
4019,74600
4019,13285
4019,22807
4019,91223
4019,57494
4019,49806
4019,14421
4019,22528
4019,74365
4019,83163
4019,21092
4019,43003
4019,33181
4019,65432
4019,27455
4019,65664
4019,19091
4019,31024
4019,45216
4019,81052
4019,61524
4019,94363
4019,96472
4019,40753
4019,42635
4019,73295
4019,85606
4019,47292
4019,67349
4019,64757
4019,58660
4019,91314
4019,82847
4019,57173
4019,60670
4019,34016
4019,5943
4019,36851
4019,76900
4019,21947
4019,11733
4019,19028
4019,4272
4019,53770
4019,86161
4019,34448
4019,49068
4019,87379
4019,47187
4019,59113
4019,39501
4019,47884
4019,80842
4019,26074
4019,95853
4019,48302
4019,28136
4019,2997
4019,35999
4019,58578
4019,95995
4019,8796
4019,36422
4019,10513
4019,10343
4019,37372
4019,78665
4019,57782
4019,94730
4019,61573
4019,77841
4019,57967
4019,81307
4019,12407
4019,77942
4019,24497
4019,19851
4019,63777
4019,75529
4019,85225
4019,57242
4019,3101
4019,86833
4019,92503
4019,97900
4019,40938
4019,49942
4019,45506
4019,77844
4019,7536
4019,60549
4019,1829
4019,11238
4019,43081
4019,18218
4019,17185
4019,38591
4019,20445
4019,33450
4019,8697
4019,88486
4019,21831
4019,65163
4019,90034
4019,85617
4019,99757
4019,30568
4019,27660
4019,12515
4019,91319
4019,13373
4019,82704
4019,63531
4019,35240
4019,53352
4019,37022
4019,42374
4019,61976
4019,52638
4019,91043
4019,7137
4019,78277
4019,17930
4019,32666
4019,51334
4019,25838
4019,1318
4019,80686
4019,94637
4019,30776
4019,1711
80784,84844
80784,41477
80784,53643
80784,28680
80784,96311
80784,29838
80784,65887
80784,15989
80784,63867
80784,2126
80784,87030
80784,8980
80784,3805
80784,72594
80784,92369
80784,25310
80784,87781
80784,35573
80784,58424
80784,29210
80784,50426
80784,82315
80784,11153
80784,92155
80784,65681
80784,39491
80784,60090
80784,26165
80784,10079
80784,87239
80784,23385
80784,44043
80784,16897
80784,39301
80784,49612
80784,36215
80784,51431
80784,68964
80784,70954
80784,6346
80784,30719
80784,19897
80784,90997
80784,92866
80784,2500
80784,48489
80784,84059
80784,99057
80784,65432
80784,4071
80784,27455
80784,80321
80784,82093
80784,45216
80784,81052
80784,87269
80784,89459
80784,25706
80784,88161
80784,44313
80784,34808
80784,63663
80784,13122
80784,41743
80784,55814
80784,46828
80784,67349
80784,68658
80784,57173
80784,11766
80784,72410
80784,16012
80784,65295
80784,11775
80784,47820
80784,15566
80784,59113
80784,28935
80784,53495
80784,59817
80784,92622
80784,29682
80784,78675
80784,39888
80784,99792
80784,26074
80784,70167
80784,18845
80784,35999
80784,26638
80784,78995
80784,97247
80784,8796
80784,30481
80784,99290
80784,45925
80784,43946
80784,38589
80784,61025
80784,62224
80784,36956
80784,22436
80784,2584
80784,18882
80784,57242
80784,76145
80784,3913
80784,90546
80784,55184
80784,77844
80784,56489
80784,7536
80784,84135
80784,58681
80784,79102
80784,18218
80784,28112
80784,17185
80784,29290
80784,9835
80784,8697
80784,31910
80784,35093
80784,84551
80784,4809
80784,16291
80784,18064
80784,13373
80784,52638
80784,53056
80784,16219
80784,89642
80784,80572
80784,88311
80784,75733
80784,65114
80784,47458
80784,90808
80784,52110
19441,53926
19441,43561
19441,81332
19441,95607
19441,34874
19441,70434
19441,81015
19441,39079
19441,79095
19441,87781
19441,30083
19441,4731
19441,70782
19441,39274
19441,58143
19441,89624
19441,97893
19441,16897
19441,98684
19441,78983
19441,5949
19441,80996
19441,94560
19441,42451
19441,66501
19441,84441
19441,92655
19441,27254
19441,42102
19441,30719
19441,74600
19441,92866
19441,22807
19441,40584
19441,48391
19441,4177
19441,75920
19441,70511
19441,48612
19441,58660
19441,91314
19441,13968
19441,39501
19441,45841
19441,30170
19441,36422
19441,19147
19441,50307
19441,78665
19441,7025
19441,68857
19441,78177
19441,17736
19441,33196
19441,1829
19441,96402
19441,74176
19441,39058
19441,48933
19441,45696
19441,998
19441,4809
19441,92282
19441,95796
19441,91319
19441,90650
19441,90307
19441,89096
19441,46196
19441,49307
19441,74088
76272,90482
76272,97522
76272,46602
76272,50797
76272,53926
76272,84230
76272,12361
76272,57372
76272,25155
76272,74649
76272,37711
76272,29759
76272,14210
76272,98122
76272,79650
76272,8980
76272,50306
76272,3805
76272,87810
76272,1503
76272,70434
76272,49372
76272,38578
76272,11960
76272,79095
76272,87781
76272,36875
76272,93944
76272,74059
76272,5957
76272,38932
76272,68556
76272,8287
76272,26312
76272,88384
76272,62725
76272,69995
76272,50426
76272,36866
76272,24848
76272,60211
76272,9150
76272,78373
76272,39491
76272,51451
76272,62803
76272,2418
76272,68169
76272,10079
76272,7697
76272,58143
76272,44043
76272,97872
76272,44582
76272,51855
76272,39301
76272,13914
76272,62707
76272,76214
76272,72277
76272,78983
76272,30614
76272,6262
76272,91
76272,16081
76272,89332
76272,34053
76272,65304
76272,71346
76272,70954
76272,39863
76272,9915
76272,43875
76272,50886
76272,48244
76272,85851
76272,1836
76272,92655
76272,92548
76272,97323
76272,1332
76272,34524
76272,27254
76272,64775
76272,21230
76272,81497
76272,70282
76272,24548
76272,57494
76272,34924
76272,27199
76272,63112
76272,14290
76272,80887
76272,36838
76272,83163
76272,36854
76272,21092
76272,19451
76272,5199
76272,18030
76272,34523
76272,12906
76272,48898
76272,91374
76272,44313
76272,37654
76272,47003
76272,3793
76272,13122
76272,56254
76272,66004
76272,98521
76272,96507
76272,74421
76272,47292
76272,79834
76272,9031
76272,64757
76272,91314
76272,68658
76272,72929
76272,60670
76272,52905
76272,34016
76272,42819
76272,14765
76272,11733
76272,4272
76272,9076
76272,55639
76272,72659
76272,87379
76272,73704
76272,59113
76272,81743
76272,92622
76272,39888
76272,84280
76272,14299
76272,6594
76272,48302
76272,71569
76272,26638
76272,69725
76272,6856
76272,44348
76272,56359
76272,63028
76272,10343
76272,73973
76272,7339
76272,12237
76272,79067
76272,57837
76272,6090
76272,85262
76272,45185
76272,7025
76272,43746
76272,48790
76272,94730
76272,77841
76272,64317
76272,12407
76272,45770
76272,11038
76272,10353
76272,44244
76272,63777
76272,63620
76272,1674
76272,6463
76272,98306
76272,59844
76272,12599
76272,85225
76272,86833
76272,72598
76272,29704
76272,90546
76272,49233
76272,67921
76272,10188
76272,69125
76272,62851
76272,18445
76272,13278
76272,39310
76272,18218
76272,28112
76272,38591
76272,20445
76272,49957
76272,29290
76272,74594
76272,79138
76272,88486
76272,65163
76272,31910
76272,37735
76272,41543
76272,4809
76272,13373
76272,30692
76272,93387
76272,9169
76272,7137
76272,16219
76272,47458
76272,89967
76272,39496
76272,5062
76272,652
76272,64597
76272,30776
76272,33252
76272,59530
14688,84844
14688,41477
14688,2885
14688,50797
14688,12999
14688,53926
14688,69909
14688,96311
14688,37711
14688,65887
14688,49558
14688,14210
14688,73945
14688,81332
14688,44305
14688,7612
14688,41448
14688,10428
14688,87810
14688,1272
14688,91713
14688,70434
14688,81015
14688,51625
14688,38578
14688,39079
14688,36875
14688,95594
14688,59176
14688,10564
14688,74059
14688,1795
14688,96937
14688,60979
14688,58914
14688,72149
14688,54857
14688,58245
14688,60211
14688,39080
14688,91642
14688,65681
14688,4731
14688,40875
14688,62803
14688,68169
14688,13748
14688,62704
14688,7697
14688,16897
14688,39301
14688,44672
14688,63866
14688,7685
14688,2820
14688,13148
14688,28429
14688,72277
14688,78983
14688,9891
14688,18765
14688,12812
14688,71346
14688,94560
14688,39863
14688,48244
14688,65271
14688,13512
14688,1332
14688,34524
14688,30860
14688,17740
14688,23594
14688,74600
14688,92866
14688,57494
14688,1608
14688,34924
14688,84059
14688,14421
14688,74365
14688,21793
14688,96691
14688,80887
14688,54129
14688,46692
14688,7926
14688,11158
14688,12242
14688,15889
14688,95994
14688,48391
14688,59063
14688,91374
14688,84024
14688,42635
14688,63663
14688,47003
14688,3793
14688,49424
14688,37512
14688,63042
14688,87941
14688,55814
14688,96507
14688,86997
14688,61309
14688,9031
14688,68658
14688,54466
14688,21036
14688,42819
14688,62943
14688,11733
14688,19028
14688,39383
14688,47820
14688,9053
14688,37840
14688,81743
14688,39501
14688,78675
14688,56529
14688,99792
14688,93464
14688,95338
14688,14299
14688,15956
14688,76327
14688,26638
14688,95995
14688,97247
14688,78374
14688,42923
14688,85542
14688,76511
14688,19147
14688,64039
14688,37372
14688,7339
14688,82703
14688,6927
14688,45925
14688,57837
14688,43746
14688,71663
14688,57967
14688,81307
14688,12407
14688,77942
14688,67009
14688,19851
14688,44244
14688,48609
14688,6463
14688,4312
14688,18882
14688,59844
14688,78591
14688,8536
14688,93507
14688,76145
14688,90546
14688,16758
14688,82993
14688,34076
14688,10188
14688,74722
14688,61238
14688,84135
14688,96402
14688,92100
14688,82741
14688,74176
14688,39058
14688,17185
14688,38591
14688,9835
14688,74594
14688,998
14688,97754
14688,31910
14688,85617
14688,2677
14688,16291
14688,27660
14688,65334
14688,61976
14688,91043
14688,16219
14688,10059
14688,89967
14688,85528
14688,5062
14688,49307
14688,33252
74437,40696
74437,41477
74437,97522
74437,39885
74437,94791
74437,84230
74437,53643
74437,28680
74437,695
74437,29838
74437,91845
74437,63867
74437,29759
74437,40029
74437,36078
74437,84178
74437,98122
74437,59121
74437,94916
74437,61726
74437,8980
74437,44305
74437,3545
74437,10428
74437,91713
74437,70434
74437,49372
74437,70392
74437,46461
74437,39983
74437,38578
74437,10564
74437,64417
74437,8013
74437,50136
74437,76581
74437,96937
74437,7959
74437,62725
74437,59292
74437,69995
74437,36162
74437,73445
74437,24848
74437,91642
74437,30083
74437,39491
74437,4731
74437,11125
74437,77441
74437,39274
74437,13748
74437,7697
74437,58143
74437,44043
74437,89624
74437,3003
74437,474
74437,49612
74437,9891
74437,30614
74437,47722
74437,5949
74437,65304
74437,80996
74437,68964
74437,42451
74437,9915
74437,66501
74437,46061
74437,48244
74437,3086
74437,34524
74437,30719
74437,64775
74437,17740
74437,27522
74437,64747
74437,91223
74437,43175
74437,2500
74437,26935
74437,65472
74437,88855
74437,16722
74437,84059
74437,14421
74437,3924
74437,21793
74437,14290
74437,46692
74437,7926
74437,79278
74437,53082
74437,72188
74437,65664
74437,80321
74437,82093
74437,81052
74437,15889
74437,61524
74437,25706
74437,88161
74437,12138
74437,29822
74437,96472
74437,42635
74437,16425
74437,47003
74437,37512
74437,62444
74437,13122
74437,56254
74437,66004
74437,24353
74437,74421
74437,84822
74437,86997
74437,46828
74437,53695
74437,46428
74437,58660
74437,91314
74437,18276
74437,47212
74437,47881
74437,60670
74437,15096
74437,82639
74437,72410
74437,55639
74437,1349
74437,21026
74437,72659
74437,87379
74437,37840
74437,59113
74437,81743
74437,92622
74437,39501
74437,80842
74437,63297
74437,70167
74437,75375
74437,18845
74437,74988
74437,99173
74437,87505
74437,26638
74437,42987
74437,69725
74437,21334
74437,6856
74437,78374
74437,38211
74437,30481
74437,76511
74437,56359
74437,28714
74437,27266
74437,6815
74437,4027
74437,57782
74437,45185
74437,59783
74437,67009
74437,63777
74437,63620
74437,78177
74437,4232
74437,72598
74437,40938
74437,16758
74437,49942
74437,34076
74437,56489
74437,69125
74437,60549
74437,61238
74437,57589
74437,28112
74437,28282
74437,88089
74437,79138
74437,21831
74437,62826
74437,90034
74437,85617
74437,85038
74437,99757
74437,30568
74437,92966
74437,16291
74437,92282
74437,52703
74437,91319
74437,18064
74437,53352
74437,9320
74437,73873
74437,73539
74437,52638
74437,91043
74437,53056
74437,66677
74437,20515
74437,90808
74437,49307
74437,52110
74437,1711
74437,59530
74437,7197
74437,97957
98251,97522
98251,46602
98251,50797
98251,70994
98251,12999
98251,99710
98251,79668
98251,57372
98251,91845
98251,2126
98251,98122
98251,94916
98251,59135
98251,8980
98251,81332
98251,43092
98251,44305
98251,22517
98251,55515
98251,70434
98251,81015
98251,82241
98251,11960
98251,20460
98251,95763
98251,59176
98251,10520
98251,50802
98251,8013
98251,10563
98251,5957
98251,26312
98251,60979
98251,87765
98251,36162
98251,36866
98251,65538
98251,78373
98251,41190
98251,4731
98251,40875
98251,26165
98251,62803
98251,68169
98251,26405
98251,44043
98251,89624
98251,26030
98251,3003
98251,50055
98251,69711
98251,16897
98251,63866
98251,13148
98251,72277
98251,78983
98251,80519
98251,67649
98251,17936
98251,6262
98251,36215
98251,47066
98251,80996
98251,94560
98251,1862
98251,66501
98251,7315
98251,45177
98251,98151
98251,50886
98251,48244
98251,84441
98251,6
98251,30719
98251,19897
98251,49679
98251,13285
98251,91223
98251,2500
98251,23525
98251,34924
98251,16722
98251,27199
98251,54129
98251,62515
98251,7926
98251,91832
98251,65432
98251,4071
98251,54974
98251,45216
98251,32541
98251,98615
98251,28495
98251,37195
98251,15718
98251,29822
98251,96472
98251,40753
98251,91374
98251,84024
98251,3793
98251,70511
98251,59114
98251,87941
98251,56254
98251,50883
98251,48756
98251,98521
98251,96507
98251,85606
98251,39809
98251,95970
98251,61309
98251,6525
98251,57173
98251,15096
98251,82639
98251,21036
98251,95408
98251,62943
98251,93735
98251,73704
98251,28935
98251,92622
98251,39501
98251,29682
98251,47884
98251,80842
98251,63297
98251,62293
98251,93464
98251,95853
98251,14299
98251,6594
98251,8982
98251,75375
98251,2997
98251,44976
98251,70254
98251,42923
98251,56747
98251,38211
98251,58617
98251,66626
98251,10513
98251,56359
98251,63028
98251,18165
98251,28714
98251,27266
98251,6815
98251,38589
98251,6090
98251,78665
98251,57782
98251,7025
98251,90275
98251,77964
98251,60730
98251,94202
98251,77942
98251,67747
98251,75529
98251,59844
98251,37106
98251,73386
98251,97900
98251,29704
98251,90546
98251,40938
98251,67921
98251,49942
98251,45506
98251,69125
98251,51097
98251,73855
98251,96402
98251,32176
98251,92100
98251,28112
98251,17185
98251,17526
98251,61825
98251,62826
98251,97567
98251,97754
98251,2677
98251,72466
98251,24072
98251,30568
98251,96211
98251,27660
98251,63531
98251,93387
98251,73873
98251,64575
98251,9169
98251,13395
98251,53056
98251,75733
98251,89096
98251,5062
98251,68532
98251,25417
98251,80200
13485,50797
13485,94791
13485,69909
13485,57372
13485,695
13485,91845
13485,59121
13485,87030
13485,81332
13485,44305
13485,1272
13485,30965
13485,39824
13485,70434
13485,36458
13485,20460
13485,59176
13485,10563
13485,58424
13485,58914
13485,50015
13485,36162
13485,22340
13485,73798
13485,9150
13485,92155
13485,65681
13485,39491
13485,77441
13485,62803
13485,13748
13485,66992
13485,94556
13485,2820
13485,72277
13485,18765
13485,30614
13485,42451
13485,23594
13485,91223
13485,97475
13485,16722
13485,14421
13485,14290
13485,7926
13485,79278
13485,91832
13485,86538
13485,45216
13485,40584
13485,87269
13485,12242
13485,1198
13485,28495
13485,48898
13485,34808
13485,49424
13485,73295
13485,59114
13485,81927
13485,13705
13485,59338
13485,84822
13485,53695
13485,82814
13485,79834
13485,46428
13485,47881
13485,60670
13485,15096
13485,21036
13485,42819
13485,14765
13485,53770
13485,55639
13485,87379
13485,53495
13485,45841
13485,63297
13485,93464
13485,8982
13485,15956
13485,44976
13485,58578
13485,44348
13485,58617
13485,10513
13485,19147
13485,7339
13485,31580
13485,78665
13485,57782
13485,45185
13485,11038
13485,4925
13485,59844
13485,37106
13485,72568
13485,29704
13485,49233
13485,18841
13485,56407
13485,62851
13485,18218
13485,28282
13485,29290
13485,74594
13485,79138
13485,42982
13485,85617
13485,85038
13485,27660
13485,63531
13485,85528
13485,94637
13485,64597
13485,44128
13485,59530
18419,2885
18419,84230
18419,12361
18419,25155
18419,59135
18419,79650
18419,66638
18419,49372
18419,74059
18419,1795
18419,88776
18419,43461
18419,51855
18419,97386
18419,51431
18419,42451
18419,66326
18419,41019
18419,63871
18419,92548
18419,82969
18419,3086
18419,1332
18419,26935
18419,80887
18419,46692
18419,51810
18419,113
18419,4177
18419,91374
18419,16425
18419,63663
18419,81927
18419,53695
18419,58660
18419,47881
18419,9621
18419,72929
18419,21036
18419,47820
18419,9076
18419,93735
18419,9053
18419,47187
18419,29682
18419,20149
18419,97247
18419,78374
18419,42923
18419,28714
18419,82703
18419,45185
18419,10353
18419,63777
18419,12599
18419,92503
18419,34076
18419,10188
18419,1829
18419,18841
18419,56407
18419,87993
18419,42982
18419,16291
18419,82704
18419,5062
18419,33252
18419,97957
48019,2885
48019,39885
48019,94649
48019,17253
48019,37605
48019,91845
48019,63867
48019,40029
48019,37624
48019,90113
48019,61726
48019,87030
48019,11960
48019,79095
48019,20460
48019,38335
48019,95594
48019,10520
48019,89592
48019,43652
48019,68556
48019,35573
48019,7959
48019,58914
48019,62725
48019,87765
48019,50015
48019,50426
48019,22340
48019,65538
48019,51846
48019,30083
48019,51055
48019,41190
48019,4731
48019,88776
48019,3193
48019,60090
48019,78824
48019,26165
48019,3617
48019,62803
48019,2418
48019,68169
48019,23385
48019,7697
48019,47172
48019,43461
48019,44043
48019,94556
48019,97872
48019,3003
48019,51855
48019,39301
48019,76214
48019,29628
48019,80519
48019,29884
48019,47722
48019,97386
48019,65304
48019,63951
48019,84786
48019,39863
48019,30205
48019,1862
48019,31336
48019,63871
48019,50886
48019,46061
48019,6346
48019,92548
48019,97323
48019,1332
48019,34524
48019,13285
48019,2500
48019,62153
48019,34924
48019,16722
48019,84059
48019,14421
48019,27199
48019,7926
48019,18674
48019,21092
48019,72188
48019,4071
48019,54974
48019,80321
48019,86538
48019,81052
48019,61524
48019,88161
48019,48898
48019,15718
48019,4177
48019,16425
48019,70511
48019,13122
48019,41743
48019,50883
48019,66004
48019,26261
48019,81927
48019,13705
48019,20079
48019,58951
48019,79834
48019,91314
48019,54466
48019,10042
48019,57173
48019,21036
48019,95408
48019,36851
48019,13968
48019,75444
48019,4272
48019,14425
48019,88953
48019,9588
48019,15566
48019,9053
48019,47187
48019,73704
48019,37840
48019,39888
48019,84280
48019,45841
48019,93464
48019,95338
48019,95853
48019,2997
48019,35999
48019,99173
48019,87505
48019,26638
48019,42987
48019,78995
48019,69725
48019,21334
48019,97247
48019,12104
48019,38798
48019,44348
48019,58159
48019,66626
48019,84083
48019,63028
48019,64039
48019,73973
48019,29040
48019,82703
48019,79067
48019,48745
48019,7025
48019,43746
48019,61573
48019,77841
48019,71663
48019,20130
48019,21683
48019,11038
48019,19851
48019,10353
48019,63620
48019,1674
48019,59844
48019,12599
48019,85225
48019,78591
48019,57242
48019,37106
48019,92503
48019,60228
48019,90546
48019,82993
48019,67921
48019,72270
48019,45506
48019,34076
48019,7536
48019,74722
48019,1829
48019,73855
48019,55334
48019,58681
48019,32176
48019,79102
48019,27856
48019,18218
48019,20445
48019,40557
48019,88089
48019,29290
48019,79138
48019,8697
48019,68607
48019,85617
48019,35093
48019,37735
48019,24072
48019,85038
48019,92966
48019,16291
48019,91319
48019,18064
48019,35240
48019,30692
48019,91043
48019,13395
48019,19794
48019,16219
48019,80572
48019,17930
48019,89096
48019,32666
48019,10059
48019,1318
48019,68532
48019,10958
48019,74088
48019,74888
92332,12999
92332,69909
92332,99710
92332,53643
92332,59121
92332,81332
92332,77939
92332,3805
92332,72594
92332,55515
92332,70434
92332,49372
92332,82241
92332,95594
92332,10520
92332,50136
92332,89592
92332,10563
92332,5957
92332,92155
92332,22648
92332,40875
92332,13748
92332,26030
92332,62707
92332,17936
92332,14531
92332,97386
92332,41019
92332,48244
92332,62905
92332,96678
92332,21230
92332,13285
92332,64747
92332,91223
92332,26935
92332,62153
92332,16722
92332,22528
92332,21793
92332,28928
92332,36838
92332,99057
92332,83163
92332,91832
92332,51810
92332,19091
92332,40584
92332,12242
92332,48898
92332,91374
92332,87941
92332,50883
92332,55814
92332,85606
92332,39809
92332,47292
92332,37212
92332,79834
92332,8669
92332,82639
92332,26544
92332,14765
92332,21026
92332,26761
92332,87379
92332,73704
92332,81743
92332,39888
92332,99792
92332,47884
92332,48302
92332,28136
92332,35999
92332,58578
92332,26638
92332,84622
92332,66626
92332,73973
92332,70600
92332,82703
92332,78665
92332,57782
92332,61573
92332,24497
92332,11038
92332,78591
92332,72598
92332,90546
92332,45506
92332,10188
92332,69125
92332,73855
92332,61238
92332,39310
92332,28282
92332,45696
92332,61825
92332,90034
92332,99757
92332,73409
92332,86447
92332,99454
92332,63531
92332,35240
92332,53056
92332,10059
92332,25838
92332,90808
92332,85528
92332,33252
65631,12376
65631,40696
65631,41477
65631,39243
65631,46602
65631,99710
65631,79668
65631,96311
65631,65887
65631,91845
65631,14613
65631,88731
65631,36078
65631,98122
65631,37624
65631,90113
65631,61726
65631,87030
65631,72594
65631,64451
65631,83129
65631,70434
65631,36458
65631,51625
65631,46159
65631,53548
65631,20460
65631,95594
65631,50802
65631,64417
65631,65268
65631,8287
65631,58424
65631,96937
65631,59292
65631,36866
65631,41435
65631,51846
65631,39491
65631,51451
65631,10079
65631,26405
65631,87239
65631,23385
65631,58143
65631,44582
65631,13914
65631,3228
65631,90375
65631,78983
65631,67649
65631,18765
65631,36215
65631,47066
65631,65304
65631,51431
65631,80996
65631,74853
65631,13875
65631,34274
65631,98151
65631,84441
65631,6
65631,30719
65631,64775
65631,78765
65631,81497
65631,23594
65631,27522
65631,92866
65631,13285
65631,23525
65631,82707
65631,84059
65631,80887
65631,62515
65631,18674
65631,72188
65631,27455
65631,34523
65631,29358
65631,88161
65631,7021
65631,24234
65631,59063
65631,49424
65631,37512
65631,87941
65631,62444
65631,13122
65631,96507
65631,82814
65631,8669
65631,82847
65631,47212
65631,47881
65631,72929
65631,42819
65631,26544
65631,53770
65631,39383
65631,55639
65631,26761
65631,88953
65631,86161
65631,15566
65631,49068
65631,37840
65631,59817
65631,78675
65631,26618
65631,45841
65631,8982
65631,75375
65631,99173
65631,26638
65631,6856
65631,78374
65631,38211
65631,83902
65631,19147
65631,99290
65631,7339
65631,78665
65631,45185
65631,7025
65631,43746
65631,90275
65631,28799
65631,23664
65631,77841
65631,64317
65631,59783
65631,57967
65631,94202
65631,36956
65631,44244
65631,76147
65631,78177
65631,75529
65631,37787
65631,18882
65631,85225
65631,8536
65631,93507
65631,17736
65631,90546
65631,55184
65631,40938
65631,82993
65631,52708
65631,51097
65631,56407
65631,61238
65631,58681
65631,69661
65631,88089
65631,49957
65631,45696
65631,33450
65631,8697
65631,85617
65631,2677
65631,41543
65631,99473
65631,86447
65631,13373
65631,99454
65631,9320
65631,64575
65631,52638
65631,91043
65631,66677
65631,65114
65631,32666
65631,90808
65631,1318
65631,46196
65631,94637
65631,74888
65631,44128
65631,7197
76298,84844
76298,54084
76298,41477
76298,94791
76298,53926
76298,69909
76298,73918
76298,94649
76298,53643
76298,91845
76298,14613
76298,40029
76298,90113
76298,59135
76298,43092
76298,34874
76298,81015
76298,51625
76298,36875
76298,38335
76298,10564
76298,50802
76298,64417
76298,8013
76298,74059
76298,8287
76298,48196
76298,1795
76298,47260
76298,29210
76298,62725
76298,36866
76298,58245
76298,78373
76298,37570
76298,51451
76298,2418
76298,68169
76298,26405
76298,51678
76298,7697
76298,64607
76298,58143
76298,94556
76298,44582
76298,16897
76298,44672
76298,63866
76298,27671
76298,72277
76298,9891
76298,94560
76298,20562
76298,30205
76298,42451
76298,1862
76298,13875
76298,41019
76298,7315
76298,84441
76298,38505
76298,6
76298,82969
76298,64747
76298,22807
76298,21793
76298,36838
76298,54129
76298,21092
76298,72188
76298,4071
76298,19091
76298,40584
76298,81052
76298,87269
76298,7021
76298,15718
76298,4177
76298,59054
76298,91374
76298,68416
76298,13122
76298,24353
76298,81927
76298,46828
76298,61309
76298,6525
76298,58660
76298,9621
76298,57173
76298,72929
76298,42819
76298,76900
76298,75444
76298,11733
76298,39351
76298,93735
76298,21026
76298,86161
76298,15566
76298,87379
76298,41473
76298,59817
76298,26074
76298,30170
76298,95338
76298,3588
76298,76793
76298,18845
76298,2997
76298,99173
76298,69725
76298,95265
76298,30846
76298,38211
76298,70679
76298,58617
76298,83902
76298,38589
76298,57837
76298,50307
76298,48745
76298,44949
76298,45185
76298,43746
76298,90275
76298,77964
76298,29811
76298,57967
76298,24497
76298,10692
76298,22436
76298,6463
76298,76147
76298,78177
76298,98306
76298,12599
76298,85225
76298,57242
76298,37106
76298,73386
76298,8536
76298,93507
76298,29704
76298,3913
76298,7536
76298,51097
76298,56407
76298,57589
76298,74176
76298,39310
76298,18218
76298,39058
76298,28282
76298,48933
76298,33450
76298,97567
76298,18808
76298,84551
76298,24072
76298,99757
76298,30568
76298,96211
76298,52703
76298,10424
76298,73409
76298,18064
76298,35240
76298,42374
76298,52638
76298,47458
76298,94637
76298,25417
76298,74088
76298,33252
76298,52110
76298,33470
76298,44128
76298,59530
8725,84844
8725,97522
8725,2885
8725,73918
8725,14613
8725,88731
8725,14340
8725,8980
8725,44305
8725,22517
8725,39824
8725,70434
8725,49372
8725,25310
8725,93944
8725,74059
8725,26312
8725,96937
8725,60979
8725,72149
8725,88384
8725,59292
8725,36866
8725,65538
8725,41190
8725,39491
8725,88776
8725,7697
8725,47172
8725,16897
8725,13914
8725,90375
8725,80519
8725,18765
8725,89332
8725,97386
8725,80996
8725,98151
8725,46061
8725,92548
8725,30719
8725,86289
8725,96678
8725,23594
8725,74600
8725,92866
8725,78229
8725,16722
8725,28928
8725,51181
8725,99057
8725,34523
8725,82093
8725,88161
8725,88950
8725,37195
8725,75920
8725,84595
8725,97287
8725,16425
8725,63042
8725,94691
8725,50883
8725,55814
8725,13705
8725,39809
8725,54466
8725,11766
8725,62943
8725,11733
8725,16012
8725,65295
8725,72659
8725,28935
8725,53495
8725,39501
8725,78675
8725,95853
8725,6594
8725,15956
8725,42987
8725,12104
8725,38798
8725,10513
8725,9239
8725,70600
8725,12237
8725,45925
8725,6815
8725,6090
8725,13613
8725,85262
8725,45185
8725,48790
8725,60730
8725,36956
8725,10353
8725,76147
8725,4232
8725,85225
8725,86833
8725,8536
8725,93507
8725,56407
8725,92100
8725,33249
8725,28112
8725,87993
8725,31910
8725,85617
8725,16291
8725,92282
8725,10424
8725,53352
8725,9169
8725,80572
8725,88311
8725,75733
8725,10059
8725,51334
8725,68532
8725,94637
8725,64597
8725,10958
8725,52110
8725,33470
29167,41477
29167,73918
29167,28680
29167,6420
29167,29838
29167,88731
29167,59121
29167,49372
29167,53548
29167,79095
29167,24302
29167,74059
29167,46068
29167,35573
29167,88384
29167,50426
29167,58245
29167,60211
29167,40875
29167,10079
29167,22620
29167,43461
29167,89332
29167,8862
29167,5949
29167,38505
29167,92548
29167,30719
29167,80999
29167,43003
29167,36891
29167,42723
29167,47003
29167,25316
29167,74421
29167,47292
29167,37212
29167,64757
29167,15096
29167,55319
29167,14425
29167,72659
29167,73704
29167,59817
29167,78675
29167,15956
29167,42987
29167,69725
29167,38211
29167,12237
29167,85262
29167,48790
29167,28799
29167,12407
29167,4925
29167,2584
29167,37106
29167,60228
29167,60549
29167,43081
29167,39993
29167,87993
29167,31910
29167,35093
29167,10424
29167,52638
29167,95180
29167,5062
29167,74888
29167,52110
29167,33470
29167,44128
22272,12376
22272,39243
22272,84230
22272,53643
22272,74649
22272,91845
22272,88731
22272,14340
22272,50306
22272,44305
22272,92369
22272,53548
22272,25310
22272,50802
22272,49983
22272,48196
22272,60979
22272,29210
22272,62725
22272,36866
22272,11153
22272,37570
22272,3193
22272,78824
22272,51710
22272,26165
22272,62803
22272,2418
22272,63014
22272,43461
22272,44043
22272,94556
22272,8309
22272,13914
22272,98684
22272,71870
22272,1862
22272,66501
22272,84441
22272,13512
22272,82969
22272,3086
22272,96678
22272,27522
22272,74600
22272,1608
22272,97475
22272,34924
22272,16722
22272,75147
22272,80999
22272,65746
22272,18030
22272,22110
22272,75920
22272,59063
22272,63663
22272,73346
22272,96507
22272,29982
22272,67349
22272,61309
22272,8669
22272,96149
22272,34016
22272,62943
22272,39383
22272,86161
22272,55587
22272,37840
22272,59817
22272,29682
22272,80842
22272,3588
22272,35999
22272,44976
22272,97247
22272,58159
22272,63028
22272,99290
22272,70600
22272,43946
22272,61025
22272,17354
22272,28799
22272,23664
22272,61326
22272,24497
22272,44244
22272,78177
22272,98306
22272,78591
22272,37106
22272,73386
22272,17736
22272,3913
22272,33196
22272,74499
22272,55334
22272,58681
22272,28112
22272,20762
22272,69661
22272,62826
22272,998
22272,90034
22272,2677
22272,99454
22272,82704
22272,74888
22272,52110
22272,33470
22272,80200
32564,46602
32564,94791
32564,84230
32564,73918
32564,99710
32564,63867
32564,29759
32564,88731
32564,2126
32564,94916
32564,90113
32564,8980
32564,3545
32564,91713
32564,30965
32564,92369
32564,70434
32564,70392
32564,46159
32564,39983
32564,25310
32564,95763
32564,95594
32564,93944
32564,10520
32564,50802
32564,64417
32564,8287
32564,1795
32564,69995
32564,3193
32564,78824
32564,29923
32564,10079
32564,26405
32564,23385
32564,64607
32564,86807
32564,63014
32564,69711
32564,97893
32564,51855
32564,28429
32564,78983
32564,89332
32564,97386
32564,47066
32564,28110
32564,80996
32564,84786
32564,39863
32564,42451
32564,66501
32564,41019
32564,50886
32564,62905
32564,65271
32564,3086
32564,1332
32564,30860
32564,64775
32564,49679
32564,92866
32564,74365
32564,80887
32564,21092
32564,43003
32564,72188
32564,65746
32564,54974
32564,25706
32564,53881
32564,48391
32564,48898
32564,4177
32564,84595
32564,59063
32564,40753
32564,73295
32564,87941
32564,48430
32564,73346
32564,81927
32564,96507
32564,47292
32564,59338
32564,37212
32564,9031
32564,6525
32564,58660
32564,91314
32564,10042
32564,82847
32564,47212
32564,52905
32564,82639
32564,21036
32564,95408
32564,76900
32564,13968
32564,39351
32564,47820
32564,9076
32564,93735
32564,1349
32564,88953
32564,47187
32564,81743
32564,84280
32564,26618
32564,62293
32564,28136
32564,2997
32564,87505
32564,84622
32564,95265
32564,6856
32564,42923
32564,85542
32564,38211
32564,3
32564,19147
32564,43946
32564,79067
32564,57837
32564,61025
32564,90275
32564,61573
32564,59783
32564,57967
32564,20130
32564,81307
32564,45770
32564,67747
32564,2584
32564,37787
32564,4312
32564,12599
32564,29704
32564,55184
32564,96402
32564,58681
32564,57589
32564,74176
32564,39310
32564,84098
32564,69661
32564,9835
32564,62826
32564,998
32564,97567
32564,90034
32564,2677
32564,24072
32564,4809
32564,99757
32564,12515
32564,91319
32564,13373
32564,89249
32564,37022
32564,90307
32564,16219
32564,95180
32564,10059
32564,51334
32564,652
32564,30776
32564,1711
67734,53926
67734,17253
67734,84178
67734,64416
67734,10428
67734,1272
67734,46159
67734,11960
67734,87781
67734,95594
67734,93944
67734,69995
67734,50015
67734,58245
67734,39491
67734,51451
67734,11125
67734,77441
67734,39274
67734,62803
67734,43461
67734,89624
67734,98684
67734,14531
67734,48721
67734,46099
67734,94560
67734,70954
67734,84441
67734,13512
67734,42102
67734,30719
67734,74600
67734,26935
67734,97475
67734,54129
67734,7926
67734,80999
67734,53082
67734,12242
67734,113
67734,75920
67734,70511
67734,96507
67734,6525
67734,36851
67734,11733
67734,19028
67734,4272
67734,87379
67734,90219
67734,30170
67734,78995
67734,36422
67734,13613
67734,78665
67734,68857
67734,67747
67734,72568
67734,17736
67734,72270
67734,74722
67734,57589
67734,84098
67734,48933
67734,4809
67734,27660
67734,92282
67734,91319
67734,65334
67734,697
67734,68532
22136,12376
22136,2885
22136,84230
22136,57372
22136,14613
22136,36078
22136,84178
22136,98122
22136,8980
22136,3805
22136,83129
22136,55515
22136,1272
22136,92369
22136,70434
22136,46159
22136,39983
22136,69427
22136,87781
22136,93944
22136,60979
22136,88384
22136,76017
22136,58245
22136,78373
22136,39491
22136,40875
22136,78824
22136,64607
22136,47172
22136,63014
22136,7685
22136,27671
22136,474
22136,9891
22136,89332
22136,5949
22136,51431
22136,80996
22136,1862
22136,74853
22136,85851
22136,1608
22136,34924
22136,27199
22136,96691
22136,14290
22136,18674
22136,80999
22136,4071
22136,65664
22136,29358
22136,82093
22136,37195
22136,16425
22136,42723
22136,55814
22136,13705
22136,20079
22136,8669
22136,36851
22136,76900
22136,55587
22136,72659
22136,26618
22136,71569
22136,99173
22136,78374
22136,58159
22136,64039
22136,27266
22136,78665
22136,45185
22136,7025
22136,61573
22136,60730
22136,98306
22136,18882
22136,86833
22136,73386
22136,76145
22136,67921
22136,56489
22136,7536
22136,73855
22136,66713
22136,13278
22136,33249
22136,17526
22136,29290
22136,72466
22136,4809
22136,73409
22136,91319
22136,19794
22136,89642
22136,32666
22136,90808
22136,1711
22136,80200
73717,54084
73717,41477
73717,97522
73717,2885
73717,39885
73717,94791
73717,28620
73717,32818
73717,28680
73717,6420
73717,25155
73717,74649
73717,36078
73717,14210
73717,50306
73717,43092
73717,3805
73717,64451
73717,30965
73717,92369
73717,81015
73717,79095
73717,50136
73717,38932
73717,8287
73717,48196
73717,29210
73717,58914
73717,62725
73717,50426
73717,58245
73717,30083
73717,51055
73717,22648
73717,11125
73717,46431
73717,39274
73717,3617
73717,10079
73717,26405
73717,87239
73717,23385
73717,7697
73717,47172
73717,66992
73717,97872
73717,44582
73717,63866
73717,29628
73717,80519
73717,17936
73717,14531
73717,36215
73717,89332
73717,48721
73717,8862
73717,5949
73717,51431
73717,54361
73717,20562
73717,39863
73717,13875
73717,34274
73717,50886
73717,19581
73717,92655
73717,13512
73717,19897
73717,74600
73717,22807
73717,62153
73717,49806
73717,34924
73717,63112
73717,21793
73717,83163
73717,91832
73717,43003
73717,65664
73717,51810
73717,25706
73717,95994
73717,48391
73717,37195
73717,4177
73717,75920
73717,40753
73717,84024
73717,42635
73717,34808
73717,37654
73717,3793
73717,70511
73717,94691
73717,48430
73717,98521
73717,55814
73717,74421
73717,47292
73717,59338
73717,54466
73717,82639
73717,11766
73717,26544
73717,13968
73717,21947
73717,19028
73717,53770
73717,1349
73717,21026
73717,34448
73717,49068
73717,87379
73717,87456
73717,47187
73717,73704
73717,81743
73717,59817
73717,78675
73717,84280
73717,26618
73717,18845
73717,2997
73717,42987
73717,78995
73717,69725
73717,21334
73717,12104
73717,8796
73717,62837
73717,44348
73717,70679
73717,19147
73717,37372
73717,7339
73717,50307
73717,45185
73717,43746
73717,94730
73717,21683
73717,22436
73717,48609
73717,76147
73717,2584
73717,59844
73717,4232
73717,72568
73717,60228
73717,8536
73717,93507
73717,29704
73717,90546
73717,33196
73717,72270
73717,45506
73717,77844
73717,10188
73717,73855
73717,57589
73717,92100
73717,18218
73717,17185
73717,40557
73717,49957
73717,79138
73717,42982
73717,88486
73717,97754
73717,35093
73717,18808
73717,30568
73717,92966
73717,16216
73717,10424
73717,73409
73717,65334
73717,99454
73717,63531
73717,93387
73717,73539
73717,9169
73717,52638
73717,91043
73717,78277
73717,90085
73717,75733
73717,66677
73717,89096
73717,32666
73717,90808
73717,697
73717,652
73717,49307
73717,30776
73717,33252
73717,74888
73717,1711
81289,73918
81289,43561
81289,65887
81289,14210
81289,73945
81289,84178
81289,37624
81289,87030
81289,7612
81289,41448
81289,10428
81289,83129
81289,55515
81289,70434
81289,81015
81289,51625
81289,46159
81289,69427
81289,11960
81289,25310
81289,93944
81289,64417
81289,10563
81289,8287
81289,7959
81289,42452
81289,54857
81289,36162
81289,58245
81289,39080
81289,57289
81289,30083
81289,11125
81289,63014
81289,50055
81289,44582
81289,97893
81289,82739
81289,474
81289,78983
81289,18765
81289,36215
81289,47066
81289,12812
81289,92882
81289,80996
81289,94560
81289,68964
81289,20562
81289,70954
81289,66501
81289,13875
81289,7315
81289,65271
81289,84441
81289,13512
81289,1332
81289,30719
81289,19897
81289,90997
81289,64747
81289,22807
81289,43175
81289,26935
81289,34924
81289,16722
81289,3924
81289,58876
81289,51810
81289,15889
81289,37195
81289,12138
81289,7021
81289,59063
81289,84024
81289,62444
81289,81927
81289,39809
81289,20079
81289,46828
81289,61309
81289,46428
81289,91314
81289,18276
81289,72929
81289,21036
81289,72410
81289,5943
81289,75444
81289,65295
81289,11775
81289,47820
81289,87379
81289,9053
81289,47187
81289,36296
81289,30170
81289,95338
81289,76327
81289,74988
81289,99173
81289,30846
81289,97247
81289,78374
81289,62837
81289,38211
81289,70679
81289,76511
81289,19147
81289,99290
81289,27266
81289,6815
81289,79067
81289,57837
81289,48745
81289,78665
81289,43746
81289,28799
81289,10353
81289,6463
81289,78177
81289,18882
81289,59844
81289,57242
81289,3101
81289,86833
81289,97900
81289,8536
81289,93507
81289,7536
81289,74722
81289,66713
81289,84135
81289,58681
81289,32176
81289,74176
81289,39058
81289,17185
81289,65896
81289,88089
81289,88486
81289,97754
81289,31910
81289,16291
81289,27660
81289,95796
81289,91319
81289,82704
81289,63531
81289,35240
81289,64575
81289,53056
81289,19794
81289,16219
81289,75733
81289,20515
81289,46196
81289,5062
81289,697
81289,33252
81289,7197
81289,97957
60003,97522
60003,53926
60003,14340
60003,8980
60003,50306
60003,95607
60003,64416
60003,70434
60003,11960
60003,64417
60003,62725
60003,36162
60003,57289
60003,39491
60003,51451
60003,46431
60003,68169
60003,62704
60003,43461
60003,89624
60003,97893
60003,474
60003,78983
60003,14531
60003,18765
60003,66501
60003,13875
60003,42102
60003,53082
60003,5199
60003,29358
60003,82093
60003,12242
60003,15889
60003,95994
60003,40753
60003,37654
60003,96507
60003,95970
60003,4272
60003,65295
60003,86161
60003,59113
60003,59817
60003,99173
60003,57837
60003,13613
60003,7025
60003,28799
60003,67747
60003,63620
60003,98306
60003,12599
60003,17736
60003,33196
60003,51097
60003,13278
60003,74176
60003,84098
60003,48933
60003,9835
60003,63531
60003,90650
60003,90307
60003,39496
60003,697
78507,54084
78507,28620
78507,53926
78507,90965
78507,32818
78507,96311
78507,29838
78507,91845
78507,63867
78507,88731
78507,2126
78507,14210
78507,73945
78507,84178
78507,61726
78507,59135
78507,79650
78507,50306
78507,7612
78507,66638
78507,39824
78507,92369
78507,81015
78507,51625
78507,39079
78507,25310
78507,95763
78507,93944
78507,10520
78507,8013
78507,24302
78507,38932
78507,59292
78507,50015
78507,42452
78507,24848
78507,73798
78507,60211
78507,11153
78507,51846
78507,39491
78507,51451
78507,11125
78507,39274
78507,3193
78507,60090
78507,40875
78507,78824
78507,10079
78507,62704
78507,23385
78507,58143
78507,97872
78507,50055
78507,97893
78507,72277
78507,17936
78507,89332
78507,97386
78507,5949
78507,92882
78507,39863
78507,34274
78507,50886
78507,62905
78507,84441
78507,6
78507,13512
78507,3086
78507,30860
78507,86289
78507,19897
78507,90997
78507,74600
78507,97475
78507,48489
78507,21793
78507,28928
78507,54129
78507,21092
78507,43003
78507,65746
78507,65664
78507,5199
78507,66075
78507,98615
78507,40584
78507,87269
78507,12242
78507,1198
78507,94363
78507,113
78507,48898
78507,12138
78507,15718
78507,59054
78507,16425
78507,63663
78507,73295
78507,48430
78507,98521
78507,85606
78507,39809
78507,86997
78507,48612
78507,46428
78507,10042
78507,47881
78507,15096
78507,26544
78507,36851
78507,4272
78507,53770
78507,65295
78507,88953
78507,87379
78507,47187
78507,41473
78507,29682
78507,26618
78507,45841
78507,36296
78507,90219
78507,80842
78507,70167
78507,76793
78507,76327
78507,26638
78507,69725
78507,95265
78507,97247
78507,6856
78507,56747
78507,30481
78507,70679
78507,19147
78507,99290
78507,44949
78507,48790
78507,28799
78507,29811
78507,71663
78507,61326
78507,21683
78507,24497
78507,45770
78507,68857
78507,22436
78507,63777
78507,37787
78507,86833
78507,92503
78507,97900
78507,72270
78507,34076
78507,56489
78507,1829
78507,18841
78507,51097
78507,96402
78507,58681
78507,32176
78507,92100
78507,82741
78507,39058
78507,49957
78507,45696
78507,33450
78507,42982
78507,68607
78507,65163
78507,31910
78507,90034
78507,37735
78507,92966
78507,52703
78507,12515
78507,91319
78507,35240
78507,64575
78507,52638
78507,13395
78507,90307
78507,88311
78507,10059
78507,39496
78507,25838
78507,85528
78507,68532
78507,33252
78507,80200
62424,12376
62424,54084
62424,41477
62424,2885
62424,39885
62424,28620
62424,12999
62424,53926
62424,84230
62424,32818
62424,57372
62424,695
62424,25155
62424,29838
62424,65887
62424,29759
62424,16021
62424,81332
62424,95607
62424,64416
62424,22517
62424,1272
62424,36458
62424,39983
62424,39079
62424,95763
62424,10520
62424,5957
62424,38932
62424,65268
62424,8287
62424,35573
62424,6510
62424,58914
62424,76017
62424,36866
62424,22340
62424,92155
62424,78428
62424,51846
62424,40875
62424,2418
62424,68169
62424,13748
62424,87239
62424,62704
62424,23385
62424,64607
62424,47172
62424,94556
62424,26030
62424,69711
62424,97893
62424,90375
62424,474
62424,14531
62424,49195
62424,18765
62424,30614
62424,6262
62424,91
62424,29884
62424,47722
62424,51431
62424,54361
62424,94560
62424,68964
62424,20562
62424,30205
62424,42451
62424,66501
62424,34274
62424,50886
62424,19581
62424,48244
62424,92655
62424,6
62424,27254
62424,42102
62424,81497
62424,22807
62424,91223
62424,57494
62424,62153
62424,49806
62424,96691
62424,43003
62424,53082
62424,72188
62424,27455
62424,51810
62424,5199
62424,29358
62424,12242
62424,25706
62424,7021
62424,4177
62424,75920
62424,59054
62424,91374
62424,44313
62424,37654
62424,68416
62424,59114
62424,48430
62424,13122
62424,81927
62424,55814
62424,96507
62424,13705
62424,39809
62424,47292
62424,86997
62424,46828
62424,95970
62424,46428
62424,54466
62424,10042
62424,18276
62424,11766
62424,14765
62424,47820
62424,55639
62424,26761
62424,88953
62424,87456
62424,59113
62424,28935
62424,39501
62424,78675
62424,26618
62424,80842
62424,30170
62424,8982
62424,2997
62424,74988
62424,99173
62424,58578
62424,78995
62424,95265
62424,6856
62424,78374
62424,8796
62424,56747
62424,62837
62424,38211
62424,58159
62424,36422
62424,66626
62424,63028
62424,18165
62424,28714
62424,29040
62424,43946
62424,44949
62424,51956
62424,48790
62424,28799
62424,57967
62424,24497
62424,19851
62424,59844
62424,78591
62424,57242
62424,3101
62424,37106
62424,97900
62424,45506
62424,60549
62424,11238
62424,66713
62424,62851
62424,55334
62424,96402
62424,58681
62424,57589
62424,74176
62424,43081
62424,33249
62424,28282
62424,69661
62424,88089
62424,9835
62424,74594
62424,79138
62424,45696
62424,88486
62424,90034
62424,2677
62424,35093
62424,99473
62424,30568
62424,96211
62424,92282
62424,65334
62424,86447
62424,35240
62424,30692
62424,93387
62424,52638
62424,90650
62424,19794
62424,90085
62424,75733
62424,39496
62424,94637
19202,84844
19202,54084
19202,39885
19202,94791
19202,53926
19202,57372
19202,29838
19202,15989
19202,2126
19202,50306
19202,43092
19202,3545
19202,3805
19202,34874
19202,64451
19202,83129
19202,92369
19202,70434
19202,36458
19202,70392
19202,53548
19202,11960
19202,50802
19202,89592
19202,5957
19202,46068
19202,59292
19202,82315
19202,73798
19202,65538
19202,3193
19202,26405
19202,86807
19202,66992
19202,2820
19202,3228
19202,12812
19202,54361
19202,68964
19202,39863
19202,1862
19202,34274
19202,50886
19202,62905
19202,65271
19202,92655
19202,6
19202,13512
19202,64775
19202,27522
19202,92866
19202,13285
19202,43175
19202,62153
19202,48489
19202,34924
19202,16722
19202,14421
19202,74365
19202,96691
19202,80887
19202,36838
19202,99057
19202,18674
19202,80999
19202,91832
19202,43003
19202,65432
19202,4071
19202,54974
19202,5199
19202,19091
19202,81052
19202,113
19202,48898
19202,24234
19202,59063
19202,63663
19202,68416
19202,70511
19202,62444
19202,73346
19202,13122
19202,13705
19202,85606
19202,74421
19202,86997
19202,29982
19202,79834
19202,9031
19202,68658
19202,18276
19202,47212
19202,47881
19202,82639
19202,42819
19202,13968
19202,93735
19202,87456
19202,81743
19202,84280
19202,99792
19202,20149
19202,62293
19202,48302
19202,8982
19202,42923
19202,30481
19202,3
19202,99290
19202,18165
19202,82703
19202,43946
19202,6090
19202,13613
19202,85262
19202,61025
19202,45185
19202,21683
19202,79515
19202,19851
19202,68857
19202,44244
19202,63777
19202,96932
19202,1674
19202,8628
19202,18882
19202,72568
19202,17736
19202,76145
19202,55184
19202,40938
19202,73855
19202,92100
19202,20762
19202,17185
19202,38591
19202,88089
19202,79138
19202,45696
19202,87993
19202,33450
19202,84551
19202,4809
19202,91319
19202,86447
19202,82704
19202,30692
19202,64575
19202,9169
19202,52638
19202,91043
19202,53056
19202,65114
19202,10059
19202,39496
19202,1318
19202,85528
19202,5062
19202,697
19202,94637
19202,30776
19202,74888
19202,59530
84418,2885
84418,50797
84418,84230
84418,99710
84418,53643
84418,15989
84418,63867
84418,29759
84418,49558
84418,98122
84418,90113
84418,59135
84418,49372
84418,36458
84418,69427
84418,50802
84418,8287
84418,7959
84418,88384
84418,73445
84418,40875
84418,78824
84418,47172
84418,26030
84418,62707
84418,90375
84418,474
84418,80519
84418,18765
84418,89332
84418,68964
84418,39863
84418,74853
84418,98151
84418,46061
84418,13512
84418,30719
84418,64775
84418,74600
84418,24548
84418,34924
84418,14421
84418,3924
84418,18030
84418,45216
84418,53881
84418,7021
84418,15718
84418,75920
84418,29822
84418,42635
84418,42723
84418,87941
84418,19152
84418,86997
84418,61309
84418,79834
84418,96149
84418,57173
84418,82639
84418,47820
84418,88953
84418,49068
84418,59113
84418,92622
84418,39501
84418,26618
84418,90219
84418,95853
84418,6594
84418,95995
84418,97247
84418,85542
84418,38798
84418,38211
84418,58159
84418,70679
84418,70600
84418,78665
84418,51956
84418,90275
84418,24497
84418,67747
84418,1674
84418,18882
84418,37106
84418,73386
84418,92503
84418,62789
84418,67921
84418,77844
84418,34076
84418,61238
84418,55334
84418,32176
84418,79102
84418,69661
84418,79138
84418,61825
84418,97567
84418,16291
84418,16216
84418,52703
84418,10424
84418,18064
84418,86447
84418,73539
84418,61976
84418,91043
84418,13395
84418,35079
84418,90808
84418,1318
84418,80686
84418,49307
84418,74888
84418,52110
84418,59530
611,84844
611,12376
611,39243
611,50797
611,70994
611,90965
611,69909
611,84230
611,17253
611,28680
611,37605
611,96311
611,29838
611,37711
611,43561
611,40029
611,90113
611,87030
611,81332
611,43092
611,7612
611,3805
611,41448
611,34874
611,10428
611,1272
611,92369
611,39079
611,10564
611,64417
611,8013
611,50136
611,76581
611,60979
611,58914
611,59292
611,98463
611,36162
611,58245
611,73733
611,60211
611,78373
611,41190
611,11125
611,77441
611,70782
611,39274
611,3193
611,62803
611,13748
611,26405
611,87239
611,23385
611,64607
611,58143
611,44043
611,8309
611,69711
611,51855
611,76214
611,13148
611,28429
611,49612
611,49195
611,6262
611,36215
611,91
611,47722
611,89332
611,5949
611,12812
611,80996
611,20562
611,30205
611,66326
611,13875
611,41019
611,7315
611,46061
611,6346
611,6
611,3086
611,42102
611,25460
611,19897
611,91223
611,97475
611,16722
611,84059
611,14421
611,80887
611,75147
611,99057
611,46692
611,79278
611,36891
611,82093
611,45216
611,40584
611,81052
611,88161
611,94363
611,88950
611,53881
611,7021
611,15718
611,29822
611,96472
611,3793
611,49424
611,73295
611,63042
611,87941
611,41743
611,56254
611,50883
611,24353
611,81927
611,96507
611,86997
611,46828
611,53695
611,79834
611,8669
611,6525
611,47212
611,9621
611,60670
611,52905
611,11766
611,95408
611,62943
611,76900
611,21947
611,4272
611,53770
611,9076
611,55639
611,47187
611,39501
611,26618
611,62293
611,30170
611,18845
611,35999
611,70254
611,84622
611,95995
611,12104
611,56747
611,38211
611,30481
611,36422
611,66626
611,84083
611,63028
611,64039
611,18165
611,82703
611,6815
611,79067
611,31580
611,50307
611,78665
611,57782
611,7025
611,90275
611,67009
611,79515
611,36956
611,24497
611,12333
611,68857
611,48609
611,78177
611,4232
611,29704
611,16758
611,72270
611,45506
611,77844
611,52708
611,60549
611,74722
611,92100
611,27856
611,17185
611,20445
611,69661
611,87993
611,88486
611,68607
611,97567
611,18808
611,72466
611,99757
611,16291
611,52703
611,73409
611,18064
611,82704
611,63531
611,13395
611,90650
611,19794
611,89642
611,17930
611,66677
611,89096
611,32666
611,20515
611,46196
611,697
611,49307
611,74088
611,21236
611,44128
611,7197
611,97957
53838,84844
53838,70994
53838,17253
53838,53643
53838,36458
53838,38335
53838,10520
53838,64417
53838,60979
53838,58914
53838,50426
53838,42452
53838,73445
53838,92155
53838,11125
53838,26405
53838,76214
53838,89332
53838,5949
53838,63951
53838,54361
53838,46061
53838,92548
53838,3086
53838,70282
53838,65432
53838,51810
53838,45216
53838,34808
53838,37654
53838,42723
53838,94691
53838,86997
53838,54466
53838,60670
53838,55319
53838,14425
53838,65295
53838,9588
53838,72659
53838,73704
53838,59817
53838,39888
53838,95853
53838,42987
53838,38798
53838,9239
53838,13613
53838,7025
53838,94730
53838,28799
53838,68857
53838,10353
53838,12599
53838,86833
53838,3913
53838,92100
53838,43081
53838,33249
53838,28112
53838,40557
53838,87993
53838,42982
53838,31910
53838,92282
53838,65334
53838,13373
53838,82704
53838,89249
53838,36323
76443,90482
76443,40696
76443,41477
76443,94791
76443,99322
76443,73918
76443,17253
76443,32818
76443,6420
76443,43561
76443,63867
76443,88731
76443,40029
76443,98122
76443,59121
76443,44305
76443,95607
76443,77939
76443,64416
76443,72594
76443,10428
76443,64451
76443,70434
76443,53548
76443,79095
76443,10520
76443,46068
76443,6510
76443,29210
76443,7959
76443,54857
76443,82315
76443,73445
76443,78373
76443,51451
76443,22648
76443,70782
76443,78824
76443,26165
76443,62704
76443,43461
76443,89624
76443,94556
76443,39301
76443,98684
76443,27671
76443,29628
76443,49612
76443,30614
76443,29884
76443,47722
76443,97386
76443,47066
76443,34053
76443,12812
76443,94560
76443,70954
76443,19581
76443,48244
76443,65271
76443,6
76443,42102
76443,78765
76443,49679
76443,27522
76443,78229
76443,64747
76443,22807
76443,22799
76443,57494
76443,43175
76443,2500
76443,62153
76443,1608
76443,82707
76443,22528
76443,21793
76443,96691
76443,28928
76443,62515
76443,91832
76443,65432
76443,58876
76443,19091
76443,31024
76443,40584
76443,15889
76443,95994
76443,48391
76443,15718
76443,4177
76443,75920
76443,29822
76443,59054
76443,91374
76443,68416
76443,73295
76443,94691
76443,50883
76443,24353
76443,55814
76443,96507
76443,39809
76443,59338
76443,84822
76443,86997
76443,82814
76443,96149
76443,82639
76443,21036
76443,26544
76443,36851
76443,11733
76443,14425
76443,47820
76443,93735
76443,26761
76443,88953
76443,72659
76443,87379
76443,37840
76443,81743
76443,29682
76443,78675
76443,39888
76443,84280
76443,26618
76443,45841
76443,80842
76443,93464
76443,8982
76443,3588
76443,28136
76443,44976
76443,95995
76443,12104
76443,38798
76443,66626
76443,10513
76443,19147
76443,99290
76443,27266
76443,73973
76443,29040
76443,70600
76443,12237
76443,45925
76443,38589
76443,57837
76443,48745
76443,77964
76443,60730
76443,62224
76443,10692
76443,63777
76443,1674
76443,76147
76443,2584
76443,37787
76443,73386
76443,29704
76443,77844
76443,52708
76443,10188
76443,56489
76443,1829
76443,73855
76443,55334
76443,96402
76443,58681
76443,57589
76443,92100
76443,82741
76443,28112
76443,38591
76443,28282
76443,69661
76443,17526
76443,49957
76443,8697
76443,88486
76443,21831
76443,61825
76443,90034
76443,84551
76443,16291
76443,35240
76443,89249
76443,93387
76443,36323
76443,73539
76443,16219
76443,80572
76443,75733
76443,10059
76443,89967
76443,51334
76443,94637
76443,10958
76443,33252
76443,33470
76443,59530
61314,40696
61314,53643
61314,88731
61314,44305
61314,3545
61314,64451
61314,83129
61314,51625
61314,93944
61314,49983
61314,46068
61314,47260
61314,88384
61314,62725
61314,37570
61314,40875
61314,26165
61314,58143
61314,86807
61314,39301
61314,36215
61314,74853
61314,13875
61314,13512
61314,96678
61314,49806
61314,34924
61314,62515
61314,7926
61314,53082
61314,81052
61314,34808
61314,55814
61314,96507
61314,85606
61314,67349
61314,61309
61314,91314
61314,57173
61314,15096
61314,82639
61314,76900
61314,26618
61314,45841
61314,26074
61314,62293
61314,3588
61314,76793
61314,85542
61314,90275
61314,28799
61314,23664
61314,57967
61314,86833
61314,73386
61314,74499
61314,77844
61314,7536
61314,5059
61314,61238
61314,55334
61314,32176
61314,28282
61314,17526
61314,79138
61314,97567
61314,72466
61314,4809
61314,99473
61314,64575
61314,91043
61314,13395
61314,89967
61314,80200
61314,7197
67945,84844
67945,54084
67945,97522
67945,50797
67945,90965
67945,69909
67945,99710
67945,79668
67945,53643
67945,29838
67945,65887
67945,2126
67945,84178
67945,90113
67945,59135
67945,87030
67945,81332
67945,3805
67945,34874
67945,10428
67945,66638
67945,55515
67945,30965
67945,49372
67945,81015
67945,36458
67945,39983
67945,39079
67945,20460
67945,95763
67945,74059
67945,38932
67945,46068
67945,47260
67945,96937
67945,7959
67945,59292
67945,65538
67945,39080
67945,91642
67945,51846
67945,78373
67945,51055
67945,22648
67945,28105
67945,88776
67945,77441
67945,3193
67945,62803
67945,23385
67945,51678
67945,47172
67945,86807
67945,43461
67945,44043
67945,7685
67945,27671
67945,72277
67945,49612
67945,9891
67945,18765
67945,91
67945,48721
67945,97386
67945,47066
67945,65304
67945,92882
67945,51431
67945,80996
67945,84786
67945,1862
67945,13875
67945,34274
67945,92655
67945,38505
67945,3086
67945,1332
67945,86289
67945,96678
67945,90997
67945,49679
67945,23594
67945,27522
67945,74600
67945,24548
67945,22799
67945,2500
67945,62153
67945,1608
67945,16722
67945,27199
67945,21793
67945,51181
67945,92236
67945,62515
67945,18674
67945,58876
67945,34523
67945,82093
67945,45216
67945,40584
67945,24070
67945,87269
67945,12242
67945,1198
67945,94363
67945,48391
67945,37195
67945,96472
67945,59054
67945,84024
67945,16425
67945,63663
67945,49424
67945,56254
67945,66004
67945,24353
67945,98521
67945,13705
67945,39809
67945,59338
67945,19152
67945,86997
67945,67349
67945,58951
67945,61309
67945,89757
67945,8669
67945,58660
67945,91314
67945,68658
67945,96149
67945,57173
67945,82639
67945,21036
67945,42819
67945,62943
67945,14425
67945,65295
67945,39351
67945,47820
67945,55639
67945,1349
67945,88953
67945,55587
67945,47187
67945,14240
67945,59817
67945,29682
67945,78675
67945,56529
67945,39888
67945,26618
67945,45841
67945,6594
67945,76793
67945,2997
67945,35999
67945,99173
67945,58578
67945,21334
67945,97247
67945,6856
67945,78374
67945,44348
67945,70679
67945,99290
67945,64039
67945,9239
67945,82703
67945,45925
67945,6090
67945,23664
67945,29811
67945,57967
67945,94202
67945,62224
67945,67009
67945,68857
67945,22436
67945,63777
67945,4925
67945,37787
67945,59844
67945,12599
67945,86833
67945,73386
67945,29704
67945,82993
67945,34076
67945,56489
67945,73855
67945,58681
67945,92100
67945,79102
67945,33249
67945,39310
67945,38591
67945,69661
67945,49957
67945,33450
67945,8697
67945,65163
67945,97754
67945,41543
67945,30568
67945,92282
67945,52703
67945,95796
67945,73409
67945,86447
67945,99454
67945,82704
67945,89249
67945,37022
67945,80759
67945,9169
67945,7137
67945,90650
67945,88311
67945,89967
67945,1318
67945,652
67945,21236
67945,33470
67945,1711
59366,1064
59366,90965
59366,57372
59366,96311
59366,61726
59366,79650
59366,81332
59366,7612
59366,10428
59366,30965
59366,95594
59366,50802
59366,5957
59366,1795
59366,26312
59366,58914
59366,22340
59366,91642
59366,41190
59366,88776
59366,40875
59366,51710
59366,3617
59366,10079
59366,7697
59366,83365
59366,8309
59366,44582
59366,16897
59366,13914
59366,30883
59366,78983
59366,16081
59366,5949
59366,65304
59366,54361
59366,80996
59366,66501
59366,84441
59366,23594
59366,92866
59366,48489
59366,16722
59366,84059
59366,14290
59366,51181
59366,75147
59366,46692
59366,91832
59366,72188
59366,65746
59366,18030
59366,86538
59366,15889
59366,37195
59366,75920
59366,42635
59366,34808
59366,87941
59366,98521
59366,85606
59366,46828
59366,8669
59366,10042
59366,96149
59366,82847
59366,57173
59366,15096
59366,11766
59366,42819
59366,16012
59366,4272
59366,65295
59366,35999
59366,70254
59366,58617
59366,19147
59366,63028
59366,43946
59366,48745
59366,85262
59366,78665
59366,45185
59366,94202
59366,77942
59366,79515
59366,48609
59366,59844
59366,4232
59366,78591
59366,72568
59366,33196
59366,40938
59366,49233
59366,82993
59366,34076
59366,56489
59366,51097
59366,92100
59366,33249
59366,79138
59366,45696
59366,88486
59366,62826
59366,97567
59366,97754
59366,85617
59366,30568
59366,12515
59366,86447
59366,65114
59366,47458
59366,20515
59366,64597
59366,44128
32,40696
32,70994
32,37605
32,91845
32,14613
32,2126
32,44305
32,66638
32,83129
32,91713
32,39824
32,92369
32,20460
32,95763
32,93944
32,8013
32,96937
32,7959
32,72149
32,36866
32,22340
32,60211
32,88776
32,3193
32,40875
32,78824
32,3617
32,47172
32,89624
32,66992
32,94556
32,17936
32,6262
32,97386
32,5949
32,80996
32,1862
32,97323
32,23594
32,92866
32,22799
32,62153
32,84059
32,96691
32,7926
32,4071
32,65746
32,58876
32,19091
32,80321
32,86538
32,71128
32,94363
32,84595
32,16425
32,56254
32,85606
32,19152
32,58660
32,54466
32,60670
32,82639
32,76900
32,11733
32,16012
32,53770
32,78675
32,26618
32,45841
32,47884
32,63297
32,48302
32,8982
32,15956
32,76327
32,58617
32,56359
32,18165
32,28714
32,7339
32,29040
32,70600
32,57837
32,78665
32,60730
32,94202
32,62224
32,36956
32,78177
32,75529
32,37787
32,57242
32,72598
32,58681
32,57589
32,43081
32,39310
32,49957
32,29290
32,68607
32,21831
32,65163
32,90034
32,84551
32,30568
32,35240
32,37022
32,9169
32,19794
32,17930
32,66677
32,652
32,97957
43711,84844
43711,54084
43711,39243
43711,70994
43711,90965
43711,57372
43711,25155
43711,29838
43711,65887
43711,49558
43711,14210
43711,37624
43711,22517
43711,87810
43711,66638
43711,30965
43711,69427
43711,95594
43711,89592
43711,10563
43711,6510
43711,7959
43711,24848
43711,73798
43711,60211
43711,22648
43711,4731
43711,88776
43711,86807
43711,26030
43711,3228
43711,78983
43711,14531
43711,47066
43711,34053
43711,28110
43711,63951
43711,74853
43711,9915
43711,50886
43711,62905
43711,3086
43711,30860
43711,21230
43711,62153
43711,97475
43711,14421
43711,99057
43711,4071
43711,58876
43711,54974
43711,19091
43711,31024
43711,45216
43711,40584
43711,12242
43711,113
43711,48391
43711,15718
43711,40753
43711,84024
43711,87941
43711,59338
43711,19152
43711,37212
43711,79834
43711,46428
43711,91314
43711,26544
43711,62943
43711,76900
43711,21026
43711,26761
43711,39888
43711,99792
43711,47884
43711,8982
43711,44976
43711,21334
43711,42923
43711,44348
43711,66626
43711,10513
43711,19147
43711,27266
43711,6090
43711,48745
43711,57782
43711,94730
43711,12407
43711,62224
43711,77942
43711,68857
43711,48609
43711,4925
43711,76147
43711,75529
43711,37787
43711,59844
43711,97900
43711,72598
43711,90546
43711,72270
43711,74722
43711,18841
43711,73855
43711,43081
43711,38591
43711,49957
43711,29290
43711,45696
43711,90034
43711,41543
43711,99757
43711,16291
43711,16216
43711,53056
43711,51334
43711,49307
43711,33470
43711,59530
38308,84844
38308,12376
38308,54084
38308,39243
38308,2885
38308,70994
38308,94791
38308,28620
38308,99322
38308,15989
38308,49558
38308,36078
38308,14210
38308,59135
38308,50306
38308,77939
38308,72594
38308,83129
38308,39824
38308,92369
38308,70434
38308,69427
38308,38335
38308,59176
38308,93944
38308,64417
38308,89592
38308,10563
38308,58424
38308,26312
38308,96937
38308,72149
38308,87765
38308,60388
38308,36162
38308,24848
38308,73798
38308,78373
38308,22648
38308,78824
38308,62803
38308,2418
38308,26405
38308,47172
38308,58143
38308,26030
38308,62707
38308,3228
38308,90375
38308,78983
38308,14531
38308,36215
38308,48721
38308,5949
38308,39863
38308,1862
38308,43875
38308,66501
38308,41019
38308,48244
38308,85851
38308,13512
38308,97323
38308,19897
38308,96678
38308,24548
38308,91223
38308,22799
38308,57494
38308,43175
38308,1608
38308,96691
38308,51181
38308,83163
38308,72188
38308,65664
38308,5199
38308,18030
38308,34523
38308,29358
38308,66075
38308,45216
38308,32541
38308,1198
38308,88161
38308,48898
38308,15718
38308,24234
38308,96472
38308,84024
38308,42635
38308,42723
38308,47003
38308,49424
38308,63042
38308,59114
38308,56254
38308,81927
38308,85606
38308,47292
38308,59338
38308,19152
38308,46828
38308,53695
38308,61309
38308,79834
38308,9031
38308,8669
38308,58660
38308,11766
38308,16012
38308,4272
38308,93735
38308,21026
38308,26761
38308,88953
38308,15566
38308,73704
38308,26618
38308,45841
38308,20149
38308,62293
38308,93464
38308,48302
38308,75375
38308,71569
38308,35999
38308,87505
38308,78374
38308,30481
38308,70679
38308,3
38308,64039
38308,18165
38308,70600
38308,82703
38308,6815
38308,38589
38308,6090
38308,85262
38308,48790
38308,60730
38308,11038
38308,68857
38308,63777
38308,59844
38308,72568
38308,72598
38308,74499
38308,34076
38308,52708
38308,69125
38308,73855
38308,61238
38308,18445
38308,58681
38308,57589
38308,79102
38308,39310
38308,18218
38308,28282
38308,87993
38308,8697
38308,68607
38308,65163
38308,84551
38308,24072
38308,41543
38308,4809
38308,99473
38308,92966
38308,73409
38308,18064
38308,13373
38308,35240
38308,93387
38308,7137
38308,78277
38308,89642
38308,85528
38308,5062
38308,94637
38308,49307
38308,80200
38308,44128
98652,94791
98652,84230
98652,88731
98652,98122
98652,44305
98652,10428
98652,55515
98652,69427
98652,25310
98652,79095
98652,93944
98652,50802
98652,64417
98652,8287
98652,46068
98652,47260
98652,7959
98652,62725
98652,92155
98652,40875
98652,26165
98652,47172
98652,63014
98652,7685
98652,67649
98652,47066
98652,13875
98652,41019
98652,13512
98652,34924
98652,7926
98652,65432
98652,81052
98652,15889
98652,15718
98652,63663
98652,42723
98652,48756
98652,13705
98652,85606
98652,79834
98652,96149
98652,62943
98652,76900
98652,28935
98652,92622
98652,30170
98652,76793
98652,8796
98652,38798
98652,83902
98652,99290
98652,78665
98652,61573
98652,76147
98652,78177
98652,18882
98652,86833
98652,37106
98652,72598
98652,67921
98652,56489
98652,62826
98652,4809
98652,12515
98652,91043
98652,5062
98652,33252
98652,74888
58050,53643
58050,43735
58050,94916
58050,55515
58050,51625
58050,64417
58050,49983
58050,88384
58050,59292
58050,60211
58050,78824
58050,26165
58050,26405
58050,7697
58050,63866
58050,72277
58050,9891
58050,89332
58050,47066
58050,66501
58050,45177
58050,65432
58050,65664
58050,37195
58050,75920
58050,3793
58050,24353
58050,13705
58050,79834
58050,91314
58050,62943
58050,47820
58050,55587
58050,41473
58050,92622
58050,29682
58050,45841
58050,95853
58050,26638
58050,85542
58050,8796
58050,56747
58050,63028
58050,18165
58050,79067
58050,61025
58050,7025
58050,77964
58050,60730
58050,36956
58050,78177
58050,98306
58050,18882
58050,37106
58050,77844
58050,56489
58050,55334
58050,58681
58050,79138
58050,8697
58050,41543
58050,52703
58050,9169
58050,19794
58050,46196
58050,5062
58050,25417
86395,2885
86395,53926
86395,59121
86395,50306
86395,7612
86395,49372
86395,22048
86395,58245
86395,92155
86395,40875
86395,26165
86395,22620
86395,43461
86395,97872
86395,83365
86395,13914
86395,76214
86395,80519
86395,49612
86395,36215
86395,89332
86395,38505
86395,86289
86395,70282
86395,78229
86395,14290
86395,36838
86395,19091
86395,31024
86395,32541
86395,84595
86395,44313
86395,42635
86395,34808
86395,37654
86395,49424
86395,74421
86395,29982
86395,14425
86395,65295
86395,72659
86395,9053
86395,59113
86395,59817
86395,39501
86395,95853
86395,6594
86395,15956
86395,42987
86395,42923
86395,58617
86395,13613
86395,94730
86395,28799
86395,24497
86395,4925
86395,2584
86395,85225
86395,60228
86395,93507
86395,18841
86395,43081
86395,88089
86395,39993
86395,35093
86395,16291
86395,92282
86395,37022
86395,9169
86395,52638
86395,95180
86395,5062
86395,74088
86395,74888
38468,54084
38468,12361
38468,28680
38468,57372
38468,695
38468,37605
38468,37711
38468,63867
38468,14613
38468,49558
38468,88731
38468,14340
38468,79650
38468,50306
38468,43092
38468,72594
38468,1503
38468,91713
38468,39824
38468,39983
38468,53548
38468,20460
38468,93944
38468,35573
38468,26312
38468,96937
38468,29210
38468,7959
38468,72149
38468,59292
38468,30083
38468,78373
38468,64607
38468,63014
38468,44043
38468,66992
38468,94556
38468,83365
38468,3003
38468,69711
38468,39301
38468,90375
38468,49612
38468,48721
38468,80996
38468,70954
38468,9915
38468,62905
38468,65271
38468,84441
38468,92655
38468,6
38468,92548
38468,93016
38468,30860
38468,42102
38468,25460
38468,86289
38468,19897
38468,96678
38468,27522
38468,74365
38468,99057
38468,7926
38468,80999
38468,43003
38468,53082
38468,72188
38468,65432
38468,65746
38468,66075
38468,82093
38468,86538
38468,81052
38468,12242
38468,15718
38468,75920
38468,44313
38468,97287
38468,42723
38468,94691
38468,41743
38468,81927
38468,47292
38468,58951
38468,8669
38468,62943
38468,11733
38468,4272
38468,26761
38468,9588
38468,73704
38468,28935
38468,53495
38468,14240
38468,59817
38468,39888
38468,76793
38468,28136
38468,99173
38468,78995
38468,21334
38468,42923
38468,12104
38468,10513
38468,63028
38468,12237
38468,45925
38468,79589
38468,13613
38468,94730
38468,28799
38468,81307
38468,61326
38468,36956
38468,68857
38468,67747
38468,48609
38468,4925
38468,21855
38468,4232
38468,85225
38468,3101
38468,76145
38468,49233
38468,5059
38468,66713
38468,45696
38468,35093
38468,99757
38468,10424
38468,30692
38468,37022
38468,42374
38468,61976
38468,52638
38468,91043
38468,19794
38468,89642
38468,88311
38468,90808
38468,1318
38468,94637
38468,1711
52189,84844
52189,40696
52189,54084
52189,1064
52189,50797
52189,69909
52189,73918
52189,17253
52189,11003
52189,53643
52189,32818
52189,28680
52189,57372
52189,63867
52189,49558
52189,88731
52189,40029
52189,2126
52189,37624
52189,16021
52189,61726
52189,72594
52189,64451
52189,66638
52189,81015
52189,70392
52189,78355
52189,24302
52189,22048
52189,35573
52189,26312
52189,47260
52189,96937
52189,6510
52189,76017
52189,69995
52189,98463
52189,22340
52189,73798
52189,60211
52189,11153
52189,9150
52189,65538
52189,91642
52189,39491
52189,4731
52189,88776
52189,26405
52189,87239
52189,23385
52189,7697
52189,64607
52189,86807
52189,26030
52189,8309
52189,69711
52189,16897
52189,13914
52189,62707
52189,2820
52189,76214
52189,3228
52189,474
52189,49612
52189,9891
52189,18765
52189,47722
52189,97386
52189,47066
52189,8862
52189,12812
52189,1862
52189,74853
52189,66501
52189,19581
52189,85851
52189,92655
52189,13512
52189,93016
52189,34524
52189,30719
52189,25460
52189,17740
52189,23594
52189,70282
52189,78229
52189,22799
52189,43175
52189,23525
52189,97475
52189,16722
52189,74365
52189,3924
52189,14290
52189,99057
52189,99162
52189,18674
52189,5199
52189,18030
52189,29358
52189,66075
52189,80321
52189,71128
52189,81052
52189,12242
52189,95994
52189,88950
52189,75920
52189,84595
52189,59063
52189,59054
52189,62444
52189,13122
52189,50883
52189,81927
52189,13705
52189,39809
52189,74421
52189,72364
52189,20079
52189,95970
52189,6816
52189,64757
52189,8669
52189,68658
52189,82847
52189,47881
52189,15096
52189,82639
52189,11766
52189,5943
52189,21947
52189,4272
52189,26761
52189,86161
52189,15566
52189,49068
52189,9053
52189,59113
52189,53495
52189,39501
52189,78675
52189,84280
52189,45841
52189,20149
52189,63297
52189,14299
52189,6594
52189,76327
52189,26638
52189,84622
52189,78374
52189,42923
52189,56747
52189,58617
52189,99290
52189,28714
52189,27266
52189,50519
52189,43946
52189,50307
52189,78665
52189,4027
52189,60730
52189,64317
52189,59783
52189,77942
52189,19851
52189,68857
52189,67747
52189,63620
52189,37787
52189,4312
52189,59844
52189,62789
52189,97900
52189,8536
52189,76145
52189,90546
52189,72270
52189,49942
52189,45506
52189,74722
52189,1829
52189,18841
52189,5059
52189,56407
52189,82741
52189,43081
52189,18218
52189,39058
52189,40557
52189,69661
52189,21831
52189,61825
52189,62826
52189,65163
52189,90034
52189,18808
52189,96211
52189,92966
52189,27660
52189,13373
52189,99454
52189,93387
52189,73873
52189,73539
52189,61976
52189,7137
52189,53056
52189,19794
52189,80572
52189,88311
52189,17930
52189,51334
52189,25838
52189,5062
52189,68532
52189,30776
52189,74088
52189,33252
52189,1711
51071,11003
51071,25155
51071,29759
51071,59121
51071,22551
51071,37624
51071,20082
51071,3545
51071,7612
51071,34874
51071,83129
51071,1503
51071,30965
51071,49372
51071,70392
51071,39983
51071,95763
51071,8013
51071,43652
51071,5957
51071,46068
51071,1795
51071,60979
51071,76017
51071,54857
51071,82315
51071,73445
51071,60211
51071,11153
51071,92155
51071,65538
51071,41435
51071,4731
51071,77441
51071,39274
51071,3617
51071,87239
51071,94556
51071,98684
51071,474
51071,72277
51071,80519
51071,6262
51071,16081
51071,47722
51071,68964
51071,66326
51071,41019
51071,50886
51071,46061
51071,48244
51071,13512
51071,42102
51071,13285
51071,85293
51071,48489
51071,22528
51071,54129
51071,19487
51071,4071
51071,54974
51071,19091
51071,66075
51071,81052
51071,87269
51071,12242
51071,25706
51071,113
51071,12138
51071,40753
51071,42635
51071,63663
51071,37512
51071,50883
51071,98521
51071,13705
51071,85606
51071,47292
51071,29982
51071,9031
51071,57173
51071,42819
51071,36851
51071,76900
51071,11733
51071,11775
51071,26761
51071,72659
51071,37840
51071,84280
51071,26618
51071,99792
51071,14299
51071,18845
51071,35999
51071,44976
51071,26638
51071,42987
51071,69725
51071,95265
51071,30846
51071,42923
51071,70679
51071,58617
51071,10343
51071,73973
51071,79589
51071,6090
51071,13613
51071,48790
51071,77942
51071,67009
51071,21683
51071,45770
51071,6463
51071,4312
51071,18882
51071,4232
51071,85225
51071,62789
51071,97900
51071,49942
51071,34076
51071,11238
51071,5059
51071,58681
51071,33249
51071,17185
51071,65896
51071,8697
51071,68607
51071,85617
51071,99757
51071,16216
51071,10424
51071,91319
51071,99454
51071,63531
51071,30692
51071,52638
51071,7137
51071,10059
51071,39496
51071,20515
51071,80686
51071,652
51071,74888
51071,1711
39412,99710
39412,36078
39412,8980
39412,34874
39412,70434
39412,39983
39412,87781
39412,46068
39412,76017
39412,36866
39412,11153
39412,41435
39412,39491
39412,2418
39412,72277
39412,39863
39412,30205
39412,1862
39412,41019
39412,1608
39412,96691
39412,18674
39412,80999
39412,29358
39412,88161
39412,12138
39412,7021
39412,24234
39412,63663
39412,13122
39412,67349
39412,11766
39412,49068
39412,78675
39412,18845
39412,99173
39412,26638
39412,42987
39412,6856
39412,70679
39412,76511
39412,99290
39412,7339
39412,45185
39412,57242
39412,13278
39412,88089
39412,9835
39412,79138
39412,33450
39412,90034
39412,10424
39412,64575
39412,89642
39412,80572
39412,90085
39412,17930
39412,47458
39412,33470
39412,1711
65405,79668
65405,53643
65405,6420
65405,25155
65405,29838
65405,15989
65405,88731
65405,84178
65405,59121
65405,61726
65405,22517
65405,3805
65405,34874
65405,87810
65405,83129
65405,1272
65405,91713
65405,30965
65405,46461
65405,53548
65405,38578
65405,11960
65405,25310
65405,79095
65405,95594
65405,10520
65405,8013
65405,74059
65405,22048
65405,58424
65405,6510
65405,60388
65405,82315
65405,24848
65405,9150
65405,78373
65405,26165
65405,3617
65405,66992
65405,26030
65405,50055
65405,69711
65405,27671
65405,76214
65405,29628
65405,80519
65405,14531
65405,47722
65405,5949
65405,70954
65405,9915
65405,66501
65405,50886
65405,19581
65405,62905
65405,92548
65405,96678
65405,78229
65405,91223
65405,22799
65405,62153
65405,21793
65405,43003
65405,58876
65405,19091
65405,98615
65405,24070
65405,71128
65405,87269
65405,88161
65405,94363
65405,84595
65405,40753
65405,59114
65405,55814
65405,85606
65405,59338
65405,19152
65405,61309
65405,91314
65405,21036
65405,26544
65405,62943
65405,21947
65405,4272
65405,55319
65405,14425
65405,21026
65405,72659
65405,28935
65405,59817
65405,76793
65405,99173
65405,58578
65405,95995
65405,42987
65405,69725
65405,19147
65405,99290
65405,73973
65405,29040
65405,82703
65405,57837
65405,6090
65405,7025
65405,28799
65405,77942
65405,24497
65405,68857
65405,22436
65405,63620
65405,75529
65405,98306
65405,85225
65405,78591
65405,97900
65405,10188
65405,56407
65405,61238
65405,18445
65405,43081
65405,88089
65405,74594
65405,42982
65405,68607
65405,90034
65405,84551
65405,92282
65405,13373
65405,99454
65405,82704
65405,73539
65405,42374
65405,7137
65405,53056
65405,16219
65405,80572
65405,88311
65405,66677
65405,90808
65405,46196
65405,94637
65405,49307
65405,1711
65405,7197
6600,39243
6600,2885
6600,99322
6600,73918
6600,99710
6600,11003
6600,53643
6600,695
6600,29838
6600,15989
6600,2126
6600,14210
6600,59135
6600,79650
6600,8980
6600,43092
6600,44305
6600,64416
6600,92369
6600,81015
6600,11960
6600,79095
6600,38335
6600,95594
6600,10563
6600,58424
6600,29210
6600,59292
6600,50015
6600,50426
6600,73798
6600,73733
6600,9150
6600,92155
6600,39080
6600,41435
6600,65681
6600,70782
6600,39274
6600,3617
6600,68169
6600,63014
6600,89624
6600,8309
6600,69711
6600,16897
6600,2820
6600,3228
6600,474
6600,78983
6600,80519
6600,18765
6600,36215
6600,29884
6600,89332
6600,65304
6600,63951
6600,54361
6600,80996
6600,1862
6600,13875
6600,41019
6600,34274
6600,50886
6600,6346
6600,92655
6600,38505
6600,6
6600,13512
6600,34524
6600,86289
6600,21230
6600,24548
6600,88855
6600,1608
6600,84059
6600,74365
6600,3924
6600,14290
6600,80887
6600,51181
6600,75147
6600,83163
6600,18674
6600,21092
6600,91832
6600,43003
6600,33181
6600,65432
6600,82093
6600,81052
6600,89459
6600,1198
6600,88161
6600,28495
6600,95994
6600,88950
6600,48391
6600,59054
6600,40753
6600,34808
6600,3793
6600,13122
6600,41743
6600,24353
6600,98521
6600,47292
6600,82814
6600,95970
6600,37212
6600,61309
6600,79834
6600,8669
6600,47212
6600,72410
6600,42819
6600,26544
6600,62943
6600,19028
6600,1349
6600,26761
6600,88953
6600,47187
6600,39501
6600,78675
6600,26618
6600,99792
6600,80842
6600,62293
6600,93464
6600,8982
6600,76793
6600,15956
6600,18845
6600,99173
6600,78995
6600,97247
6600,42923
6600,58159
6600,10513
6600,84083
6600,83902
6600,19147
6600,10343
6600,37372
6600,70600
6600,79067
6600,57837
6600,31580
6600,61025
6600,57782
6600,7025
6600,77841
6600,62224
6600,10692
6600,19851
6600,75529
6600,98306
6600,18882
6600,4232
6600,85225
6600,92503
6600,62789
6600,8536
6600,33196
6600,40938
6600,16758
6600,49942
6600,77844
6600,34076
6600,7536
6600,60549
6600,11238
6600,18841
6600,61238
6600,18445
6600,33249
6600,28112
6600,20762
6600,28282
6600,69661
6600,87993
6600,33450
6600,18808
6600,30568
6600,27660
6600,92282
6600,52703
6600,12515
6600,95796
6600,91319
6600,99454
6600,63531
6600,73539
6600,61976
6600,19794
6600,89642
6600,80572
6600,90085
6600,51334
6600,1318
6600,697
6600,80200
71870,84844
71870,40696
71870,90965
71870,57372
71870,25155
71870,40029
71870,61726
71870,3545
71870,89592
71870,5957
71870,6510
71870,58914
71870,73798
71870,60211
71870,4731
71870,40875
71870,3617
71870,94556
71870,62707
71870,78983
71870,91
71870,28110
71870,12812
71870,54361
71870,86289
71870,24548
71870,48489
71870,14421
71870,21793
71870,96691
71870,18674
71870,91832
71870,80321
71870,86538
71870,48391
71870,4177
71870,40753
71870,89757
71870,78675
71870,26618
71870,76327
71870,87505
71870,84622
71870,42923
71870,99290
71870,73973
71870,78665
71870,48790
71870,94730
71870,1674
71870,76147
71870,72598
71870,10188
71870,61238
71870,13278
71870,82741
71870,43081
71870,20445
71870,74594
71870,88486
71870,68607
71870,90034
71870,35093
71870,99473
71870,92966
71870,35240
71870,9169
71870,51334
71870,90808
71870,46196
71870,652
71870,33252
20667,12999
20667,695
20667,96311
20667,15989
20667,14210
20667,84178
20667,87030
20667,70392
20667,46461
20667,59176
20667,58424
20667,73798
20667,62803
20667,50055
20667,13148
20667,80519
20667,30614
20667,63951
20667,42451
20667,66326
20667,50886
20667,65271
20667,92866
20667,13285
20667,43175
20667,48489
20667,34924
20667,54974
20667,87269
20667,28495
20667,40753
20667,3793
20667,87941
20667,24353
20667,81927
20667,55814
20667,79834
20667,9031
20667,52905
20667,14765
20667,4272
20667,55319
20667,47187
20667,37840
20667,84280
20667,44348
20667,99290
20667,27266
20667,31580
20667,48745
20667,57782
20667,24497
20667,22436
20667,37106
20667,45506
20667,69125
20667,7536
20667,18841
20667,28282
20667,35093
20667,85038
20667,85528
20667,94637
20667,7197
63140,54084
63140,94791
63140,17253
63140,25155
63140,40029
63140,66638
63140,92369
63140,69427
63140,48196
63140,6510
63140,7959
63140,42452
63140,82315
63140,73798
63140,60211
63140,78373
63140,3617
63140,23385
63140,47172
63140,69711
63140,14531
63140,12812
63140,54361
63140,66326
63140,50886
63140,46061
63140,86289
63140,96678
63140,22799
63140,58876
63140,54974
63140,19091
63140,66075
63140,80321
63140,94363
63140,15718
63140,50883
63140,74421
63140,19152
63140,58660
63140,26544
63140,62293
63140,6594
63140,48302
63140,35999
63140,87505
63140,95995
63140,18165
63140,70600
63140,78665
63140,94730
63140,62224
63140,45770
63140,63620
63140,97900
63140,72598
63140,74499
63140,73855
63140,88486
63140,65163
63140,84551
63140,99757
63140,16216
63140,89249
63140,93387
63140,7137
63140,51334
63140,90808
63140,46196
63140,85528
63140,697
63140,49307
38634,84844
38634,1064
38634,96311
38634,15989
38634,29759
38634,88731
38634,36078
38634,84178
38634,22551
38634,20082
38634,7612
38634,22517
38634,72594
38634,87810
38634,30965
38634,92369
38634,70392
38634,46159
38634,46461
38634,95763
38634,64417
38634,50136
38634,46068
38634,1795
38634,96937
38634,60979
38634,58914
38634,62725
38634,50015
38634,65681
38634,51055
38634,39491
38634,37570
38634,62704
38634,43461
38634,94556
38634,26030
38634,3003
38634,13914
38634,62707
38634,44672
38634,63866
38634,98684
38634,2820
38634,474
38634,67649
38634,30614
38634,6262
38634,36215
38634,89332
38634,65304
38634,68964
38634,30205
38634,42451
38634,66501
38634,31336
38634,13875
38634,7315
38634,50886
38634,48244
38634,1836
38634,82969
38634,27254
38634,64775
38634,23594
38634,13285
38634,91223
38634,2500
38634,49806
38634,48489
38634,16722
38634,14290
38634,99057
38634,83163
38634,99162
38634,80999
38634,72188
38634,29358
38634,66075
38634,98615
38634,24070
38634,81052
38634,1198
38634,75920
38634,96472
38634,63663
38634,73295
38634,13122
38634,26261
38634,39809
38634,47292
38634,8669
38634,58660
38634,47881
38634,52905
38634,79870
38634,95408
38634,21947
38634,55319
38634,47820
38634,93735
38634,26761
38634,87379
38634,14240
38634,59817
38634,26618
38634,47884
38634,6594
38634,48302
38634,3588
38634,44976
38634,70254
38634,26638
38634,95995
38634,6856
38634,38798
38634,44348
38634,18165
38634,7339
38634,6927
38634,79589
38634,38589
38634,6090
38634,78665
38634,45185
38634,43746
38634,77841
38634,57967
38634,81307
38634,61326
38634,67009
38634,36956
38634,10692
38634,1674
38634,21855
38634,75529
38634,18882
38634,59844
38634,12599
38634,3101
38634,86833
38634,97900
38634,29704
38634,40938
38634,16758
38634,72270
38634,77844
38634,69125
38634,18841
38634,51097
38634,92100
38634,79102
38634,20445
38634,17526
38634,29290
38634,74594
38634,92282
38634,12515
38634,73409
38634,63531
38634,30692
38634,37022
38634,73873
38634,73539
38634,61976
38634,52638
38634,13395
38634,89967
38634,35079
38634,90808
38634,1318
38634,85528
38634,80686
38634,64597
38634,10958
38634,49307
38634,33470
91834,90482
91834,79668
91834,88731
91834,50306
91834,64417
91834,5957
91834,38932
91834,22048
91834,42452
91834,73445
91834,58245
91834,11125
91834,26165
91834,22620
91834,64607
91834,43461
91834,16897
91834,36215
91834,8862
91834,63951
91834,46061
91834,92548
91834,30719
91834,86289
91834,96678
91834,63112
91834,28928
91834,65432
91834,19091
91834,32541
91834,71128
91834,88950
91834,96472
91834,91374
91834,42635
91834,49424
91834,48430
91834,25316
91834,46828
91834,15096
91834,65295
91834,15566
91834,28935
91834,59817
91834,95853
91834,42987
91834,78995
91834,38211
91834,45925
91834,13613
91834,85262
91834,94730
91834,28799
91834,10692
91834,10353
91834,63620
91834,4925
91834,4232
91834,86833
91834,60228
91834,69125
91834,33249
91834,79138
91834,35093
91834,16291
91834,73539
91834,80572
91834,88311
91834,17930
91834,5062
91834,68532
91834,10958
91834,52110
91834,33470
82958,84844
82958,40696
82958,39243
82958,70994
82958,99710
82958,6420
82958,25155
82958,91845
82958,29759
82958,84178
82958,59121
82958,37624
82958,87030
82958,3545
82958,72594
82958,64451
82958,55515
82958,1272
82958,91713
82958,30965
82958,70392
82958,46159
82958,25310
82958,87781
82958,36875
82958,50802
82958,74059
82958,43652
82958,1795
82958,35573
82958,7959
82958,62725
82958,50015
82958,42452
82958,36866
82958,73445
82958,58245
82958,60211
82958,39080
82958,57289
82958,51846
82958,22648
82958,28105
82958,26165
82958,10079
82958,62704
82958,47172
82958,58143
82958,63014
82958,44043
82958,89624
82958,94556
82958,26030
82958,83365
82958,8309
82958,82739
82958,16897
82958,3228
82958,90375
82958,78983
82958,14531
82958,48721
82958,8862
82958,5949
82958,28110
82958,92882
82958,63951
82958,39863
82958,66326
82958,74853
82958,34274
82958,98151
82958,50886
82958,6346
82958,92655
82958,6
82958,82969
82958,30719
82958,21230
82958,81497
82958,49679
82958,23594
82958,27522
82958,24548
82958,22807
82958,26935
82958,1608
82958,28928
82958,80887
82958,36838
82958,99057
82958,46692
82958,7926
82958,91832
82958,65432
82958,51810
82958,11158
82958,29358
82958,80321
82958,22110
82958,71128
82958,12906
82958,25706
82958,95994
82958,24234
82958,59054
82958,40753
82958,91374
82958,63663
82958,42723
82958,47003
82958,49424
82958,37512
82958,94691
82958,87941
82958,48430
82958,26261
82958,81927
82958,59338
82958,72364
82958,48612
82958,69465
82958,46828
82958,53695
82958,58951
82958,46428
82958,91314
82958,47881
82958,9621
82958,15096
82958,14765
82958,19028
82958,14425
82958,65295
82958,9076
82958,26761
82958,88953
82958,9053
82958,73704
82958,14240
82958,59817
82958,29682
82958,78675
82958,56529
82958,26618
82958,36296
82958,90219
82958,95338
82958,95853
82958,14299
82958,76793
82958,15956
82958,76327
82958,35999
82958,99173
82958,87505
82958,42987
82958,69725
82958,6856
82958,42923
82958,12104
82958,8796
82958,56747
82958,44348
82958,70679
82958,36422
82958,10513
82958,84083
82958,63028
82958,79589
82958,38589
82958,31580
82958,61025
82958,44949
82958,4027
82958,45185
82958,43746
82958,94730
82958,77841
82958,81307
82958,94202
82958,11038
82958,68857
82958,44244
82958,63620
82958,4925
82958,21855
82958,59844
82958,85225
82958,57242
82958,60228
82958,72598
82958,3913
82958,72270
82958,49942
82958,45506
82958,60549
82958,66713
82958,84135
82958,58681
82958,13278
82958,74176
82958,33249
82958,69661
82958,45696
82958,87993
82958,42982
82958,998
82958,97754
82958,2677
82958,35093
82958,24072
82958,92282
82958,95796
82958,86447
82958,99454
82958,35240
82958,73539
82958,52638
82958,7137
82958,90650
82958,19794
82958,90307
82958,65114
82958,39496
82958,25838
82958,85528
82958,697
82958,68532
82958,80686
82958,652
82958,74888
82958,7197
26384,90965
26384,73918
26384,17253
26384,73945
26384,24302
26384,74059
26384,22048
26384,46068
26384,60979
26384,82315
26384,60211
26384,65681
26384,88776
26384,60090
26384,26165
26384,47172
26384,83365
26384,76214
26384,29628
26384,54361
26384,6346
26384,38505
26384,30719
26384,86289
26384,19897
26384,49679
26384,74365
26384,36838
26384,43003
26384,80321
26384,71128
26384,88950
26384,113
26384,15718
26384,84595
26384,96472
26384,41743
26384,55814
26384,29982
26384,46828
26384,61309
26384,54466
26384,60670
26384,15096
26384,34016
26384,55319
26384,65295
26384,88953
26384,59113
26384,28935
26384,59817
26384,78675
26384,42987
26384,42923
26384,70600
26384,85262
26384,48790
26384,64966
26384,10692
26384,63620
26384,75529
26384,12599
26384,85225
26384,8536
26384,93507
26384,60549
26384,92100
26384,28112
26384,40557
26384,88089
26384,79138
26384,97754
26384,84551
26384,92282
26384,95796
26384,36323
26384,73539
26384,80572
26384,17930
26384,44128
15240,90482
15240,40696
15240,97522
15240,70994
15240,94791
15240,53926
15240,73918
15240,79668
15240,57372
15240,6420
15240,37711
15240,91845
15240,63867
15240,14613
15240,84178
15240,14340
15240,87030
15240,8980
15240,64416
15240,22517
15240,66638
15240,83129
15240,1503
15240,70434
15240,36458
15240,51625
15240,39079
15240,11960
15240,78355
15240,25310
15240,36875
15240,95763
15240,95594
15240,10520
15240,10564
15240,64417
15240,24302
15240,74059
15240,49983
15240,38932
15240,22048
15240,46068
15240,48196
15240,87765
15240,54857
15240,36162
15240,11153
15240,65538
15240,57289
15240,51055
15240,39491
15240,51451
15240,39274
15240,40875
15240,3617
15240,2418
15240,68169
15240,62704
15240,22620
15240,47172
15240,86807
15240,26030
15240,16897
15240,51855
15240,27671
15240,29628
15240,28429
15240,474
15240,49612
15240,18765
15240,29884
15240,48721
15240,63951
15240,80996
15240,68964
15240,70954
15240,84786
15240,39863
15240,30205
15240,42451
15240,13875
15240,63871
15240,62905
15240,1836
15240,6
15240,82969
15240,96678
15240,78765
15240,27522
15240,78229
15240,49806
15240,97475
15240,27199
15240,28928
15240,99162
15240,18674
15240,21092
15240,19451
15240,65432
15240,58876
15240,54974
15240,5199
15240,31024
15240,12906
15240,53881
15240,48898
15240,12138
15240,75920
15240,40753
15240,91374
15240,84024
15240,42635
15240,34808
15240,70511
15240,94691
15240,87941
15240,25316
15240,98521
15240,26261
15240,96507
15240,47292
15240,53695
15240,95970
15240,6816
15240,58951
15240,61309
15240,79834
15240,64757
15240,54466
15240,10042
15240,96149
15240,18276
15240,47881
15240,9621
15240,57173
15240,72929
15240,79870
15240,21036
15240,95408
15240,16012
15240,19028
15240,53770
15240,65295
15240,11775
15240,39383
15240,39351
15240,26761
15240,72659
15240,28935
15240,59817
15240,92622
15240,78675
15240,99792
15240,20149
15240,80842
15240,62293
15240,30170
15240,76793
15240,76327
15240,2997
15240,99173
15240,26638
15240,95995
15240,69725
15240,97247
15240,42923
15240,30481
15240,36422
15240,58617
15240,83902
15240,56359
15240,28714
15240,6815
15240,17354
15240,61573
15240,29811
15240,20130
15240,36956
15240,10692
15240,10353
15240,44244
15240,59844
15240,12599
15240,85225
15240,78591
15240,86833
15240,37106
15240,62789
15240,76145
15240,49942
15240,10188
15240,7536
15240,60549
15240,1829
15240,51097
15240,56407
15240,32176
15240,92100
15240,74176
15240,43081
15240,39058
15240,20445
15240,48933
15240,97567
15240,65163
15240,31910
15240,41543
15240,99757
15240,12515
15240,91319
15240,86447
15240,13373
15240,99454
15240,73539
15240,80759
15240,9169
15240,53056
15240,78277
15240,75733
15240,10059
15240,35079
15240,90808
15240,85528
15240,94637
15240,652
15240,25417
15240,49307
15240,1711
15240,44128
94471,39243
94471,53926
94471,94649
94471,7612
94471,87781
94471,8287
94471,48196
94471,24848
94471,3193
94471,60090
94471,3617
94471,62803
94471,8309
94471,50055
94471,30883
94471,3228
94471,30614
94471,29884
94471,71870
94471,46061
94471,38505
94471,13512
94471,64775
94471,96678
94471,27522
94471,16722
94471,91832
94471,22110
94471,71128
94471,61524
94471,7021
94471,4177
94471,84595
94471,40753
94471,70511
94471,10042
94471,82847
94471,57173
94471,39383
94471,26761
94471,37840
94471,6594
94471,74988
94471,76511
94471,27266
94471,48745
94471,85262
94471,7025
94471,77841
94471,94202
94471,61326
94471,79515
94471,24497
94471,44244
94471,4312
94471,37106
94471,72568
94471,93507
94471,17736
94471,40938
94471,74499
94471,49942
94471,52708
94471,84135
94471,28112
94471,97567
94471,2677
94471,99473
94471,82704
94471,37022
94471,95180
94471,47458
94471,33470
94471,7197
50849,2885
50849,46602
50849,84230
50849,73918
50849,12361
50849,57372
50849,695
50849,37605
50849,37711
50849,63867
50849,40029
50849,59135
50849,8980
50849,3805
50849,36458
50849,78355
50849,25310
50849,36875
50849,95594
50849,8013
50849,26312
50849,60979
50849,72149
50849,88384
50849,62725
50849,87765
50849,60388
50849,82315
50849,41190
50849,51710
50849,44582
50849,98684
50849,17936
50849,5949
50849,63951
50849,68964
50849,30205
50849,42451
50849,31336
50849,62905
50849,85851
50849,65271
50849,84441
50849,1836
50849,6
50849,30860
50849,25460
50849,13285
50849,88855
50849,3924
50849,53082
50849,65432
50849,34523
50849,12242
50849,88950
50849,24234
50849,34808
50849,87941
50849,56254
50849,98521
50849,13705
50849,86997
50849,29982
50849,91314
50849,10042
50849,47881
50849,15096
50849,42819
50849,26544
50849,53770
50849,65295
50849,55639
50849,53495
50849,14240
50849,90219
50849,6594
50849,8982
50849,75375
50849,35999
50849,44976
50849,30846
50849,58617
50849,84083
50849,10343
50849,60730
50849,61326
50849,36956
50849,10353
50849,67747
50849,4232
50849,3101
50849,76145
50849,34076
50849,11238
50849,58681
50849,33249
50849,18218
50849,88089
50849,45696
50849,85617
50849,84551
50849,30568
50849,16216
50849,27660
50849,73409
50849,18064
50849,13373
50849,99454
50849,53352
50849,9169
50849,91043
50849,51334
50849,697
10494,84844
10494,50797
10494,12999
10494,99710
10494,87030
10494,3545
10494,3805
10494,72594
10494,10564
10494,69995
10494,36162
10494,9150
10494,78824
10494,66992
10494,26030
10494,3228
10494,34053
10494,42451
10494,48244
10494,65271
10494,21230
10494,14421
10494,19091
10494,40584
10494,1198
10494,94363
10494,48898
10494,37512
10494,87941
10494,82814
10494,58951
10494,42819
10494,47187
10494,78675
10494,99792
10494,14299
10494,28136
10494,21334
10494,44348
10494,10513
10494,27266
10494,78665
10494,57782
10494,62224
10494,67009
10494,24497
10494,4925
10494,59844
10494,43081
10494,74594
10494,10424
10494,86447
10494,13373
10494,91043
10494,94637
10494,33470
20400,84844
20400,40696
20400,54084
20400,97522
20400,39243
20400,70994
20400,73918
20400,99710
20400,32818
20400,25155
20400,96311
20400,29838
20400,65887
20400,40029
20400,2126
20400,8980
20400,41448
20400,87810
20400,1272
20400,92369
20400,49372
20400,81015
20400,70392
20400,46159
20400,39079
20400,8013
20400,38932
20400,8287
20400,7959
20400,69995
20400,82315
20400,9150
20400,78373
20400,4731
20400,46431
20400,68169
20400,23385
20400,66992
20400,3228
20400,78983
20400,49612
20400,12812
20400,63951
20400,94560
20400,39863
20400,13875
20400,70282
20400,92866
20400,57494
20400,34924
20400,16722
20400,54129
20400,18674
20400,91832
20400,58876
20400,66075
20400,80321
20400,82093
20400,86538
20400,71128
20400,25706
20400,48391
20400,40753
20400,91374
20400,74421
20400,19152
20400,48612
20400,95970
20400,9031
20400,57173
20400,60670
20400,15096
20400,52905
20400,11733
20400,4272
20400,1349
20400,87379
20400,37840
20400,26618
20400,99792
20400,47884
20400,80842
20400,93464
20400,14299
20400,76793
20400,2997
20400,74988
20400,6856
20400,44348
20400,3
20400,27266
20400,73973
20400,82703
20400,38589
20400,31580
20400,48745
20400,7025
20400,67009
20400,45770
20400,22436
20400,67747
20400,48609
20400,8628
20400,78177
20400,2584
20400,97900
20400,17736
20400,74499
20400,72270
20400,49942
20400,34076
20400,18841
20400,56407
20400,62851
20400,84135
20400,43081
20400,18218
20400,48933
20400,49957
20400,9835
20400,74594
20400,42982
20400,68607
20400,61825
20400,65163
20400,41543
20400,99473
20400,16291
20400,16216
20400,73409
20400,65334
20400,91043
20400,90808
20400,46196
20400,74088
20400,1711
91616,39243
91616,17253
91616,96311
91616,14340
91616,79650
91616,50306
91616,95607
91616,77939
91616,3805
91616,10428
91616,1272
91616,49372
91616,82241
91616,39079
91616,11960
91616,59176
91616,58245
91616,39491
91616,51451
91616,11125
91616,70782
91616,40875
91616,68169
91616,98684
91616,90375
91616,78983
91616,18765
91616,97386
91616,46099
91616,65304
91616,63951
91616,42451
91616,66501
91616,98151
91616,50886
91616,65271
91616,13512
91616,86289
91616,70282
91616,91223
91616,2500
91616,1608
91616,49806
91616,97475
91616,14421
91616,74365
91616,21793
91616,7926
91616,91832
91616,45216
91616,12242
91616,98521
91616,81927
91616,96507
91616,59338
91616,6525
91616,58660
91616,91314
91616,82847
91616,53770
91616,93735
91616,87379
91616,59113
91616,59817
91616,78675
91616,84280
91616,36296
91616,30170
91616,42923
91616,36422
91616,27266
91616,78665
91616,57782
91616,45185
91616,28799
91616,81307
91616,12407
91616,24497
91616,68857
91616,67747
91616,48609
91616,4925
91616,78177
91616,4312
91616,3101
91616,97900
91616,76145
91616,90546
91616,7536
91616,28112
91616,29290
91616,998
91616,2677
91616,35093
91616,85038
91616,10424
91616,65334
91616,13373
91616,63531
91616,90650
91616,89096
91616,85528
91616,697
91616,94637
91616,74088
64904,54084
64904,39243
64904,70994
64904,99710
64904,43561
64904,14613
64904,88731
64904,36078
64904,84178
64904,98122
64904,64416
64904,83129
64904,51625
64904,46461
64904,53548
64904,39079
64904,25310
64904,20460
64904,95763
64904,5957
64904,47260
64904,58914
64904,59292
64904,87765
64904,50015
64904,36162
64904,39080
64904,57289
64904,30083
64904,51055
64904,41190
64904,77441
64904,3193
64904,51710
64904,64607
64904,58143
64904,66992
64904,97893
64904,16897
64904,63866
64904,14531
64904,5949
64904,65304
64904,1862
64904,74853
64904,85851
64904,65271
64904,42102
64904,19897
64904,43175
64904,26935
64904,97475
64904,16722
64904,51181
64904,79278
64904,65746
64904,65664
64904,18030
64904,19091
64904,34523
64904,80321
64904,32541
64904,40584
64904,81052
64904,25706
64904,7021
64904,84595
64904,59054
64904,37654
64904,49424
64904,37512
64904,73295
64904,70511
64904,56254
64904,98521
64904,84822
64904,72364
64904,20079
64904,79834
64904,58660
64904,18276
64904,11766
64904,36851
64904,14425
64904,53770
64904,88953
64904,49068
64904,87456
64904,47187
64904,53495
64904,14240
64904,59817
64904,92622
64904,39501
64904,26618
64904,99792
64904,30170
64904,95853
64904,6594
64904,15956
64904,78995
64904,30846
64904,6856
64904,62837
64904,30481
64904,58159
64904,10513
64904,64039
64904,6815
64904,44949
64904,64317
64904,81307
64904,67009
64904,19851
64904,67747
64904,63620
64904,37787
64904,98306
64904,78591
64904,97900
64904,76145
64904,82993
64904,67921
64904,49942
64904,69125
64904,7536
64904,74722
64904,56407
64904,18445
64904,92100
64904,33249
64904,17185
64904,20445
64904,65896
64904,88486
64904,998
64904,97754
64904,18808
64904,96211
64904,92282
64904,73539
64904,91043
64904,53056
64904,66677
64904,39496
64904,20515
64904,46196
64904,68532
64904,10958
64904,49307
64904,74888
64904,1711
64904,7197
60000,40696
60000,54084
60000,97522
60000,2885
60000,70994
60000,94791
60000,90965
60000,73918
60000,94649
60000,12361
60000,79668
60000,6420
60000,29838
60000,63867
60000,36078
60000,84178
60000,59121
60000,20082
60000,79650
60000,50306
60000,43092
60000,41448
60000,34874
60000,83129
60000,1503
60000,91713
60000,39824
60000,70434
60000,49372
60000,81015
60000,53548
60000,69427
60000,39079
60000,78355
60000,36875
60000,95763
60000,95594
60000,8013
60000,5957
60000,22048
60000,8287
60000,46068
60000,1795
60000,58424
60000,26312
60000,29210
60000,42452
60000,58245
60000,92155
60000,65538
60000,78373
60000,51055
60000,41190
60000,37570
60000,60090
60000,3617
60000,7697
60000,63014
60000,43461
60000,89624
60000,97893
60000,63866
60000,98684
60000,80519
60000,17936
60000,9891
60000,29884
60000,48721
60000,71870
60000,63951
60000,80996
60000,20562
60000,39863
60000,9915
60000,62905
60000,84441
60000,3086
60000,96678
60000,81497
60000,90997
60000,17740
60000,92866
60000,22807
60000,57494
60000,1608
60000,27199
60000,36838
60000,54129
60000,99057
60000,62515
60000,65664
60000,66075
60000,40584
60000,25706
60000,53881
60000,7021
60000,40753
60000,84024
60000,47003
60000,3793
60000,13122
60000,50883
60000,48756
60000,47292
60000,72364
60000,46828
60000,61309
60000,8669
60000,91314
60000,96149
60000,47881
60000,15096
60000,95408
60000,62943
60000,16012
60000,55319
60000,65295
60000,39383
60000,55587
60000,47187
60000,73704
60000,14240
60000,29682
60000,45841
60000,80842
60000,63297
60000,14299
60000,48302
60000,35999
60000,44976
60000,26638
60000,97247
60000,38798
60000,44348
60000,66626
60000,10343
60000,12237
60000,6815
60000,79067
60000,57837
60000,50307
60000,13613
60000,85262
60000,61025
60000,64966
60000,61573
60000,77841
60000,57967
60000,81307
60000,94202
60000,62224
60000,36956
60000,12333
60000,68857
60000,10353
60000,67747
60000,75529
60000,86833
60000,37106
60000,72568
60000,8536
60000,49233
60000,74499
60000,45506
60000,34076
60000,52708
60000,11238
60000,61238
60000,66713
60000,32176
60000,48933
60000,9835
60000,87993
60000,33450
60000,8697
60000,21831
60000,61825
60000,2677
60000,37735
60000,24072
60000,96211
60000,16291
60000,16216
60000,13373
60000,99454
60000,73539
60000,42374
60000,9169
60000,52638
60000,90307
60000,17930
60000,89096
60000,89967
60000,1711
60000,80200
60000,44128
99070,17253
99070,63867
99070,2126
99070,14210
99070,14340
99070,79650
99070,50306
99070,41448
99070,34874
99070,10428
99070,39079
99070,79095
99070,87781
99070,62725
99070,69995
99070,50015
99070,36162
99070,58245
99070,30083
99070,39491
99070,43461
99070,78983
99070,65304
99070,42451
99070,66501
99070,92655
99070,6
99070,64747
99070,43175
99070,7926
99070,5199
99070,87269
99070,113
99070,75920
99070,87941
99070,50883
99070,98521
99070,96507
99070,19028
99070,47187
99070,59113
99070,30170
99070,78995
99070,19147
99070,13613
99070,68857
99070,6463
99070,33196
99070,45506
99070,56407
99070,13278
99070,39058
99070,84098
99070,88486
99070,65163
99070,4809
99070,96211
99070,91319
99070,90650
99070,90307
99070,68532
99070,10958
99070,49307
99070,74088
99070,33470
17320,97522
17320,70994
17320,14613
17320,98122
17320,37624
17320,8980
17320,50306
17320,43092
17320,44305
17320,91713
17320,96937
17320,88384
17320,87765
17320,39301
17320,72277
17320,9891
17320,18765
17320,16081
17320,5949
17320,65304
17320,19897
17320,49679
17320,13285
17320,23525
17320,84059
17320,36854
17320,34523
17320,86538
17320,45216
17320,84595
17320,96472
17320,84024
17320,42723
17320,56254
17320,98521
17320,39809
17320,62943
17320,65295
17320,8982
17320,70254
17320,58617
17320,66626
17320,10513
17320,6927
17320,45185
17320,57967
17320,94202
17320,76147
17320,37787
17320,72568
17320,97900
17320,8536
17320,67921
17320,56407
17320,58681
17320,92100
17320,33249
17320,18218
17320,17185
17320,79138
17320,21831
17320,62826
17320,97754
17320,85617
17320,30568
17320,73409
17320,99454
17320,30692
17320,17930
17320,697
71961,2885
71961,53643
71961,91845
71961,49558
71961,73945
71961,22551
71961,20082
71961,3545
71961,92369
71961,70392
71961,46159
71961,39983
71961,78355
71961,95763
71961,11153
71961,78428
71961,11125
71961,88776
71961,70782
71961,39274
71961,68169
71961,43461
71961,26030
71961,50055
71961,62707
71961,44672
71961,89332
71961,48721
71961,12812
71961,84786
71961,13875
71961,98151
71961,1836
71961,6
71961,13512
71961,82969
71961,1332
71961,64775
71961,19897
71961,24548
71961,85293
71961,57494
71961,14421
71961,3924
71961,80887
71961,46692
71961,92236
71961,99162
71961,91832
71961,1198
71961,7021
71961,24234
71961,42635
71961,70511
71961,71951
71961,13122
71961,26261
71961,85606
71961,19152
71961,53695
71961,46428
71961,58660
71961,54466
71961,9621
71961,60670
71961,52905
71961,79870
71961,42819
71961,26544
71961,14765
71961,75444
71961,14425
71961,55639
71961,26761
71961,92622
71961,29682
71961,20149
71961,14299
71961,78995
71961,95265
71961,6856
71961,42923
71961,38798
71961,58159
71961,70679
71961,84083
71961,28714
71961,29040
71961,70600
71961,79067
71961,45185
71961,43746
71961,51956
71961,57967
71961,81307
71961,77942
71961,63777
71961,1674
71961,75529
71961,18882
71961,86833
71961,17736
71961,45506
71961,18841
71961,5059
71961,6374
71961,32176
71961,28112
71961,74594
71961,85617
71961,99757
71961,86447
71961,89249
71961,53352
71961,93387
71961,13395
71961,89642
71961,90808
71961,80686
71961,49307
71961,30776
71961,33252
63038,1064
63038,69909
63038,84230
63038,11003
63038,695
63038,29759
63038,49558
63038,40029
63038,59135
63038,1503
63038,49372
63038,78355
63038,39274
63038,63014
63038,43461
63038,72277
63038,71870
63038,65304
63038,39863
63038,46061
63038,62905
63038,65271
63038,1836
63038,6
63038,17740
63038,49679
63038,14421
63038,51181
63038,99057
63038,99162
63038,21092
63038,80999
63038,66075
63038,96472
63038,59063
63038,44313
63038,26261
63038,29982
63038,46828
63038,58951
63038,10042
63038,21947
63038,55639
63038,86161
63038,9588
63038,81743
63038,90219
63038,95995
63038,21334
63038,70679
63038,7339
63038,43946
63038,10692
63038,1674
63038,6463
63038,4312
63038,76145
63038,34076
63038,60549
63038,5059
63038,88486
63038,16291
63038,10424
63038,19794
63038,1318
63038,33252
63038,52110
4860,1064
4860,79668
4860,28680
4860,43735
4860,50306
4860,3545
4860,64451
4860,66638
4860,46159
4860,39079
4860,25310
4860,49983
4860,47260
4860,88384
4860,92155
4860,37570
4860,2418
4860,26405
4860,7697
4860,86807
4860,63014
4860,27671
4860,474
4860,9891
4860,36215
4860,89332
4860,47066
4860,80996
4860,41019
4860,45177
4860,85851
4860,30719
4860,49806
4860,82707
4860,18674
4860,65432
4860,45216
4860,37195
4860,75920
4860,84595
4860,29822
4860,48756
4860,79834
4860,72929
4860,55587
4860,28935
4860,41473
4860,92622
4860,26618
4860,99792
4860,62293
4860,95995
4860,85542
4860,8796
4860,56747
4860,43946
4860,90275
4860,28799
4860,36956
4860,10692
4860,76147
4860,86833
4860,67921
4860,56489
4860,7536
4860,5059
4860,55334
4860,28282
4860,79138
4860,33450
4860,99757
4860,99473
4860,52703
4860,13395
4860,19794
4860,89967
4860,7197
4843,39243
4843,94649
4843,96311
4843,65887
4843,29759
4843,2126
4843,59121
4843,94916
4843,95607
4843,1272
4843,39983
4843,50802
4843,8013
4843,24302
4843,59292
4843,50015
4843,58245
4843,9150
4843,39080
4843,30083
4843,51055
4843,39491
4843,46431
4843,77441
4843,70782
4843,39274
4843,3193
4843,40875
4843,62803
4843,68169
4843,23385
4843,58143
4843,43461
4843,16897
4843,90375
4843,78983
4843,29884
4843,48721
4843,64775
4843,96678
4843,26935
4843,91832
4843,43003
4843,65432
4843,80321
4843,89459
4843,15889
4843,48391
4843,4177
4843,84595
4843,24234
4843,59063
4843,70511
4843,48430
4843,50883
4843,84822
4843,72364
4843,82847
4843,57173
4843,95408
4843,5943
4843,13968
4843,93735
4843,21026
4843,87379
4843,59113
4843,41473
4843,39501
4843,15956
4843,97247
4843,62837
4843,83902
4843,50307
4843,45185
4843,24497
4843,22436
4843,44244
4843,18882
4843,72568
4843,3913
4843,51097
4843,57589
4843,38591
4843,29290
4843,42982
4843,88486
4843,21831
4843,65163
4843,90034
4843,2677
4843,27660
4843,91319
4843,93387
4843,90307
4843,74088
4843,33470
4843,7197
27285,84230
27285,79668
27285,15989
27285,91845
27285,88731
27285,50306
27285,3545
27285,64451
27285,55515
27285,53548
27285,69427
27285,25310
27285,93944
27285,10564
27285,50802
27285,59292
27285,58245
27285,78373
27285,51451
27285,26405
27285,63866
27285,7685
27285,27671
27285,80996
27285,41019
27285,85851
27285,30719
27285,21793
27285,7926
27285,15718
27285,34808
27285,3793
27285,55814
27285,91314
27285,15096
27285,45841
27285,26074
27285,21334
27285,97247
27285,8796
27285,38798
27285,66626
27285,99290
27285,78665
27285,7025
27285,90275
27285,77964
27285,61573
27285,60730
27285,81307
27285,24497
27285,10692
27285,78177
27285,37106
27285,7536
27285,73855
27285,55334
27285,69661
27285,79138
27285,62826
27285,9169
27285,13395
27285,19794
27285,46196
27285,10958
27285,44128
37972,54084
37972,57372
37972,25155
37972,7612
37972,49372
37972,81015
37972,68556
37972,1795
37972,58424
37972,60211
37972,92155
37972,62704
37972,50055
37972,29628
37972,72277
37972,47066
37972,42451
37972,66326
37972,13875
37972,63871
37972,34524
37972,30860
37972,28928
37972,65664
37972,51810
37972,24070
37972,1198
37972,15889
37972,7021
37972,59063
37972,42635
37972,63663
37972,53695
37972,47881
37972,52905
37972,95408
37972,14425
37972,47820
37972,21026
37972,9053
37972,14240
37972,56529
37972,20149
37972,95338
37972,26638
37972,78995
37972,42923
37972,30481
37972,64039
37972,79067
37972,38589
37972,17354
37972,45185
37972,71663
37972,20130
37972,19851
37972,68857
37972,49942
37972,34076
37972,6374
37972,55334
37972,27856
37972,42982
37972,99454
37972,19794
37972,89967
37972,10958
37972,74088
37972,33252
42135,1064
42135,73918
42135,94649
42135,43561
42135,15989
42135,2126
42135,43735
42135,14340
42135,8980
42135,3545
42135,22517
42135,41448
42135,64451
42135,66638
42135,39079
42135,11960
42135,36875
42135,50802
42135,60979
42135,58914
42135,59292
42135,36866
42135,39080
42135,57289
42135,39274
42135,78824
42135,3617
42135,62803
42135,86807
42135,63014
42135,89624
42135,27671
42135,474
42135,72277
42135,78983
42135,14531
42135,18765
42135,36215
42135,74853
42135,92655
42135,78765
42135,64747
42135,43175
42135,26935
42135,34924
42135,82707
42135,27199
42135,3924
42135,65664
42135,29358
42135,40584
42135,81052
42135,113
42135,12138
42135,37654
42135,87941
42135,55814
42135,67349
42135,95970
42135,79834
42135,6525
42135,96149
42135,82847
42135,15096
42135,82639
42135,26544
42135,62943
42135,36851
42135,76900
42135,13968
42135,55587
42135,92622
42135,26618
42135,90219
42135,26074
42135,62293
42135,6594
42135,76793
42135,74988
42135,21334
42135,85542
42135,83902
42135,63028
42135,18165
42135,38589
42135,61025
42135,77964
42135,6463
42135,4312
42135,72568
42135,72598
42135,17736
42135,45506
42135,57589
42135,39058
42135,48933
42135,88089
42135,79138
42135,33450
42135,84551
42135,41543
42135,16216
42135,52703
42135,91319
42135,61976
42135,90307
42135,10059
42135,10958
42135,33252
42135,74888
42135,80200
42135,44128
42135,7197
42135,97957
54113,40696
54113,46602
54113,70994
54113,99710
54113,79668
54113,53643
54113,28680
54113,29838
54113,88731
54113,37624
54113,44305
54113,66638
54113,55515
54113,39824
54113,39079
54113,79095
54113,38335
54113,93944
54113,50802
54113,74059
54113,10563
54113,47260
54113,60979
54113,7959
54113,58914
54113,72149
54113,42452
54113,73445
54113,73798
54113,41190
54113,39491
54113,97872
54113,13914
54113,7685
54113,80519
54113,6262
54113,16081
54113,97386
54113,54361
54113,74853
54113,7315
54113,92548
54113,86289
54113,90997
54113,49679
54113,49806
54113,84059
54113,27199
54113,22528
54113,51181
54113,99057
54113,18674
54113,36854
54113,43003
54113,51810
54113,31024
54113,86538
54113,32541
54113,81052
54113,15889
54113,75920
54113,84024
54113,34808
54113,63663
54113,47003
54113,49424
54113,37512
54113,87941
54113,98521
54113,55814
54113,39809
54113,67349
54113,53695
54113,79834
54113,47881
54113,82639
54113,95408
54113,62943
54113,76900
54113,16012
54113,4272
54113,47820
54113,86161
54113,15566
54113,73704
54113,28935
54113,81743
54113,92622
54113,39501
54113,78675
54113,90219
54113,63297
54113,30170
54113,76793
54113,2997
54113,78995
54113,69725
54113,38798
54113,58617
54113,56359
54113,99290
54113,12237
54113,6927
54113,6090
54113,13613
54113,61025
54113,78665
54113,45185
54113,48790
54113,77964
54113,28799
54113,64966
54113,36956
54113,24497
54113,48609
54113,76147
54113,37106
54113,60228
54113,82993
54113,77844
54113,56489
54113,51097
54113,73855
54113,61238
54113,79102
54113,43081
54113,33249
54113,28282
54113,45696
54113,42982
54113,62826
54113,4809
54113,30568
54113,16291
54113,82704
54113,52638
54113,91043
54113,13395
54113,19794
54113,16219
54113,88311
54113,89967
54113,51334
54113,46196
54113,94637
54113,64597
54113,74088
54113,52110
54113,80200
99041,54084
99041,97522
99041,53926
99041,90965
99041,99710
99041,12361
99041,53643
99041,57372
99041,25155
99041,65887
99041,14210
99041,73945
99041,37624
99041,81332
99041,95607
99041,7612
99041,22517
99041,3805
99041,83129
99041,70434
99041,36458
99041,46159
99041,39983
99041,38335
99041,64417
99041,74059
99041,50015
99041,65538
99041,39080
99041,51846
99041,51055
99041,39491
99041,28105
99041,88776
99041,70782
99041,40875
99041,62803
99041,2418
99041,87239
99041,51678
99041,63014
99041,16897
99041,44672
99041,63866
99041,474
99041,78983
99041,36215
99041,46099
99041,71346
99041,70954
99041,1862
99041,7315
99041,34274
99041,65271
99041,82969
99041,3086
99041,34524
99041,30860
99041,19897
99041,74600
99041,92866
99041,43175
99041,97475
99041,80887
99041,54129
99041,19487
99041,18674
99041,80999
99041,58876
99041,51810
99041,5199
99041,11158
99041,40584
99041,87269
99041,1198
99041,15889
99041,61524
99041,88161
99041,95994
99041,48391
99041,37195
99041,7021
99041,59063
99041,40753
99041,91374
99041,84024
99041,42635
99041,34808
99041,16425
99041,37654
99041,71951
99041,62444
99041,50883
99041,98521
99041,59338
99041,84822
99041,72364
99041,20079
99041,58660
99041,54466
99041,57173
99041,15096
99041,21036
99041,72410
99041,11775
99041,39351
99041,93735
99041,34448
99041,15566
99041,72659
99041,9053
99041,37840
99041,92622
99041,39501
99041,29682
99041,78675
99041,90219
99041,93464
99041,95338
99041,18845
99041,74988
99041,97247
99041,42923
99041,30481
99041,56359
99041,57837
99041,6090
99041,28799
99041,77841
99041,20130
99041,77942
99041,1674
99041,2584
99041,3913
99041,34076
99041,7536
99041,51097
99041,56407
99041,6374
99041,92100
99041,33249
99041,27856
99041,28112
99041,17185
99041,20445
99041,88089
99041,74594
99041,8697
99041,21831
99041,31910
99041,35093
99041,16216
99041,27660
99041,12515
99041,18064
99041,30692
99041,64575
99041,90650
99041,89642
99041,20515
99041,652
99041,10958
99041,52110
99041,1711
99041,80200
99041,59530
99041,97957
64237,53926
64237,69909
64237,17253
64237,53643
64237,29838
64237,36078
64237,20082
64237,7612
64237,66638
64237,55515
64237,39824
64237,51625
64237,70392
64237,74059
64237,89592
64237,5957
64237,87765
64237,39080
64237,51846
64237,4731
64237,88776
64237,29923
64237,62704
64237,47172
64237,86807
64237,43461
64237,39301
64237,27671
64237,89332
64237,51431
64237,84786
64237,7315
64237,19581
64237,65271
64237,82969
64237,3086
64237,1332
64237,27522
64237,24548
64237,34924
64237,16722
64237,21793
64237,36838
64237,21092
64237,19451
64237,43003
64237,54974
64237,65664
64237,19091
64237,24070
64237,12242
64237,1198
64237,15889
64237,59054
64237,13122
64237,50883
64237,74421
64237,47292
64237,6525
64237,9621
64237,72929
64237,15096
64237,21036
64237,95408
64237,5943
64237,14425
64237,65295
64237,9076
64237,93735
64237,26761
64237,73704
64237,37840
64237,78675
64237,36296
64237,76327
64237,2997
64237,35999
64237,99173
64237,95995
64237,30481
64237,99290
64237,37372
64237,45925
64237,43946
64237,48790
64237,61573
64237,71663
64237,63620
64237,76147
64237,8628
64237,3101
64237,86833
64237,37106
64237,97900
64237,74499
64237,49942
64237,34076
64237,61238
64237,57589
64237,69661
64237,49957
64237,88486
64237,35093
64237,4809
64237,99473
64237,65334
64237,99454
64237,35240
64237,89249
64237,93387
64237,64575
64237,52638
64237,66677
64237,47458
64237,89967
64237,1318
64237,85528
64237,94637
64237,652
63273,12376
63273,14613
63273,40029
63273,2126
63273,87030
63273,8980
63273,43092
63273,22517
63273,83129
63273,53548
63273,38335
63273,10563
63273,7959
63273,58914
63273,62725
63273,98463
63273,36162
63273,58245
63273,11153
63273,39080
63273,39491
63273,2418
63273,87239
63273,7697
63273,63014
63273,43461
63273,98684
63273,49195
63273,36215
63273,46099
63273,5949
63273,65304
63273,39863
63273,30205
63273,42451
63273,41019
63273,92655
63273,81497
63273,49679
63273,49806
63273,97475
63273,84059
63273,96691
63273,19487
63273,18674
63273,5199
63273,29358
63273,12242
63273,15889
63273,7021
63273,15718
63273,59054
63273,84024
63273,37654
63273,63663
63273,3793
63273,68416
63273,87941
63273,62444
63273,67349
63273,79834
63273,11766
63273,36851
63273,13968
63273,16012
63273,11775
63273,21026
63273,86161
63273,49068
63273,72659
63273,45841
63273,26074
63273,93464
63273,6856
63273,85542
63273,8796
63273,70679
63273,99290
63273,37372
63273,7339
63273,79067
63273,85262
63273,78665
63273,7025
63273,28799
63273,81307
63273,67009
63273,22436
63273,1674
63273,6463
63273,98306
63273,59844
63273,72568
63273,3913
63273,77844
63273,7536
63273,58681
63273,57589
63273,13278
63273,39310
63273,20445
63273,84098
63273,48933
63273,29290
63273,8697
63273,18808
63273,92282
63273,12515
63273,10424
63273,91319
63273,63531
63273,64575
63273,90307
63273,89642
63273,32666
63273,20515
63273,46196
63273,49307
63273,30776
63273,74888
63273,1711
63273,59530
63273,97957
89612,1064
89612,97522
89612,46602
89612,53926
89612,12361
89612,37605
89612,15989
89612,63867
89612,94916
89612,95607
89612,22517
89612,41448
89612,34874
89612,25310
89612,79095
89612,20460
89612,36875
89612,5957
89612,8287
89612,47260
89612,7959
89612,59292
89612,42452
89612,36162
89612,36866
89612,92155
89612,39080
89612,30083
89612,11125
89612,46431
89612,88776
89612,77441
89612,70782
89612,40875
89612,3617
89612,47172
89612,63014
89612,66992
89612,94556
89612,83365
89612,69711
89612,82739
89612,63866
89612,14531
89612,36215
89612,46099
89612,80996
89612,94560
89612,42451
89612,30719
89612,96678
89612,23594
89612,22807
89612,26935
89612,34924
89612,16722
89612,22528
89612,7926
89612,4071
89612,65746
89612,54974
89612,5199
89612,80321
89612,45216
89612,40584
89612,87269
89612,48391
89612,37195
89612,15718
89612,84595
89612,29822
89612,84024
89612,97287
89612,16425
89612,63663
89612,37512
89612,13705
89612,85606
89612,61309
89612,91314
89612,96149
89612,47881
89612,72929
89612,15096
89612,34016
89612,26544
89612,36851
89612,76900
89612,53770
89612,39383
89612,55639
89612,55587
89612,59113
89612,28935
89612,59817
89612,26618
89612,99792
89612,26074
89612,71569
89612,76793
89612,35999
89612,44976
89612,8796
89612,58617
89612,37372
89612,7339
89612,6815
89612,79067
89612,50307
89612,48745
89612,78665
89612,28799
89612,23664
89612,57967
89612,62224
89612,36956
89612,10692
89612,6463
89612,2584
89612,4312
89612,98306
89612,4232
89612,37106
89612,72568
89612,8536
89612,49233
89612,49942
89612,51097
89612,5059
89612,73855
89612,61238
89612,84135
89612,96402
89612,13278
89612,79102
89612,28282
89612,84098
89612,48933
89612,88089
89612,17526
89612,42982
89612,62826
89612,97754
89612,37735
89612,96211
89612,52703
89612,12515
89612,91319
89612,86447
89612,73873
89612,53056
89612,90307
89612,17930
89612,66677
89612,89967
89612,697
89612,10958
89612,49307
38498,39243
38498,2885
38498,53926
38498,90965
38498,99710
38498,12361
38498,53643
38498,96311
38498,15989
38498,36078
38498,73945
38498,84178
38498,20082
38498,8980
38498,50306
38498,3545
38498,7612
38498,34874
38498,83129
38498,92369
38498,70434
38498,49372
38498,36458
38498,70392
38498,46159
38498,53548
38498,95763
38498,38335
38498,10564
38498,10563
38498,5957
38498,8287
38498,48196
38498,1795
38498,54857
38498,36162
38498,24848
38498,11153
38498,51451
38498,77441
38498,70782
38498,62803
38498,13748
38498,51678
38498,7697
38498,64607
38498,26030
38498,97872
38498,83365
38498,51855
38498,44672
38498,474
38498,49612
38498,49195
38498,30614
38498,5949
38498,34053
38498,12812
38498,48244
38498,82969
38498,3086
38498,34524
38498,21230
38498,49679
38498,2500
38498,26935
38498,84059
38498,74365
38498,19487
38498,46692
38498,21092
38498,54974
38498,29358
38498,82093
38498,31024
38498,40584
38498,25706
38498,28495
38498,7021
38498,59063
38498,16425
38498,87941
38498,71951
38498,13122
38498,47292
38498,19152
38498,84822
38498,86997
38498,46828
38498,82814
38498,54466
38498,5943
38498,13968
38498,16012
38498,88953
38498,49068
38498,92622
38498,39888
38498,84280
38498,14299
38498,18845
38498,21334
38498,30846
38498,44348
38498,10513
38498,99290
38498,45925
38498,6815
38498,48745
38498,57782
38498,62224
38498,11038
38498,68857
38498,57242
38498,3101
38498,29704
38498,74722
38498,56407
38498,84135
38498,58681
38498,13278
38498,33249
38498,88089
38498,97754
38498,31910
38498,18808
38498,37735
38498,85038
38498,16291
38498,12515
38498,86447
38498,9169
38498,19794
38498,75733
38498,90808
38498,652
38498,74088
38498,80200
38498,97957
51255,90482
51255,97522
51255,46602
51255,70994
51255,90965
51255,94649
51255,17253
51255,28680
51255,6420
51255,73945
51255,37624
51255,94916
51255,14340
51255,43092
51255,66638
51255,81015
51255,46461
51255,39983
51255,53548
51255,87781
51255,93944
51255,10520
51255,50802
51255,8287
51255,1795
51255,26312
51255,72149
51255,87765
51255,60388
51255,50426
51255,42452
51255,82315
51255,36866
51255,58245
51255,73798
51255,65538
51255,39491
51255,60090
51255,26405
51255,23385
51255,7697
51255,43461
51255,8309
51255,44582
51255,3228
51255,29628
51255,90375
51255,72277
51255,78983
51255,80519
51255,6262
51255,36215
51255,89332
51255,80996
51255,50886
51255,6346
51255,38505
51255,96678
51255,81497
51255,23594
51255,92866
51255,24548
51255,48489
51255,16722
51255,63112
51255,14290
51255,51181
51255,99057
51255,36854
51255,43003
51255,72188
51255,34523
51255,80321
51255,71128
51255,7021
51255,75920
51255,84595
51255,37512
51255,70511
51255,56254
51255,74421
51255,47292
51255,86997
51255,29982
51255,46828
51255,82814
51255,61309
51255,58660
51255,68658
51255,60670
51255,34016
51255,11766
51255,62943
51255,11733
51255,16012
51255,4272
51255,47820
51255,86161
51255,37840
51255,81743
51255,92622
51255,63297
51255,95853
51255,8982
51255,75375
51255,35999
51255,70254
51255,42987
51255,69725
51255,97247
51255,12104
51255,8796
51255,56359
51255,19147
51255,28714
51255,27266
51255,9239
51255,43946
51255,13613
51255,61025
51255,45185
51255,60730
51255,94202
51255,68857
51255,44244
51255,2584
51255,59844
51255,4232
51255,85225
51255,90546
51255,82993
51255,67921
51255,49942
51255,52708
51255,60549
51255,61238
51255,62851
51255,92100
51255,33249
51255,18218
51255,28112
51255,20445
51255,29290
51255,88486
51255,4809
51255,99473
51255,16291
51255,92282
51255,73409
51255,18064
51255,13373
51255,82704
51255,89249
51255,61976
51255,88311
51255,46196
51255,30776
51255,33470
51255,80200
52512,41477
52512,97522
52512,99710
52512,57372
52512,37605
52512,74649
52512,96311
52512,14613
52512,88731
52512,84178
52512,59121
52512,50306
52512,44305
52512,3545
52512,81015
52512,82241
52512,46461
52512,95594
52512,59176
52512,64417
52512,8287
52512,26312
52512,60979
52512,88384
52512,62725
52512,87765
52512,24848
52512,73798
52512,92155
52512,41435
52512,51846
52512,39491
52512,87239
52512,62704
52512,64607
52512,63014
52512,3003
52512,50055
52512,3228
52512,90375
52512,30614
52512,6262
52512,34053
52512,63951
52512,70954
52512,39863
52512,98151
52512,48244
52512,65271
52512,13512
52512,86289
52512,91223
52512,43175
52512,2500
52512,1608
52512,34924
52512,74365
52512,96691
52512,14290
52512,36838
52512,18674
52512,79278
52512,80999
52512,33181
52512,34523
52512,24070
52512,48898
52512,40753
52512,34808
52512,16425
52512,47003
52512,3793
52512,70511
52512,62444
52512,13122
52512,24353
52512,98521
52512,96507
52512,13705
52512,39809
52512,20079
52512,46828
52512,53695
52512,58951
52512,79834
52512,18276
52512,57173
52512,15096
52512,52905
52512,72410
52512,95408
52512,5943
52512,36851
52512,11733
52512,16012
52512,14425
52512,39383
52512,34448
52512,49068
52512,72659
52512,37840
52512,29682
52512,39888
52512,45841
52512,36296
52512,26074
52512,95853
52512,58578
52512,70254
52512,42987
52512,21334
52512,8796
52512,38798
52512,58159
52512,66626
52512,64039
52512,6815
52512,48745
52512,43746
52512,67009
52512,24497
52512,22436
52512,4925
52512,85225
52512,57242
52512,37106
52512,72568
52512,3913
52512,90546
52512,67921
52512,69125
52512,51097
52512,57589
52512,79102
52512,33249
52512,18218
52512,88089
52512,9835
52512,42982
52512,21831
52512,2677
52512,85038
52512,30568
52512,12515
52512,35240
52512,91043
52512,78277
52512,80572
52512,32666
52512,51334
52512,90808
52512,74888
52512,33470
52512,44128
52512,59530
41368,41477
41368,50797
41368,12999
41368,99322
41368,99710
41368,57372
41368,49558
41368,40029
41368,37624
41368,14340
41368,90113
41368,61726
41368,43092
41368,77939
41368,7612
41368,3805
41368,64451
41368,1272
41368,36458
41368,70392
41368,53548
41368,69427
41368,38578
41368,39079
41368,38335
41368,49983
41368,22048
41368,7959
41368,69995
41368,50015
41368,36162
41368,73445
41368,58245
41368,60211
41368,92155
41368,65538
41368,65681
41368,30083
41368,78373
41368,41190
41368,46431
41368,3617
41368,68169
41368,26405
41368,62704
41368,47172
41368,58143
41368,94556
41368,26030
41368,97872
41368,83365
41368,50055
41368,16897
41368,76214
41368,3228
41368,29628
41368,90375
41368,474
41368,67649
41368,49612
41368,36215
41368,29884
41368,89332
41368,5949
41368,34053
41368,65304
41368,20562
41368,42451
41368,74853
41368,43875
41368,7315
41368,50886
41368,46061
41368,38505
41368,3086
41368,27254
41368,21230
41368,70282
41368,26935
41368,1608
41368,48489
41368,74365
41368,21793
41368,96691
41368,28928
41368,62515
41368,80999
41368,72188
41368,4071
41368,65664
41368,36891
41368,71128
41368,1198
41368,15889
41368,25706
41368,28495
41368,48391
41368,37195
41368,96472
41368,40753
41368,16425
41368,3793
41368,37512
41368,87941
41368,25316
41368,13122
41368,41743
41368,66004
41368,81927
41368,74421
41368,47292
41368,72364
41368,61309
41368,79834
41368,46428
41368,9031
41368,96149
41368,82847
41368,57173
41368,60670
41368,15096
41368,72410
41368,5943
41368,62943
41368,21947
41368,14765
41368,4272
41368,53770
41368,47820
41368,88953
41368,34448
41368,15566
41368,72659
41368,87379
41368,87456
41368,9053
41368,37840
41368,41473
41368,92622
41368,80842
41368,63297
41368,26074
41368,62293
41368,14299
41368,2997
41368,6856
41368,42923
41368,8796
41368,62837
41368,66626
41368,83902
41368,63028
41368,28714
41368,27266
41368,37372
41368,7339
41368,12237
41368,45925
41368,79067
41368,38589
41368,31580
41368,13613
41368,48745
41368,48790
41368,61573
41368,57967
41368,68857
41368,67747
41368,48609
41368,4925
41368,76147
41368,98306
41368,18882
41368,59844
41368,85225
41368,3101
41368,86833
41368,37106
41368,73386
41368,72568
41368,8536
41368,93507
41368,49942
41368,56489
41368,60549
41368,1829
41368,5059
41368,56407
41368,61238
41368,18445
41368,32176
41368,39310
41368,79138
41368,45696
41368,33450
41368,88486
41368,61825
41368,62826
41368,998
41368,90034
41368,85617
41368,72466
41368,4809
41368,12515
41368,91319
41368,35240
41368,93387
41368,42374
41368,9169
41368,61976
41368,53056
41368,17930
41368,75733
41368,66677
41368,89967
41368,39496
41368,85528
41368,94637
41368,25417
41368,10958
41368,30776
41368,33470
41368,59530
55401,40696
55401,54084
55401,39243
55401,90965
55401,94649
55401,695
55401,15989
55401,36078
55401,43735
55401,14210
55401,61726
55401,87030
55401,50306
55401,3805
55401,72594
55401,55515
55401,1272
55401,46159
55401,46461
55401,53548
55401,69427
55401,79095
55401,95763
55401,93944
55401,10520
55401,64417
55401,10563
55401,48196
55401,58424
55401,88384
55401,62725
55401,42452
55401,36162
55401,60211
55401,9150
55401,51055
55401,4731
55401,88776
55401,40875
55401,78824
55401,47172
55401,63014
55401,69711
55401,63866
55401,72277
55401,67649
55401,9891
55401,29884
55401,47722
55401,89332
55401,97386
55401,42451
55401,74853
55401,41019
55401,7315
55401,98151
55401,19581
55401,92655
55401,13512
55401,82969
55401,3086
55401,91223
55401,2500
55401,1608
55401,49806
55401,97475
55401,34924
55401,16722
55401,74365
55401,14290
55401,83163
55401,91832
55401,43003
55401,65432
55401,19091
55401,66075
55401,80321
55401,3793
55401,37512
55401,55814
55401,96507
55401,85606
55401,39809
55401,74421
55401,89757
55401,91314
55401,96149
55401,34016
55401,42819
55401,95408
55401,62943
55401,55319
55401,65295
55401,1349
55401,55587
55401,49068
55401,47187
55401,28935
55401,81743
55401,92622
55401,47884
55401,80842
55401,2997
55401,35999
55401,21334
55401,97247
55401,8796
55401,58159
55401,29040
55401,70600
55401,7025
55401,48790
55401,94730
55401,57967
55401,81307
55401,24497
55401,68857
55401,63620
55401,8628
55401,75529
55401,98306
55401,18882
55401,78591
55401,3101
55401,74499
55401,10188
55401,5059
55401,73855
55401,61238
55401,32176
55401,82741
55401,39310
55401,18218
55401,38591
55401,20445
55401,49957
55401,29290
55401,79138
55401,45696
55401,88486
55401,65163
55401,37735
55401,72466
55401,24072
55401,85038
55401,99757
55401,92966
55401,16216
55401,92282
55401,86447
55401,99454
55401,80759
55401,80572
55401,89096
55401,51334
55401,25838
55401,697
55401,94637
55401,80200
55401,44128
10773,40696
10773,2885
10773,50797
10773,94791
10773,79668
10773,66638
10773,51625
10773,79095
10773,10520
10773,50136
10773,74059
10773,5957
10773,38932
10773,8287
10773,29210
10773,7959
10773,60388
10773,42452
10773,60211
10773,51055
10773,78824
10773,2418
10773,22620
10773,47172
10773,63014
10773,94556
10773,63866
10773,49612
10773,29884
10773,47066
10773,8862
10773,9915
10773,7315
10773,46061
10773,86289
10773,19897
10773,96678
10773,90997
10773,49679
10773,92866
10773,82707
10773,63112
10773,74365
10773,21793
10773,36838
10773,80999
10773,65432
10773,65664
10773,31024
10773,71128
10773,81052
10773,61524
10773,113
10773,48391
10773,75920
10773,84595
10773,16425
10773,37654
10773,48430
10773,25316
10773,24353
10773,48756
10773,96507
10773,85606
10773,74421
10773,61309
10773,58660
10773,91314
10773,57173
10773,72929
10773,34016
10773,82639
10773,21947
10773,65295
10773,88953
10773,55587
10773,49068
10773,73704
10773,92622
10773,78675
10773,26618
10773,62293
10773,71569
10773,76793
10773,42987
10773,78995
10773,97247
10773,42923
10773,12104
10773,8796
10773,38211
10773,58617
10773,43946
10773,13613
10773,48790
10773,60730
10773,77942
10773,10353
10773,85225
10773,78591
10773,86833
10773,3913
10773,45506
10773,56489
10773,69125
10773,73855
10773,92100
10773,43081
10773,28112
10773,40557
10773,79138
10773,35093
10773,24072
10773,99473
10773,16291
10773,16216
10773,92282
10773,12515
10773,95796
10773,65334
10773,89249
10773,73539
10773,9169
10773,61976
10773,13395
10773,16219
10773,75733
10773,652
10773,25417
10773,74888
10773,33470
10773,7197
74872,94649
74872,36078
74872,94916
74872,50306
74872,44305
74872,3545
74872,51625
74872,46159
74872,53548
74872,69427
74872,25310
74872,93944
74872,47260
74872,62725
74872,59292
74872,78373
74872,40875
74872,26165
74872,2418
74872,7697
74872,43461
74872,72277
74872,67649
74872,36215
74872,49806
74872,97475
74872,34924
74872,65432
74872,65664
74872,81052
74872,61524
74872,42723
74872,13705
74872,58951
74872,15096
74872,62943
74872,55587
74872,49068
74872,26618
74872,99792
74872,80842
74872,30170
74872,3588
74872,71569
74872,21334
74872,85542
74872,8796
74872,38798
74872,77964
74872,61573
74872,57967
74872,62224
74872,24497
74872,10692
74872,75529
74872,18882
74872,12599
74872,78591
74872,73386
74872,93507
74872,67921
74872,69661
74872,17526
74872,79138
74872,8697
74872,97567
74872,2677
74872,37735
74872,84551
74872,24072
74872,99473
74872,80759
74872,13395
74872,89967
74872,5062
74872,25417
74872,33252
74872,7197
47194,84844
47194,12376
47194,2885
47194,46602
47194,99322
47194,94649
47194,99710
47194,96311
47194,88731
47194,14210
47194,98122
47194,20082
47194,90113
47194,79650
47194,43092
47194,3805
47194,70434
47194,11960
47194,10564
47194,74059
47194,76581
47194,5957
47194,8287
47194,58424
47194,60979
47194,36866
47194,24848
47194,68169
47194,43461
47194,13914
47194,44672
47194,7685
47194,98684
47194,13148
47194,28429
47194,90375
47194,30614
47194,5949
47194,51431
47194,43875
47194,7315
47194,34274
47194,50886
47194,38505
47194,92548
47194,96678
47194,21230
47194,70282
47194,92866
47194,91223
47194,2500
47194,48489
47194,96691
47194,75147
47194,33181
47194,72188
47194,40584
47194,22110
47194,89459
47194,61524
47194,48898
47194,7021
47194,4177
47194,91374
47194,97287
47194,42635
47194,34808
47194,37512
47194,70511
47194,66004
47194,24353
47194,39809
47194,69465
47194,46828
47194,53695
47194,58951
47194,79834
47194,46428
47194,58660
47194,54466
47194,47881
47194,57173
47194,11766
47194,95408
47194,26544
47194,62943
47194,11733
47194,4272
47194,39383
47194,39351
47194,9076
47194,1349
47194,87379
47194,47187
47194,56529
47194,39888
47194,84280
47194,36296
47194,47884
47194,93464
47194,6594
47194,74988
47194,99173
47194,97247
47194,6856
47194,42923
47194,30481
47194,27266
47194,50519
47194,45925
47194,43946
47194,85262
47194,7025
47194,43746
47194,90275
47194,67009
47194,79515
47194,68857
47194,22436
47194,63620
47194,4312
47194,59844
47194,12599
47194,78591
47194,92503
47194,76145
47194,55184
47194,72270
47194,18841
47194,61238
47194,32176
47194,74594
47194,79138
47194,88486
47194,21831
47194,62826
47194,97567
47194,2677
47194,37735
47194,27660
47194,52703
47194,73409
47194,18064
47194,13373
47194,82704
47194,63531
47194,9320
47194,52638
47194,65114
47194,85528
47194,10958
49003,39243
49003,90965
49003,74649
49003,14613
49003,88731
49003,40029
49003,2126
49003,98122
49003,14340
49003,59135
49003,8980
49003,3805
49003,72594
49003,83129
49003,70434
49003,49372
49003,39983
49003,25310
49003,95763
49003,10520
49003,8013
49003,50136
49003,74059
49003,49983
49003,5957
49003,46068
49003,35573
49003,96937
49003,7959
49003,59292
49003,87765
49003,50015
49003,42452
49003,98463
49003,82315
49003,73445
49003,22340
49003,91642
49003,30083
49003,41190
49003,4731
49003,11125
49003,88776
49003,39274
49003,60090
49003,62803
49003,22620
49003,44043
49003,26030
49003,83365
49003,44582
49003,13914
49003,63866
49003,474
49003,49195
49003,18765
49003,47066
49003,5949
49003,65304
49003,51431
49003,1862
49003,31336
49003,92655
49003,86289
49003,19897
49003,96678
49003,90997
49003,85293
49003,1608
49003,97475
49003,16722
49003,84059
49003,74365
49003,96691
49003,14290
49003,36854
49003,21092
49003,43003
49003,53082
49003,72188
49003,58876
49003,29358
49003,32541
49003,71128
49003,12906
49003,113
49003,37195
49003,12138
49003,75920
49003,59063
49003,34808
49003,49424
49003,48430
49003,25316
49003,13122
49003,81927
49003,55814
49003,13705
49003,39809
49003,19152
49003,67349
49003,58951
49003,37212
49003,61309
49003,79834
49003,64757
49003,58660
49003,57173
49003,15096
49003,11766
49003,42819
49003,62943
49003,36851
49003,11733
49003,16012
49003,88953
49003,34448
49003,49068
49003,29682
49003,26618
49003,63297
49003,14299
49003,48302
49003,18845
49003,21334
49003,30846
49003,6856
49003,42923
49003,38211
49003,7339
49003,12237
49003,6927
49003,6815
49003,78665
49003,45185
49003,64317
49003,62224
49003,61326
49003,10692
49003,48609
49003,4925
49003,75529
49003,4232
49003,57242
49003,72568
49003,60228
49003,40938
49003,34076
49003,52708
49003,7536
49003,18841
49003,84135
49003,58681
49003,13278
49003,18218
49003,17185
49003,45696
49003,39993
49003,42982
49003,62826
49003,90034
49003,85617
49003,41543
49003,99757
49003,27660
49003,10424
49003,95796
49003,73409
49003,99454
49003,35240
49003,30692
49003,64575
49003,9169
49003,61976
49003,52638
49003,19794
49003,90085
49003,95180
49003,652
49003,74088
49003,33252
49003,74888
49003,52110
49003,1711
49003,44128
49003,59530
96133,84844
96133,1064
96133,97522
96133,90965
96133,69909
96133,99322
96133,15989
96133,29759
96133,14613
96133,49558
96133,40029
96133,84178
96133,59121
96133,90113
96133,59135
96133,77939
96133,64416
96133,10428
96133,64451
96133,66638
96133,39983
96133,53548
96133,69427
96133,25310
96133,79095
96133,10520
96133,10564
96133,24302
96133,76581
96133,8287
96133,1795
96133,60979
96133,59292
96133,73445
96133,92155
96133,65538
96133,41435
96133,78373
96133,39491
96133,37570
96133,51451
96133,4731
96133,11125
96133,46431
96133,39274
96133,3193
96133,40875
96133,2418
96133,26405
96133,62704
96133,58143
96133,86807
96133,43461
96133,26030
96133,50055
96133,97893
96133,82739
96133,63866
96133,49612
96133,30614
96133,16081
96133,71870
96133,68964
96133,39863
96133,43875
96133,31336
96133,7315
96133,1836
96133,92655
96133,6
96133,13512
96133,34524
96133,27254
96133,30719
96133,96678
96133,49679
96133,85293
96133,57494
96133,2500
96133,65472
96133,88855
96133,34924
96133,82707
96133,74365
96133,3924
96133,21793
96133,19487
96133,75147
96133,18674
96133,65432
96133,4071
96133,58876
96133,54974
96133,40584
96133,12906
96133,1198
96133,15889
96133,28495
96133,88950
96133,48391
96133,48898
96133,7021
96133,40753
96133,34808
96133,16425
96133,37654
96133,63663
96133,3793
96133,87941
96133,98521
96133,81927
96133,55814
96133,96507
96133,39809
96133,19152
96133,84822
96133,46828
96133,82814
96133,61309
96133,46428
96133,9031
96133,8669
96133,10042
96133,96149
96133,72929
96133,60670
96133,15096
96133,72410
96133,13968
96133,21947
96133,47820
96133,93735
96133,21026
96133,88953
96133,34448
96133,15566
96133,49068
96133,87379
96133,73704
96133,59817
96133,92622
96133,29682
96133,84280
96133,45841
96133,36296
96133,90219
96133,95853
96133,14299
96133,8982
96133,2997
96133,95995
96133,21334
96133,30846
96133,97247
96133,56747
96133,44348
96133,58617
96133,76511
96133,63028
96133,64039
96133,27266
96133,50519
96133,43946
96133,6090
96133,44949
96133,78665
96133,45185
96133,51956
96133,90275
96133,28799
96133,59783
96133,57967
96133,61326
96133,79515
96133,12333
96133,19851
96133,68857
96133,44244
96133,63620
96133,96932
96133,78177
96133,78591
96133,86833
96133,17736
96133,33196
96133,74499
96133,45506
96133,56489
96133,62851
96133,55334
96133,96402
96133,79102
96133,33249
96133,39058
96133,17185
96133,28282
96133,20445
96133,65896
96133,79138
96133,88486
96133,61825
96133,90034
96133,35093
96133,99473
96133,30568
96133,52703
96133,10424
96133,13373
96133,63531
96133,35240
96133,89249
96133,30692
96133,37022
96133,93387
96133,42374
96133,9169
96133,52638
96133,91043
96133,17930
96133,75733
96133,66677
96133,89096
96133,10059
96133,35079
96133,1318
96133,46196
96133,94637
96133,49307
96133,74088
96133,44128
38887,54084
38887,97522
38887,94649
38887,99710
38887,74649
38887,14613
38887,79650
38887,34874
38887,70434
38887,39983
38887,39079
38887,20460
38887,48196
38887,47260
38887,7959
38887,87765
38887,36866
38887,73733
38887,65538
38887,77441
38887,70782
38887,7697
38887,58143
38887,89624
38887,83365
38887,3003
38887,29628
38887,474
38887,9891
38887,6262
38887,16081
38887,97386
38887,71870
38887,65304
38887,39863
38887,42451
38887,74853
38887,9915
38887,13875
38887,6
38887,30719
38887,96678
38887,81497
38887,74600
38887,92866
38887,22807
38887,43175
38887,26935
38887,21793
38887,14290
38887,46692
38887,72188
38887,80321
38887,24070
38887,87269
38887,12242
38887,15889
38887,53881
38887,24234
38887,97287
38887,73295
38887,63042
38887,56254
38887,13705
38887,19152
38887,46828
38887,6525
38887,58660
38887,91314
38887,68658
38887,82847
38887,47881
38887,95408
38887,19028
38887,55639
38887,28935
38887,81743
38887,92622
38887,29682
38887,45841
38887,30170
38887,8982
38887,95995
38887,69725
38887,97247
38887,85542
38887,38798
38887,58159
38887,36422
38887,58617
38887,10513
38887,83902
38887,56359
38887,37372
38887,6927
38887,79067
38887,6090
38887,44949
38887,7025
38887,60730
38887,64317
38887,59783
38887,12407
38887,36956
38887,10353
38887,63620
38887,96932
38887,76147
38887,37787
38887,4312
38887,78591
38887,37106
38887,40938
38887,52708
38887,7536
38887,1829
38887,57589
38887,92100
38887,13278
38887,18218
38887,39058
38887,20762
38887,38591
38887,49957
38887,21831
38887,62826
38887,97754
38887,99473
38887,95796
38887,18064
38887,86447
38887,82704
38887,37022
38887,93387
38887,9320
38887,42374
38887,91043
38887,90650
38887,17930
38887,39496
38887,697
38887,68532
38887,10958
38887,30776
38887,7197
85172,54084
85172,84230
85172,25155
85172,36078
85172,59135
85172,79650
85172,55515
85172,49372
85172,81015
85172,25310
85172,39080
85172,51846
85172,88776
85172,7697
85172,64607
85172,28429
85172,48721
85172,97386
85172,71346
85172,66326
85172,13875
85172,41019
85172,65271
85172,81497
85172,34924
85172,28928
85172,46692
85172,91832
85172,87269
85172,15889
85172,7021
85172,59054
85172,91374
85172,13122
85172,66004
85172,39809
85172,69465
85172,79834
85172,54466
85172,47881
85172,72929
85172,11766
85172,21036
85172,14765
85172,11733
85172,14425
85172,93735
85172,26761
85172,29682
85172,20149
85172,28136
85172,76327
85172,95265
85172,78374
85172,42923
85172,12104
85172,17354
85172,77942
85172,19851
85172,68857
85172,10353
85172,63777
85172,97900
85172,10188
85172,18841
85172,56407
85172,55334
85172,58681
85172,27856
85172,42982
85172,16291
85172,19794
85172,16219
85172,89096
85172,74088
38863,40696
38863,94791
38863,53926
38863,90965
38863,99710
38863,12361
38863,57372
38863,96311
38863,40029
38863,36078
38863,2126
38863,14340
38863,61726
38863,8980
38863,83129
38863,1503
38863,1272
38863,39824
38863,81015
38863,46159
38863,53548
38863,69427
38863,11960
38863,25310
38863,79095
38863,8013
38863,38932
38863,26312
38863,58914
38863,76017
38863,60211
38863,41435
38863,51846
38863,4731
38863,70782
38863,2418
38863,23385
38863,7697
38863,47172
38863,89624
38863,94556
38863,97893
38863,16897
38863,39301
38863,62707
38863,27671
38863,36215
38863,29884
38863,97386
38863,46099
38863,65304
38863,54361
38863,70954
38863,30205
38863,42451
38863,74853
38863,98151
38863,19581
38863,48244
38863,84441
38863,42102
38863,96678
38863,81497
38863,78229
38863,1608
38863,48489
38863,21793
38863,28928
38863,14290
38863,19487
38863,80999
38863,34523
38863,71128
38863,87269
38863,88161
38863,12138
38863,4177
38863,75920
38863,97287
38863,63663
38863,42723
38863,56254
38863,81927
38863,13705
38863,79834
38863,54466
38863,34016
38863,82639
38863,1349
38863,49068
38863,72659
38863,87379
38863,73704
38863,14240
38863,92622
38863,93464
38863,6594
38863,8982
38863,2997
38863,99173
38863,87505
38863,26638
38863,84622
38863,95995
38863,42923
38863,44348
38863,58159
38863,36422
38863,76511
38863,10513
38863,3
38863,7339
38863,38589
38863,6090
38863,48745
38863,43746
38863,61573
38863,21683
38863,68857
38863,48609
38863,76147
38863,75529
38863,98306
38863,85225
38863,78591
38863,37106
38863,97900
38863,33196
38863,49233
38863,67921
38863,77844
38863,34076
38863,52708
38863,10188
38863,84135
38863,96402
38863,18445
38863,92100
38863,43081
38863,39058
38863,17185
38863,20445
38863,69661
38863,48933
38863,9835
38863,79138
38863,42982
38863,88486
38863,62826
38863,97754
38863,2677
38863,30568
38863,12515
38863,10424
38863,95796
38863,73409
38863,18064
38863,42374
38863,64575
38863,53056
38863,78277
38863,19794
38863,90307
38863,80572
38863,17930
38863,66677
38863,20515
38863,90808
38863,1318
38863,64597
38863,33252
38863,74888
38863,21236
38863,1711
38863,44128
25974,1064
25974,39243
25974,46602
25974,94791
25974,28620
25974,53926
25974,90965
25974,73918
25974,11003
25974,53643
25974,28680
25974,43561
25974,65887
25974,63867
25974,29759
25974,40029
25974,2126
25974,73945
25974,84178
25974,98122
25974,14340
25974,90113
25974,87030
25974,3545
25974,7612
25974,22517
25974,41448
25974,34874
25974,36458
25974,39983
25974,78355
25974,36875
25974,59176
25974,74059
25974,76581
25974,89592
25974,58424
25974,26312
25974,47260
25974,60979
25974,7959
25974,88384
25974,50015
25974,36866
25974,73445
25974,73798
25974,11153
25974,9150
25974,78428
25974,78373
25974,37570
25974,4731
25974,26165
25974,3617
25974,7697
25974,64607
25974,66992
25974,83365
25974,3003
25974,50055
25974,13914
25974,62707
25974,44672
25974,98684
25974,27671
25974,3228
25974,90375
25974,46099
25974,34053
25974,28110
25974,65304
25974,71346
25974,68964
25974,20562
25974,42451
25974,66326
25974,43875
25974,41019
25974,34274
25974,98151
25974,92655
25974,13512
25974,82969
25974,3086
25974,34524
25974,21230
25974,78765
25974,81497
25974,74600
25974,43175
25974,2500
25974,26935
25974,62153
25974,65472
25974,88855
25974,34924
25974,16722
25974,14421
25974,27199
25974,22528
25974,3924
25974,96691
25974,83163
25974,36854
25974,65664
25974,36891
25974,24070
25974,22110
25974,88161
25974,94363
25974,37195
25974,48898
25974,15718
25974,44313
25974,84024
25974,16425
25974,63663
25974,37512
25974,73346
25974,41743
25974,96507
25974,13705
25974,85606
25974,74421
25974,29982
25974,67349
25974,53695
25974,95970
25974,79834
25974,46428
25974,9031
25974,89757
25974,64757
25974,8669
25974,91314
25974,68658
25974,10042
25974,96149
25974,47881
25974,57173
25974,15096
25974,11766
25974,26544
25974,62943
25974,75444
25974,11733
25974,16012
25974,53770
25974,93735
25974,21026
25974,26761
25974,9053
25974,41473
25974,92622
25974,80842
25974,62293
25974,70167
25974,95338
25974,95853
25974,8982
25974,3588
25974,15956
25974,42987
25974,69725
25974,97247
25974,38798
25974,62837
25974,38211
25974,44348
25974,66626
25974,10513
25974,63028
25974,99290
25974,28714
25974,27266
25974,73973
25974,82703
25974,45925
25974,6815
25974,17354
25974,57782
25974,43746
25974,94730
25974,77964
25974,23664
25974,64317
25974,67009
25974,67747
25974,96932
25974,8628
25974,21855
25974,2584
25974,59844
25974,12599
25974,3101
25974,86833
25974,60228
25974,62789
25974,8536
25974,3913
25974,90546
25974,55184
25974,40938
25974,49233
25974,16758
25974,72270
25974,49942
25974,10188
25974,56489
25974,5059
25974,55334
25974,32176
25974,92100
25974,79102
25974,43081
25974,27856
25974,18218
25974,39058
25974,40557
25974,79138
25974,33450
25974,8697
25974,88486
25974,62826
25974,998
25974,97567
25974,90034
25974,85617
25974,35093
25974,85038
25974,96211
25974,92966
25974,13373
25974,37022
25974,93387
25974,7137
25974,16219
25974,88311
25974,66677
25974,65114
25974,47458
25974,89096
25974,20515
25974,51334
25974,90808
25974,46196
25974,5062
25974,652
25974,64597
25974,10958
25974,74888
25974,21236
25974,80200
25974,97957
86985,54084
86985,41477
86985,69909
86985,28680
86985,65887
86985,49558
86985,36078
86985,59121
86985,8980
86985,77939
86985,87810
86985,55515
86985,91713
86985,49372
86985,36458
86985,46159
86985,69427
86985,38578
86985,39079
86985,11960
86985,79095
86985,95763
86985,64417
86985,47260
86985,96937
86985,7959
86985,58914
86985,50015
86985,82315
86985,58245
86985,91642
86985,2418
86985,13748
86985,26405
86985,62704
86985,58143
86985,63014
86985,66992
86985,83365
86985,2820
86985,80519
86985,30614
86985,16081
86985,89332
86985,54361
86985,70954
86985,66326
86985,48244
86985,85851
86985,82969
86985,30719
86985,78765
86985,13285
86985,23525
86985,1608
86985,34924
86985,27199
86985,22528
86985,14290
86985,51181
86985,83163
86985,7926
86985,36854
86985,4071
86985,19091
86985,86538
86985,32541
86985,24070
86985,81052
86985,1198
86985,15889
86985,94363
86985,37195
86985,75920
86985,84595
86985,91374
86985,97287
86985,16425
86985,42723
86985,3793
86985,37512
86985,24353
86985,81927
86985,55814
86985,96507
86985,85606
86985,39809
86985,59338
86985,86997
86985,53695
86985,61309
86985,8669
86985,91314
86985,96149
86985,11766
86985,53770
86985,65295
86985,47820
86985,28935
86985,81743
86985,59817
86985,39888
86985,99792
86985,36296
86985,47884
86985,30170
86985,95853
86985,75375
86985,71569
86985,15956
86985,2997
86985,58578
86985,26638
86985,38798
86985,58159
86985,58617
86985,19147
86985,18165
86985,6927
86985,79067
86985,6090
86985,61025
86985,64317
86985,81307
86985,77942
86985,11038
86985,22436
86985,12599
86985,72568
86985,74499
86985,51097
86985,92100
86985,33249
86985,28282
86985,79138
86985,8697
86985,21831
86985,62826
86985,2677
86985,72466
86985,4809
86985,99757
86985,99473
86985,52703
86985,99454
86985,37022
86985,80759
86985,61976
86985,75733
86985,10059
86985,46196
86985,44128
86985,59530
82595,84844
82595,46602
82595,84230
82595,73918
82595,94649
82595,57372
82595,25155
82595,74649
82595,96311
82595,43561
82595,29759
82595,40029
82595,73945
82595,61726
82595,81332
82595,7612
82595,10428
82595,66638
82595,83129
82595,1503
82595,39079
82595,95594
82595,10520
82595,50802
82595,64417
82595,59292
82595,54857
82595,36162
82595,24848
82595,11153
82595,92155
82595,51846
82595,28105
82595,46431
82595,3193
82595,78824
82595,26165
82595,29923
82595,3617
82595,68169
82595,10079
82595,62704
82595,47172
82595,43461
82595,26030
82595,97872
82595,97893
82595,51855
82595,13914
82595,63866
82595,7685
82595,2820
82595,30883
82595,28429
82595,90375
82595,72277
82595,78983
82595,14531
82595,49612
82595,34053
82595,80996
82595,70954
82595,39863
82595,9915
82595,41019
82595,34274
82595,85851
82595,21230
82595,81497
82595,22807
82595,26935
82595,1608
82595,82707
82595,63112
82595,3924
82595,28928
82595,80887
82595,83163
82595,7926
82595,21092
82595,43003
82595,65432
82595,65746
82595,65664
82595,51810
82595,18030
82595,11158
82595,82093
82595,22110
82595,81052
82595,12242
82595,15889
82595,61524
82595,28495
82595,48391
82595,37195
82595,7021
82595,15718
82595,4177
82595,84595
82595,29822
82595,40753
82595,97287
82595,42635
82595,63663
82595,49424
82595,37512
82595,73295
82595,87941
82595,73346
82595,48756
82595,85606
82595,47292
82595,86997
82595,69465
82595,53695
82595,82814
82595,58951
82595,8669
82595,6525
82595,91314
82595,68658
82595,54466
82595,82847
82595,57173
82595,72929
82595,26544
82595,14765
82595,19028
82595,4272
82595,55319
82595,14425
82595,65295
82595,39383
82595,39351
82595,9053
82595,47187
82595,59817
82595,39888
82595,84280
82595,45841
82595,20149
82595,90219
82595,95853
82595,8982
82595,71569
82595,74988
82595,44976
82595,58578
82595,78995
82595,21334
82595,78374
82595,38798
82595,56747
82595,58159
82595,36422
82595,83902
82595,19147
82595,99290
82595,18165
82595,28714
82595,27266
82595,50307
82595,85262
82595,17354
82595,44949
82595,43746
82595,28799
82595,60730
82595,59783
82595,71663
82595,57967
82595,81307
82595,94202
82595,61326
82595,67009
82595,10692
82595,19851
82595,68857
82595,10353
82595,44244
82595,67747
82595,4925
82595,21855
82595,97900
82595,76145
82595,3913
82595,55184
82595,49942
82595,77844
82595,52708
82595,69125
82595,18841
82595,51097
82595,62851
82595,84135
82595,57589
82595,13278
82595,43081
82595,28112
82595,39058
82595,17185
82595,38591
82595,20445
82595,69661
82595,87993
82595,42982
82595,61825
82595,65163
82595,84551
82595,4809
82595,85038
82595,99473
82595,27660
82595,92282
82595,52703
82595,13373
82595,99454
82595,61976
82595,88311
82595,85528
82595,652
82595,25417
82595,10958
82595,52110
82595,44128
82595,7197
82595,97957
27968,2885
27968,50797
27968,73918
27968,94649
27968,11003
27968,28680
27968,695
27968,29759
27968,59121
27968,94916
27968,44305
27968,1503
27968,49372
27968,46159
27968,10520
27968,64417
27968,8013
27968,43652
27968,8287
27968,35573
27968,47260
27968,58245
27968,60211
27968,92155
27968,51055
27968,11125
27968,26405
27968,47172
27968,58143
27968,43461
27968,13914
27968,62707
27968,98684
27968,27671
27968,90375
27968,72277
27968,36215
27968,16081
27968,65304
27968,30205
27968,42451
27968,13875
27968,3086
27968,49679
27968,85293
27968,1608
27968,97475
27968,34924
27968,54129
27968,62515
27968,18674
27968,53082
27968,29358
27968,81052
27968,15889
27968,15718
27968,29822
27968,59063
27968,16425
27968,63663
27968,48756
27968,98521
27968,85606
27968,86997
27968,29982
27968,58951
27968,79834
27968,57173
27968,21947
27968,14425
27968,47820
27968,28935
27968,39501
27968,62293
27968,30170
27968,2997
27968,30846
27968,66626
27968,84083
27968,18165
27968,28714
27968,79589
27968,79067
27968,17354
27968,4027
27968,7025
27968,43746
27968,77841
27968,81307
27968,36956
27968,24497
27968,67747
27968,76147
27968,98306
27968,18882
27968,12599
27968,8536
27968,17736
27968,40938
27968,74499
27968,16758
27968,45506
27968,77844
27968,56489
27968,11238
27968,51097
27968,73855
27968,55334
27968,84135
27968,32176
27968,79102
27968,79138
27968,33450
27968,99473
27968,12515
27968,86447
27968,13373
27968,61976
27968,19794
27968,66677
27968,74888
91491,90482
91491,97522
91491,46602
91491,94791
91491,12999
91491,53926
91491,17253
91491,99710
91491,79668
91491,32818
91491,96311
91491,37711
91491,91845
91491,40029
91491,36078
91491,98122
91491,90113
91491,79650
91491,50306
91491,81332
91491,30965
91491,39824
91491,49372
91491,70392
91491,53548
91491,69427
91491,39079
91491,95763
91491,10520
91491,10564
91491,64417
91491,8013
91491,24302
91491,74059
91491,49983
91491,89592
91491,1795
91491,35573
91491,58424
91491,26312
91491,60979
91491,88384
91491,87765
91491,76017
91491,69995
91491,60388
91491,42452
91491,9150
91491,65538
91491,78428
91491,30083
91491,78373
91491,39491
91491,22648
91491,11125
91491,46431
91491,39274
91491,62803
91491,13748
91491,64607
91491,86807
91491,97872
91491,50055
91491,69711
91491,39301
91491,44672
91491,63866
91491,27671
91491,2820
91491,76214
91491,90375
91491,72277
91491,78983
91491,80519
91491,49195
91491,18765
91491,36215
91491,92882
91491,39863
91491,66326
91491,74853
91491,43875
91491,31336
91491,65271
91491,6346
91491,1836
91491,92655
91491,82969
91491,3086
91491,1332
91491,42102
91491,25460
91491,64775
91491,90997
91491,17740
91491,23594
91491,92866
91491,78229
91491,57494
91491,23525
91491,65472
91491,1608
91491,49806
91491,82707
91491,14421
91491,3924
91491,14290
91491,51181
91491,36838
91491,19487
91491,75147
91491,92236
91491,62515
91491,65432
91491,4071
91491,18030
91491,34523
91491,66075
91491,36891
91491,82093
91491,31024
91491,45216
91491,32541
91491,89459
91491,1198
91491,61524
91491,28495
91491,48391
91491,37195
91491,15718
91491,84595
91491,59063
91491,44313
91491,42635
91491,63663
91491,70511
91491,48430
91491,71951
91491,26261
91491,81927
91491,95970
91491,6525
91491,82847
91491,9621
91491,60670
91491,15096
91491,11766
91491,95408
91491,75444
91491,55319
91491,65295
91491,11775
91491,39351
91491,9076
91491,93735
91491,21026
91491,9588
91491,72659
91491,87379
91491,47187
91491,59113
91491,28935
91491,84280
91491,99792
91491,63297
91491,95853
91491,8982
91491,28136
91491,15956
91491,74988
91491,99173
91491,78995
91491,69725
91491,30846
91491,38798
91491,36422
91491,66626
91491,84083
91491,64039
91491,10343
91491,6815
91491,79067
91491,17354
91491,44949
91491,78665
91491,4027
91491,57782
91491,43746
91491,48790
91491,94730
91491,60730
91491,57967
91491,12407
91491,21683
91491,68857
91491,67747
91491,48609
91491,8628
91491,4312
91491,98306
91491,18882
91491,86833
91491,73386
91491,17736
91491,29704
91491,3913
91491,33196
91491,40938
91491,74499
91491,45506
91491,77844
91491,52708
91491,60549
91491,61238
91491,6374
91491,18445
91491,57589
91491,92100
91491,13278
91491,39310
91491,18218
91491,38591
91491,28282
91491,20445
91491,17526
91491,29290
91491,74594
91491,45696
91491,68607
91491,998
91491,37735
91491,24072
91491,99757
91491,30568
91491,92966
91491,27660
91491,95796
91491,91319
91491,18064
91491,89249
91491,93387
91491,36323
91491,73873
91491,80759
91491,61976
91491,7137
91491,90650
91491,90307
91491,89642
91491,90085
91491,66677
91491,35079
91491,90808
91491,80686
91491,80200
91491,44128
91491,59530
91491,97957
20415,97522
20415,46602
20415,12361
20415,37605
20415,74649
20415,14210
20415,79650
20415,34874
20415,51625
20415,36875
20415,95763
20415,8013
20415,26312
20415,96937
20415,60979
20415,88384
20415,87765
20415,60388
20415,50015
20415,42452
20415,39080
20415,57289
20415,51055
20415,4731
20415,77441
20415,62803
20415,62704
20415,3003
20415,82739
20415,6262
20415,94560
20415,39863
20415,66501
20415,98151
20415,92655
20415,57494
20415,22528
20415,54129
20415,36854
20415,79278
20415,80999
20415,53082
20415,4071
20415,5199
20415,82093
20415,25706
20415,15718
20415,4177
20415,37654
20415,70511
20415,8669
20415,82847
20415,95408
20415,11733
20415,65295
20415,39383
20415,55639
20415,21026
20415,39501
20415,63297
20415,8982
20415,75375
20415,71569
20415,35999
20415,44976
20415,78995
20415,85542
20415,44348
20415,36422
20415,57837
20415,6090
20415,64317
20415,68857
20415,78177
20415,37787
20415,4312
20415,12599
20415,97900
20415,29704
20415,49233
20415,49942
20415,74722
20415,51097
20415,84135
20415,20445
20415,84098
20415,48933
20415,45696
20415,42982
20415,88486
20415,998
20415,27660
20415,91319
20415,65334
20415,99454
20415,63531
20415,73873
20415,42374
20415,61976
20415,53056
20415,10059
20415,85528
20415,74088
33287,1064
33287,97522
33287,53926
33287,12361
33287,74649
33287,88731
33287,40029
33287,36078
33287,59135
33287,50306
33287,44305
33287,72594
33287,34874
33287,64451
33287,91713
33287,53548
33287,38578
33287,39079
33287,11960
33287,87781
33287,95594
33287,10564
33287,24302
33287,10563
33287,5957
33287,46068
33287,26312
33287,47260
33287,60979
33287,88384
33287,59292
33287,87765
33287,76017
33287,60388
33287,50426
33287,98463
33287,73445
33287,22340
33287,73798
33287,9150
33287,65681
33287,39491
33287,4731
33287,11125
33287,26165
33287,62803
33287,22620
33287,47172
33287,58143
33287,89624
33287,66992
33287,26030
33287,97872
33287,44672
33287,63866
33287,7685
33287,29628
33287,90375
33287,72277
33287,17936
33287,9891
33287,91
33287,47722
33287,48721
33287,8862
33287,34053
33287,28110
33287,12812
33287,63951
33287,84786
33287,74853
33287,9915
33287,43875
33287,45177
33287,98151
33287,62905
33287,85851
33287,6346
33287,30860
33287,86289
33287,81497
33287,90997
33287,49679
33287,74600
33287,92866
33287,22799
33287,26935
33287,97475
33287,48489
33287,16722
33287,74365
33287,3924
33287,21793
33287,36838
33287,92236
33287,79278
33287,91832
33287,33181
33287,4071
33287,65746
33287,18030
33287,11158
33287,29358
33287,80321
33287,82093
33287,31024
33287,86538
33287,45216
33287,81052
33287,15889
33287,37195
33287,48898
33287,12138
33287,7021
33287,4177
33287,24234
33287,96472
33287,59063
33287,59054
33287,16425
33287,63663
33287,3793
33287,49424
33287,62444
33287,41743
33287,48756
33287,98521
33287,81927
33287,96507
33287,47292
33287,20079
33287,46828
33287,37212
33287,89757
33287,8669
33287,58660
33287,54466
33287,10042
33287,96149
33287,52905
33287,34016
33287,11733
33287,39351
33287,47820
33287,55639
33287,21026
33287,88953
33287,86161
33287,9588
33287,15566
33287,49068
33287,72659
33287,87456
33287,47187
33287,37840
33287,59113
33287,41473
33287,56529
33287,26618
33287,14299
33287,48302
33287,3588
33287,71569
33287,99173
33287,44976
33287,78995
33287,97247
33287,38798
33287,30481
33287,44348
33287,19147
33287,99290
33287,37372
33287,29040
33287,78665
33287,43746
33287,23664
33287,67009
33287,11038
33287,63777
33287,48609
33287,98306
33287,59844
33287,85225
33287,37106
33287,97900
33287,29704
33287,67921
33287,7536
33287,51097
33287,5059
33287,73855
33287,84135
33287,18445
33287,33249
33287,28112
33287,17526
33287,49957
33287,9835
33287,79138
33287,45696
33287,39993
33287,87993
33287,68607
33287,2677
33287,35093
33287,37735
33287,24072
33287,99757
33287,30568
33287,16291
33287,95796
33287,18064
33287,13373
33287,63531
33287,36323
33287,80759
33287,61976
33287,52638
33287,91043
33287,13395
33287,78277
33287,90085
33287,66677
33287,89096
33287,51334
33287,5062
33287,697
33287,652
33287,25417
33287,64597
33287,74088
33287,44128
33287,97957
11843,1064
11843,53926
11843,69909
11843,28680
11843,25155
11843,96311
11843,88731
11843,40029
11843,37624
11843,79650
11843,8980
11843,83129
11843,1272
11843,51625
11843,8287
11843,46068
11843,1795
11843,47260
11843,87765
11843,36866
11843,51451
11843,11125
11843,62803
11843,87239
11843,62704
11843,64607
11843,43461
11843,44672
11843,63866
11843,29628
11843,28429
11843,72277
11843,92882
11843,84786
11843,63871
11843,6
11843,92548
11843,30860
11843,19897
11843,17740
11843,1608
11843,28928
11843,19487
11843,7926
11843,19451
11843,80999
11843,91832
11843,4071
11843,58876
11843,65664
11843,51810
11843,81052
11843,34808
11843,68416
11843,70511
11843,46428
11843,68658
11843,47881
11843,72929
11843,72410
11843,36851
11843,93735
11843,88953
11843,34448
11843,49068
11843,72659
11843,87456
11843,9053
11843,59817
11843,92622
11843,29682
11843,78675
11843,56529
11843,36296
11843,26074
11843,99173
11843,78995
11843,69725
11843,95265
11843,97247
11843,42923
11843,8796
11843,58159
11843,9239
11843,82703
11843,43946
11843,13613
11843,17354
11843,29811
11843,63777
11843,75529
11843,86833
11843,97900
11843,52708
11843,1829
11843,84135
11843,92100
11843,13278
11843,39310
11843,17185
11843,9835
11843,74594
11843,79138
11843,8697
11843,2677
11843,35093
11843,18808
11843,16291
11843,12515
11843,65334
11843,86447
11843,73539
11843,53056
11843,80572
11843,17930
11843,75733
11843,20515
11843,74888
11843,1711
11843,59530
11843,97957
83432,99710
83432,43561
83432,63867
83432,14613
83432,88731
83432,40029
83432,84178
83432,37624
83432,50306
83432,34874
83432,70434
83432,51625
83432,69427
83432,39079
83432,93944
83432,5957
83432,47260
83432,7959
83432,36162
83432,36866
83432,30083
83432,51451
83432,11125
83432,70782
83432,68169
83432,43461
83432,89624
83432,98684
83432,48721
83432,46099
83432,94560
83432,68964
83432,42451
83432,34274
83432,6
83432,74600
83432,78229
83432,43175
83432,26935
83432,49806
83432,97475
83432,74365
83432,3924
83432,7926
83432,80999
83432,54974
83432,5199
83432,29358
83432,81052
83432,12242
83432,61524
83432,88161
83432,62444
83432,20079
83432,46828
83432,67349
83432,82847
83432,34016
83432,13968
83432,65295
83432,34448
83432,87456
83432,59817
83432,29682
83432,93464
83432,95853
83432,26638
83432,8796
83432,38211
83432,76511
83432,6815
83432,48745
83432,85262
83432,7025
83432,19851
83432,22436
83432,72568
83432,8536
83432,3913
83432,72270
83432,49942
83432,69125
83432,74722
83432,56407
83432,66713
83432,96402
83432,20445
83432,84098
83432,65896
83432,88089
83432,29290
83432,33450
83432,42982
83432,21831
83432,998
83432,27660
83432,73409
83432,63531
83432,64575
83432,78277
83432,32666
83432,51334
83432,90808
83432,85528
83432,33470
83432,1711
83432,59530
83432,97957
33815,94791
33815,84230
33815,695
33815,22551
33815,79650
33815,3545
33815,3805
33815,95763
33815,7959
33815,82315
33815,11153
33815,78428
33815,11125
33815,39274
33815,69711
33815,44582
33815,13914
33815,62707
33815,72277
33815,29884
33815,48721
33815,71870
33815,27522
33815,88855
33815,34924
33815,3924
33815,99057
33815,80999
33815,43003
33815,72188
33815,65432
33815,31024
33815,81052
33815,12906
33815,24234
33815,87941
33815,13122
33815,81927
33815,29982
33815,46828
33815,96149
33815,79870
33815,42819
33815,11733
33815,9588
33815,28935
33815,39501
33815,80842
33815,62293
33815,14299
33815,28136
33815,44976
33815,38211
33815,99290
33815,28714
33815,43946
33815,77841
33815,81307
33815,12333
33815,67747
33815,1674
33815,6463
33815,4232
33815,3101
33815,92503
33815,62789
33815,8536
33815,17736
33815,76145
33815,49942
33815,45506
33815,60549
33815,1829
33815,84135
33815,61825
33815,85617
33815,16216
33815,30692
33815,91043
33815,80686
33815,49307
33815,80200
27265,84230
27265,28680
27265,96311
27265,63867
27265,14210
27265,98122
27265,8980
27265,44305
27265,95607
27265,3805
27265,72594
27265,10428
27265,66638
27265,30965
27265,70434
27265,46159
27265,39079
27265,87781
27265,95594
27265,10564
27265,50136
27265,43652
27265,10563
27265,7959
27265,62725
27265,82315
27265,73445
27265,24848
27265,9150
27265,78824
27265,68169
27265,23385
27265,66992
27265,44672
27265,13148
27265,14531
27265,34053
27265,54361
27265,68964
27265,42451
27265,43875
27265,98151
27265,65271
27265,13512
27265,30860
27265,21230
27265,49679
27265,23594
27265,27522
27265,70282
27265,64747
27265,22807
27265,85293
27265,2500
27265,48489
27265,3924
27265,54129
27265,99057
27265,83163
27265,80999
27265,91832
27265,4071
27265,54974
27265,45216
27265,98615
27265,40584
27265,25706
27265,28495
27265,37195
27265,48898
27265,7021
27265,4177
27265,44313
27265,98521
27265,96507
27265,59338
27265,72364
27265,48612
27265,29982
27265,58951
27265,46428
27265,6525
27265,82847
27265,79870
27265,62943
27265,55319
27265,14425
27265,87379
27265,73704
27265,28935
27265,59817
27265,92622
27265,84280
27265,99792
27265,45841
27265,63297
27265,76793
27265,99173
27265,58578
27265,30846
27265,6856
27265,85542
27265,38798
27265,44348
27265,76511
27265,19147
27265,28714
27265,70600
27265,50307
27265,48745
27265,43746
27265,28799
27265,77841
27265,12407
27265,10692
27265,12333
27265,11038
27265,67747
27265,78177
27265,78591
27265,3101
27265,92503
27265,33196
27265,49942
27265,69125
27265,7536
27265,1829
27265,55334
27265,57589
27265,74176
27265,17185
27265,84098
27265,48933
27265,85617
27265,2677
27265,4809
27265,95796
27265,18064
27265,86447
27265,73539
27265,52638
27265,89642
27265,35079
27265,33252
27265,52110
27265,97957
40530,84844
40530,12999
40530,94649
40530,53643
40530,57372
40530,96311
40530,37711
40530,91845
40530,63867
40530,29759
40530,14210
40530,22551
40530,8980
40530,81332
40530,10428
40530,91713
40530,92369
40530,36458
40530,51625
40530,46159
40530,39983
40530,87781
40530,38335
40530,93944
40530,68556
40530,35573
40530,26312
40530,7959
40530,58914
40530,87765
40530,54857
40530,36162
40530,36866
40530,24848
40530,11153
40530,92155
40530,78428
40530,41435
40530,51055
40530,37570
40530,11125
40530,77441
40530,70782
40530,3617
40530,62704
40530,51678
40530,86807
40530,63014
40530,94556
40530,26030
40530,97872
40530,44582
40530,13914
40530,7685
40530,98684
40530,27671
40530,28429
40530,90375
40530,474
40530,80519
40530,67649
40530,48721
40530,71870
40530,34053
40530,92882
40530,80996
40530,68964
40530,42451
40530,74853
40530,98151
40530,30860
40530,25460
40530,64775
40530,81497
40530,49679
40530,27522
40530,24548
40530,78229
40530,85293
40530,57494
40530,23525
40530,22528
40530,28928
40530,54129
40530,46692
40530,92236
40530,99162
40530,80999
40530,91832
40530,53082
40530,65746
40530,65664
40530,19091
40530,66075
40530,31024
40530,86538
40530,22110
40530,81052
40530,12906
40530,89459
40530,12242
40530,28495
40530,88950
40530,113
40530,48898
40530,15718
40530,84595
40530,84024
40530,97287
40530,42635
40530,16425
40530,42723
40530,68416
40530,59114
40530,73346
40530,81927
40530,55814
40530,96507
40530,47292
40530,84822
40530,20079
40530,46828
40530,67349
40530,61309
40530,46428
40530,58660
40530,10042
40530,72929
40530,21036
40530,42819
40530,95408
40530,26544
40530,5943
40530,36851
40530,11775
40530,39383
40530,9076
40530,72659
40530,73704
40530,39888
40530,63297
40530,93464
40530,70167
40530,6594
40530,71569
40530,76327
40530,58578
40530,95995
40530,42987
40530,6856
40530,12104
40530,38211
40530,58159
40530,84083
40530,64039
40530,28714
40530,45925
40530,79589
40530,85262
40530,78665
40530,57782
40530,28799
40530,29811
40530,60730
40530,12407
40530,61326
40530,68857
40530,63620
40530,4925
40530,76147
40530,18882
40530,59844
40530,3101
40530,8536
40530,72598
40530,3913
40530,16758
40530,82993
40530,67921
40530,34076
40530,10188
40530,6374
40530,66713
40530,92100
40530,13278
40530,79102
40530,28112
40530,38591
40530,65896
40530,42982
40530,62826
40530,31910
40530,2677
40530,18808
40530,41543
40530,4809
40530,16291
40530,16216
40530,10424
40530,18064
40530,93387
40530,52638
40530,16219
40530,89642
40530,66677
40530,47458
40530,89967
40530,80686
40530,94637
40530,33252
40530,52110
40530,33470
40530,7197
150,53926
150,2126
150,14210
150,79650
150,8980
150,81332
150,41448
150,51625
150,39079
150,79095
150,58914
150,50015
150,36866
150,58245
150,39080
150,51451
150,4731
150,46431
150,77441
150,70782
150,40875
150,39863
150,13875
150,92655
150,13512
150,30719
150,64747
150,97475
150,7926
150,80999
150,54974
150,15889
150,48391
150,40753
150,19152
150,6525
150,34016
150,19028
150,86161
150,92622
150,30170
150,74988
150,99173
150,85542
150,38211
150,36422
150,78665
150,6463
150,2584
150,33196
150,72270
150,1829
150,84135
150,74176
150,88486
150,2677
150,63531
150,93387
150,42374
150,90307
150,89096
150,39496
86906,97522
86906,39243
86906,84230
86906,11003
86906,57372
86906,695
86906,29759
86906,14613
86906,49558
86906,40029
86906,36078
86906,43735
86906,84178
86906,22551
86906,20082
86906,16021
86906,59135
86906,72594
86906,55515
86906,91713
86906,39824
86906,81015
86906,70392
86906,39079
86906,78355
86906,95594
86906,8013
86906,89592
86906,38932
86906,35573
86906,58424
86906,6510
86906,88384
86906,50015
86906,54857
86906,22340
86906,65538
86906,30083
86906,22648
86906,4731
86906,28105
86906,46431
86906,39274
86906,78824
86906,51710
86906,62704
86906,86807
86906,89624
86906,26030
86906,69711
86906,97893
86906,7685
86906,27671
86906,29628
86906,67649
86906,14531
86906,9891
86906,6262
86906,29884
86906,71870
86906,70954
86906,74853
86906,31336
86906,41019
86906,7315
86906,34274
86906,65271
86906,92655
86906,27254
86906,42102
86906,90997
86906,17740
86906,23594
86906,24548
86906,13285
86906,57494
86906,43175
86906,26935
86906,1608
86906,16722
86906,14421
86906,21793
86906,14290
86906,99057
86906,46692
86906,80999
86906,65432
86906,58876
86906,54974
86906,51810
86906,40584
86906,12906
86906,48391
86906,12138
86906,7021
86906,4177
86906,29822
86906,40753
86906,44313
86906,68416
86906,37512
86906,73295
86906,50883
86906,24353
86906,48756
86906,72364
86906,53695
86906,95970
86906,61309
86906,8669
86906,5943
86906,75444
86906,11733
86906,16012
86906,14425
86906,39351
86906,73704
86906,59113
86906,99792
86906,80842
86906,63297
86906,6594
86906,48302
86906,3588
86906,71569
86906,76793
86906,28136
86906,15956
86906,44976
86906,26638
86906,95265
86906,12104
86906,38798
86906,62837
86906,70679
86906,36422
86906,58617
86906,66626
86906,83902
86906,56359
86906,99290
86906,38589
86906,13613
86906,61025
86906,17354
86906,43746
86906,64317
86906,12333
86906,19851
86906,44244
86906,1674
86906,76147
86906,21855
86906,4232
86906,73386
86906,72568
86906,93507
86906,72598
86906,33196
86906,74499
86906,16758
86906,67921
86906,72270
86906,56489
86906,18841
86906,84135
86906,96402
86906,18445
86906,79102
86906,39058
86906,17526
86906,87993
86906,8697
86906,68607
86906,21831
86906,97567
86906,65163
86906,72466
86906,99473
86906,96211
86906,16216
86906,52703
86906,10424
86906,95796
86906,65334
86906,86447
86906,13373
86906,99454
86906,42374
86906,90650
86906,53056
86906,89642
86906,17930
86906,47458
86906,89096
86906,35079
86906,51334
86906,46196
86906,85528
86906,697
86906,64597
86906,30776
86906,74088
86906,74888
45479,41477
45479,2885
45479,70994
45479,84230
45479,73918
45479,11003
45479,88731
45479,40029
45479,61726
45479,79650
45479,50306
45479,43092
45479,66638
45479,70434
45479,78355
45479,10520
45479,64417
45479,50136
45479,74059
45479,58914
45479,73445
45479,58245
45479,11153
45479,92155
45479,65681
45479,78373
45479,41190
45479,88776
45479,70782
45479,83365
45479,14531
45479,6262
45479,36215
45479,47066
45479,63951
45479,68964
45479,39863
45479,30205
45479,46061
45479,6346
45479,1836
45479,92655
45479,25460
45479,86289
45479,21092
45479,19091
45479,29358
45479,80321
45479,31024
45479,32541
45479,12906
45479,88950
45479,113
45479,7021
45479,42635
45479,87941
45479,48430
45479,26261
45479,81927
45479,19152
45479,46828
45479,67349
45479,58951
45479,54466
45479,10042
45479,96149
45479,60670
45479,15096
45479,34016
45479,42819
45479,15566
45479,28935
45479,59817
45479,90219
45479,62293
45479,70679
45479,7339
45479,9239
45479,4027
45479,7025
45479,94730
45479,64966
45479,36956
45479,10692
45479,11038
45479,6463
45479,92503
45479,60228
45479,93507
45479,72270
45479,49942
45479,34076
45479,60549
45479,11238
45479,51097
45479,5059
45479,66713
45479,33249
45479,88089
45479,97754
45479,86447
45479,37022
45479,42374
45479,52638
45479,19794
45479,16219
45479,17930
45479,75733
45479,90808
45479,5062
45479,94637
45479,49307
45479,74888
24633,50797
24633,12999
24633,14210
24633,59121
24633,49372
24633,82241
24633,46461
24633,11960
24633,10520
24633,69995
24633,73798
24633,77441
24633,78824
24633,62803
24633,26030
24633,3228
24633,34053
24633,66326
24633,41019
24633,50886
24633,43175
24633,98615
24633,1198
24633,94363
24633,59054
24633,55814
24633,84822
24633,86997
24633,58951
24633,47187
24633,73704
24633,37840
24633,99792
24633,93464
24633,57782
24633,43746
24633,11038
24633,59844
24633,37106
24633,72270
24633,74722
24633,62851
24633,13373
24633,51334
24633,697
24633,94637
24633,33470
6742,84844
6742,40696
6742,84230
6742,17253
6742,99710
6742,32818
6742,84178
6742,50306
6742,43092
6742,34874
6742,81015
6742,36458
6742,46461
6742,69427
6742,95763
6742,89592
6742,38932
6742,58914
6742,76017
6742,73798
6742,65538
6742,51846
6742,39491
6742,88776
6742,78824
6742,86807
6742,66992
6742,39301
6742,72277
6742,78983
6742,48721
6742,39863
6742,66326
6742,46061
6742,84441
6742,30860
6742,86289
6742,96678
6742,49679
6742,27522
6742,2500
6742,62153
6742,1608
6742,84059
6742,21793
6742,28928
6742,36838
6742,99057
6742,53082
6742,27455
6742,5199
6742,19091
6742,66075
6742,80321
6742,82093
6742,45216
6742,71128
6742,12242
6742,53881
6742,7021
6742,63663
6742,13122
6742,13705
6742,20079
6742,9031
6742,89757
6742,58660
6742,10042
6742,18276
6742,34016
6742,72410
6742,95408
6742,53770
6742,65295
6742,39383
6742,87456
6742,78675
6742,84280
6742,95853
6742,18845
6742,99173
6742,87505
6742,21334
6742,30846
6742,42923
6742,8796
6742,30481
6742,70679
6742,58617
6742,64039
6742,73973
6742,7339
6742,29040
6742,70600
6742,82703
6742,6090
6742,43746
6742,62224
6742,77942
6742,76147
6742,98306
6742,85225
6742,76145
6742,74499
6742,69125
6742,74722
6742,61238
6742,66713
6742,43081
6742,20445
6742,68607
6742,4809
6742,85038
6742,16216
6742,95796
6742,35240
6742,80572
68698,54084
68698,90965
68698,73918
68698,11003
68698,53643
68698,57372
68698,695
68698,25155
68698,29838
68698,88731
68698,40029
68698,14340
68698,16021
68698,61726
68698,64416
68698,92369
68698,70434
68698,51625
68698,70392
68698,53548
68698,25310
68698,95594
68698,43652
68698,68556
68698,35573
68698,47260
68698,60979
68698,87765
68698,50015
68698,50426
68698,42452
68698,54857
68698,82315
68698,36866
68698,22340
68698,73798
68698,11153
68698,65681
68698,30083
68698,88776
68698,70782
68698,26165
68698,2418
68698,10079
68698,26405
68698,64607
68698,58143
68698,63014
68698,28429
68698,49612
68698,46099
68698,8862
68698,42451
68698,31336
68698,62905
68698,25460
68698,81497
68698,90997
68698,74600
68698,22807
68698,57494
68698,49806
68698,34924
68698,16722
68698,14421
68698,63112
68698,3924
68698,21793
68698,54129
68698,99057
68698,21092
68698,91832
68698,65432
68698,51810
68698,66075
68698,32541
68698,24070
68698,81052
68698,113
68698,75920
68698,59063
68698,40753
68698,37654
68698,68416
68698,70511
68698,41743
68698,50883
68698,66004
68698,55814
68698,74421
68698,48612
68698,69465
68698,6816
68698,37212
68698,82847
68698,72929
68698,26544
68698,13968
68698,11733
68698,55639
68698,37840
68698,81743
68698,45841
68698,90219
68698,93464
68698,76793
68698,15956
68698,44976
68698,78995
68698,21334
68698,78374
68698,42923
68698,12104
68698,30481
68698,58159
68698,84083
68698,28714
68698,37372
68698,7339
68698,13613
68698,17354
68698,4027
68698,94730
68698,71663
68698,81307
68698,77942
68698,24497
68698,12333
68698,63777
68698,63620
68698,75529
68698,4312
68698,18882
68698,86833
68698,72568
68698,60228
68698,97900
68698,17736
68698,76145
68698,77844
68698,34076
68698,7536
68698,56407
68698,61238
68698,66713
68698,55334
68698,96402
68698,32176
68698,84098
68698,69661
68698,9835
68698,42982
68698,21831
68698,35093
68698,84551
68698,96211
68698,95796
68698,73409
68698,91319
68698,89249
68698,53352
68698,61976
68698,52638
68698,90307
68698,16219
68698,89642
68698,46196
68698,5062
68698,68532
68698,33470
68698,44128
83173,84844
83173,12376
83173,41477
83173,2885
83173,46602
83173,695
83173,96311
83173,63867
83173,40029
83173,36078
83173,37624
83173,50306
83173,3545
83173,77939
83173,22517
83173,3805
83173,70434
83173,49372
83173,70392
83173,53548
83173,78355
83173,10564
83173,64417
83173,50136
83173,65268
83173,8287
83173,59292
83173,11153
83173,41190
83173,77441
83173,3617
83173,13748
83173,63014
83173,8309
83173,50055
83173,44582
83173,39301
83173,98684
83173,13148
83173,72277
83173,30614
83173,16081
83173,48721
83173,97386
83173,34053
83173,63951
83173,51431
83173,39863
83173,74853
83173,9915
83173,43875
83173,50886
83173,46061
83173,84441
83173,38505
83173,92548
83173,42102
83173,86289
83173,49679
83173,13285
83173,21793
83173,14290
83173,36838
83173,19487
83173,83163
83173,58876
83173,40584
83173,71128
83173,12242
83173,4177
83173,73295
83173,62444
83173,29982
83173,20079
83173,67349
83173,58660
83173,60670
83173,72410
83173,26544
83173,14765
83173,4272
83173,47820
83173,15566
83173,49068
83173,37840
83173,39501
83173,26618
83173,63297
83173,6594
83173,28136
83173,18845
83173,26638
83173,30846
83173,8796
83173,70679
83173,58617
83173,10513
83173,63028
83173,70600
83173,43946
83173,13613
83173,7025
83173,43746
83173,62224
83173,61326
83173,36956
83173,68857
83173,48609
83173,4925
83173,18882
83173,78591
83173,72568
83173,97900
83173,33196
83173,55184
83173,74499
83173,16758
83173,67921
83173,49942
83173,45506
83173,77844
83173,84135
83173,92100
83173,17185
83173,9835
83173,74594
83173,8697
83173,85617
83173,85038
83173,99473
83173,65334
83173,63531
83173,9320
83173,73539
83173,64575
83173,9169
83173,13395
83173,95180
83173,94637
83173,652
83173,10958
83173,52110
83173,59530
88468,84844
88468,1064
88468,97522
88468,39243
88468,50797
88468,84230
88468,53643
88468,65887
88468,91845
88468,14613
88468,2126
88468,98122
88468,87030
88468,7612
88468,55515
88468,70434
88468,81015
88468,69427
88468,78355
88468,25310
88468,79095
88468,47260
88468,7959
88468,36866
88468,51846
88468,37570
88468,77441
88468,78824
88468,51710
88468,10079
88468,87239
88468,23385
88468,64607
88468,47172
88468,63866
88468,98684
88468,30883
88468,3228
88468,29628
88468,72277
88468,30614
88468,39863
88468,74853
88468,13875
88468,38505
88468,30719
88468,74600
88468,2500
88468,48489
88468,27199
88468,21793
88468,36838
88468,91832
88468,53082
88468,4071
88468,27455
88468,18030
88468,71128
88468,89459
88468,15889
88468,25706
88468,4177
88468,24234
88468,59063
88468,84024
88468,63663
88468,42723
88468,48430
88468,62444
88468,55814
88468,29982
88468,91314
88468,68658
88468,18276
88468,82847
88468,72929
88468,82639
88468,5943
88468,76900
88468,11775
88468,39383
88468,34448
88468,15566
88468,92622
88468,29682
88468,62293
88468,18845
88468,8796
88468,38211
88468,58617
88468,83902
88468,6815
88468,13613
88468,48745
88468,85262
88468,77964
88468,61573
88468,62224
88468,63620
88468,1674
88468,75529
88468,18882
88468,12599
88468,55184
88468,40938
88468,56489
88468,7536
88468,5059
88468,66713
88468,18218
88468,28282
88468,65896
88468,8697
88468,62826
88468,37735
88468,72466
88468,41543
88468,12515
88468,82704
88468,52638
88468,90650
88468,19794
88468,89967
88468,94637
88468,25417
88468,33252
88468,74888
88468,52110
88468,33470
88468,80200
99040,1064
99040,15989
99040,88731
99040,40029
99040,36078
99040,14340
99040,87030
99040,43092
99040,44305
99040,22517
99040,34874
99040,55515
99040,81015
99040,39983
99040,25310
99040,38335
99040,10520
99040,10564
99040,8013
99040,8287
99040,58424
99040,60979
99040,7959
99040,92155
99040,39080
99040,30083
99040,78373
99040,4731
99040,11125
99040,46431
99040,70782
99040,39274
99040,40875
99040,26165
99040,2418
99040,89624
99040,44582
99040,16897
99040,63866
99040,98684
99040,474
99040,72277
99040,49195
99040,9891
99040,6262
99040,46099
99040,68964
99040,20562
99040,1862
99040,66501
99040,13875
99040,41019
99040,34274
99040,85851
99040,65271
99040,13512
99040,82969
99040,49679
99040,92866
99040,64747
99040,26935
99040,1608
99040,74365
99040,19487
99040,80999
99040,58876
99040,27455
99040,65664
99040,18030
99040,19091
99040,82093
99040,40584
99040,81052
99040,87269
99040,88161
99040,12138
99040,75920
99040,34808
99040,59338
99040,84822
99040,72364
99040,20079
99040,58660
99040,91314
99040,57173
99040,15096
99040,11766
99040,72410
99040,62943
99040,76900
99040,13968
99040,11733
99040,16012
99040,4272
99040,14425
99040,65295
99040,49068
99040,72659
99040,47187
99040,59113
99040,78675
99040,80842
99040,76793
99040,30846
99040,78374
99040,85542
99040,76511
99040,63028
99040,37372
99040,79067
99040,38589
99040,61025
99040,44949
99040,45185
99040,77942
99040,36956
99040,24497
99040,1674
99040,76147
99040,78177
99040,98306
99040,12599
99040,78591
99040,37106
99040,72568
99040,8536
99040,90546
99040,45506
99040,1829
99040,5059
99040,55334
99040,58681
99040,13278
99040,74176
99040,18218
99040,84098
99040,48933
99040,17526
99040,8697
99040,998
99040,97754
99040,85617
99040,24072
99040,41543
99040,99757
99040,30568
99040,96211
99040,92282
99040,73409
99040,73539
99040,53056
99040,89642
99040,10059
99040,89967
99040,51334
99040,90808
99040,1318
99040,5062
99040,652
99040,10958
99040,33470
99040,7197
31583,50797
31583,90965
31583,99710
31583,53643
31583,57372
31583,96311
31583,65887
31583,88731
31583,2126
31583,73945
31583,37624
31583,20082
31583,81332
31583,43092
31583,44305
31583,77939
31583,7612
31583,41448
31583,34874
31583,55515
31583,1272
31583,30965
31583,95763
31583,59176
31583,93944
31583,64417
31583,24302
31583,46068
31583,7959
31583,24848
31583,22340
31583,73798
31583,57289
31583,65681
31583,30083
31583,78373
31583,78824
31583,26165
31583,2418
31583,26405
31583,64607
31583,58143
31583,86807
31583,63014
31583,43461
31583,66992
31583,83365
31583,13148
31583,474
31583,29884
31583,89332
31583,8862
31583,71870
31583,12812
31583,65304
31583,63951
31583,39863
31583,43875
31583,13875
31583,50886
31583,19581
31583,62905
31583,13512
31583,93016
31583,86289
31583,21230
31583,17740
31583,49679
31583,27522
31583,24548
31583,22807
31583,22799
31583,57494
31583,62153
31583,1608
31583,49806
31583,16722
31583,27199
31583,63112
31583,36838
31583,43003
31583,33181
31583,53082
31583,72188
31583,5199
31583,29358
31583,80321
31583,45216
31583,24070
31583,87269
31583,25706
31583,15718
31583,96472
31583,91374
31583,37654
31583,49424
31583,73295
31583,50883
31583,81927
31583,96507
31583,47292
31583,46828
31583,82814
31583,6816
31583,46428
31583,64757
31583,6525
31583,91314
31583,96149
31583,21036
31583,5943
31583,62943
31583,14765
31583,11733
31583,19028
31583,55319
31583,53770
31583,55639
31583,87379
31583,73704
31583,81743
31583,90219
31583,95853
31583,8982
31583,2997
31583,44976
31583,26638
31583,85542
31583,12104
31583,38211
31583,66626
31583,76511
31583,99290
31583,28714
31583,27266
31583,73973
31583,37372
31583,7339
31583,45185
31583,51956
31583,61573
31583,77942
31583,21683
31583,36956
31583,45770
31583,11038
31583,67747
31583,37787
31583,4312
31583,98306
31583,85225
31583,78591
31583,72568
31583,69125
31583,74722
31583,51097
31583,84135
31583,57589
31583,92100
31583,13278
31583,18218
31583,17185
31583,38591
31583,39993
31583,87993
31583,33450
31583,42982
31583,21831
31583,998
31583,97754
31583,24072
31583,41543
31583,4809
31583,30568
31583,92966
31583,16291
31583,92282
31583,95796
31583,93387
31583,36323
31583,9169
31583,13395
31583,89642
31583,88311
31583,10059
31583,51334
31583,90808
31583,46196
31583,80686
31583,652
31583,49307
31583,33470
69413,84230
69413,53643
69413,25155
69413,65887
69413,73945
69413,20082
69413,90113
69413,87030
69413,25310
69413,58424
69413,60211
69413,51055
69413,88776
69413,68169
69413,44672
69413,29628
69413,12812
69413,71346
69413,90997
69413,17740
69413,97475
69413,46692
69413,92236
69413,7926
69413,24070
69413,87269
69413,4177
69413,66004
69413,85606
69413,39809
69413,69465
69413,53695
69413,79834
69413,58660
69413,54466
69413,9621
69413,72929
69413,95408
69413,14765
69413,11733
69413,14425
69413,39351
69413,47187
69413,37840
69413,14240
69413,56529
69413,36296
69413,95265
69413,64039
69413,82703
69413,45925
69413,38589
69413,45185
69413,12599
69413,49942
69413,56407
69413,55334
69413,58681
69413,92100
69413,65163
69413,92282
69413,42374
69413,19794
69413,89642
69413,89096
36971,12376
36971,2885
36971,88731
36971,34874
36971,83129
36971,92369
36971,36875
36971,38335
36971,48196
36971,60979
36971,36866
36971,65538
36971,63014
36971,6262
36971,65271
36971,34924
36971,14290
36971,80999
36971,4071
36971,29358
36971,88161
36971,84024
36971,63663
36971,70511
36971,67349
36971,61309
36971,79834
36971,9031
36971,72410
36971,36851
36971,14425
36971,11775
36971,34448
36971,26618
36971,95853
36971,42987
36971,6856
36971,8796
36971,64039
36971,7339
36971,38589
36971,6090
36971,85262
36971,19851
36971,1674
36971,57242
36971,76145
36971,90546
36971,92100
36971,79102
36971,29290
36971,79138
36971,8697
36971,85617
36971,65334
36971,30692
36971,53056
36971,89642
36971,17930
36971,10059
36971,94637
36971,652
36971,74888
36971,1711
36971,59530
50429,1064
50429,2885
50429,69909
50429,84230
50429,73918
50429,695
50429,37605
50429,49558
50429,98122
50429,22551
50429,16021
50429,50306
50429,81332
50429,3805
50429,72594
50429,92369
50429,46159
50429,53548
50429,95594
50429,64417
50429,8013
50429,43652
50429,60979
50429,60388
50429,50015
50429,36162
50429,82315
50429,36866
50429,65538
50429,78428
50429,3193
50429,60090
50429,2418
50429,43461
50429,94556
50429,3003
50429,2820
50429,76214
50429,14531
50429,18765
50429,6262
50429,48721
50429,8862
50429,71870
50429,80996
50429,1862
50429,46061
50429,6346
50429,92655
50429,13512
50429,3086
50429,34524
50429,64775
50429,96678
50429,49679
50429,74600
50429,78229
50429,64747
50429,84059
50429,27199
50429,63112
50429,54129
50429,99057
50429,4071
50429,29358
50429,36891
50429,82093
50429,86538
50429,24070
50429,22110
50429,71128
50429,15889
50429,88950
50429,37195
50429,40753
50429,87941
50429,25316
50429,73346
50429,13122
50429,50883
50429,26261
50429,13705
50429,85606
50429,58951
50429,61309
50429,9031
50429,64757
50429,8669
50429,82847
50429,15096
50429,34016
50429,11766
50429,26544
50429,4272
50429,55639
50429,1349
50429,86161
50429,15566
50429,9053
50429,81743
50429,29682
50429,78675
50429,90219
50429,80842
50429,63297
50429,6594
50429,75375
50429,69725
50429,12104
50429,44348
50429,58159
50429,70679
50429,66626
50429,7339
50429,12237
50429,45925
50429,6090
50429,50307
50429,13613
50429,94730
50429,28799
50429,77841
50429,64317
50429,94202
50429,62224
50429,77942
50429,10692
50429,67747
50429,63620
50429,1674
50429,59844
50429,12599
50429,85225
50429,3101
50429,72568
50429,60228
50429,62789
50429,90546
50429,33196
50429,40938
50429,82993
50429,72270
50429,45506
50429,77844
50429,7536
50429,5059
50429,66713
50429,84135
50429,18445
50429,28112
50429,20762
50429,69661
50429,29290
50429,79138
50429,45696
50429,61825
50429,97754
50429,90034
50429,99757
50429,30568
50429,92282
50429,52703
50429,65334
50429,13373
50429,36323
50429,9169
50429,52638
50429,90650
50429,19794
50429,89642
50429,95180
50429,17930
50429,35079
50429,90808
50429,5062
50429,74888
50429,97957
2605,84844
2605,2885
2605,39885
2605,46602
2605,69909
2605,84230
2605,73918
2605,99710
2605,12361
2605,53643
2605,32818
2605,25155
2605,2126
2605,73945
2605,14340
2605,44305
2605,95607
2605,83129
2605,55515
2605,1272
2605,30965
2605,39824
2605,49372
2605,93944
2605,89592
2605,5957
2605,65268
2605,68556
2605,60979
2605,72149
2605,62725
2605,76017
2605,69995
2605,60388
2605,98463
2605,36866
2605,58245
2605,92155
2605,41435
2605,65681
2605,30083
2605,28105
2605,88776
2605,70782
2605,3193
2605,29923
2605,62803
2605,87239
2605,23385
2605,51678
2605,97872
2605,3003
2605,50055
2605,69711
2605,97893
2605,82739
2605,51855
2605,39301
2605,98684
2605,72277
2605,36215
2605,47722
2605,47066
2605,46099
2605,92882
2605,51431
2605,71346
2605,80996
2605,1862
2605,41019
2605,50886
2605,82969
2605,27254
2605,30860
2605,81497
2605,64747
2605,22799
2605,16722
2605,74365
2605,21793
2605,51181
2605,54129
2605,99057
2605,46692
2605,92236
2605,7926
2605,21092
2605,79278
2605,27455
2605,11158
2605,86538
2605,40584
2605,24070
2605,1198
2605,61524
2605,95994
2605,53881
2605,15718
2605,24234
2605,40753
2605,84024
2605,16425
2605,42723
2605,47003
2605,68416
2605,87941
2605,71951
2605,13122
2605,98521
2605,81927
2605,86997
2605,20079
2605,67349
2605,82814
2605,95970
2605,37212
2605,61309
2605,79834
2605,89757
2605,6525
2605,10042
2605,82847
2605,57173
2605,11766
2605,21036
2605,72410
2605,42819
2605,95408
2605,5943
2605,13968
2605,75444
2605,4272
2605,14425
2605,65295
2605,9076
2605,1349
2605,21026
2605,15566
2605,9053
2605,53495
2605,14240
2605,92622
2605,39501
2605,78675
2605,56529
2605,84280
2605,36296
2605,90219
2605,63297
2605,26074
2605,6594
2605,28136
2605,74988
2605,70254
2605,95995
2605,6856
2605,38798
2605,62837
2605,3
2605,19147
2605,7339
2605,6815
2605,79067
2605,57837
2605,48745
2605,17354
2605,94730
2605,28799
2605,81307
2605,94202
2605,62224
2605,21683
2605,63777
2605,63620
2605,1674
2605,8628
2605,78177
2605,2584
2605,75529
2605,18882
2605,12599
2605,85225
2605,57242
2605,92503
2605,72568
2605,97900
2605,93507
2605,76145
2605,90546
2605,69125
2605,7536
2605,1829
2605,18841
2605,96402
2605,32176
2605,74176
2605,39058
2605,17185
2605,20445
2605,65896
2605,68607
2605,21831
2605,65163
2605,85617
2605,2677
2605,4809
2605,30568
2605,27660
2605,12515
2605,73409
2605,65334
2605,18064
2605,86447
2605,99454
2605,89249
2605,9169
2605,53056
2605,88311
2605,89096
2605,25838
2605,46196
2605,85528
2605,5062
2605,68532
2605,64597
2605,33470
2605,1711
2605,59530
17255,40696
17255,46602
17255,70994
17255,28620
17255,12999
17255,53926
17255,90965
17255,84230
17255,94649
17255,15989
17255,91845
17255,63867
17255,14210
17255,98122
17255,87030
17255,8980
17255,50306
17255,43092
17255,72594
17255,34874
17255,87810
17255,64451
17255,66638
17255,83129
17255,91713
17255,81015
17255,46159
17255,53548
17255,78355
17255,36875
17255,64417
17255,50136
17255,7959
17255,69995
17255,42452
17255,54857
17255,92155
17255,41435
17255,51846
17255,22648
17255,3193
17255,40875
17255,10079
17255,62704
17255,86807
17255,44043
17255,89624
17255,50055
17255,69711
17255,13914
17255,63866
17255,98684
17255,3228
17255,474
17255,78983
17255,80519
17255,14531
17255,49612
17255,30614
17255,91
17255,34053
17255,39863
17255,66326
17255,1862
17255,9915
17255,46061
17255,65271
17255,92655
17255,92548
17255,97323
17255,30719
17255,96678
17255,23594
17255,27522
17255,24548
17255,57494
17255,1608
17255,27199
17255,63112
17255,21793
17255,14290
17255,19487
17255,33181
17255,4071
17255,54974
17255,27455
17255,80321
17255,82093
17255,81052
17255,48898
17255,12138
17255,91374
17255,37654
17255,63663
17255,37512
17255,73346
17255,81927
17255,96507
17255,47292
17255,19152
17255,84822
17255,86997
17255,29982
17255,82814
17255,58951
17255,37212
17255,79834
17255,46428
17255,58660
17255,47212
17255,60670
17255,52905
17255,11766
17255,95408
17255,5943
17255,14425
17255,65295
17255,39383
17255,93735
17255,88953
17255,86161
17255,34448
17255,15566
17255,87456
17255,59817
17255,29682
17255,20149
17255,62293
17255,70167
17255,14299
17255,6594
17255,15956
17255,18845
17255,87505
17255,95995
17255,42987
17255,97247
17255,30481
17255,58159
17255,63028
17255,64039
17255,29040
17255,6815
17255,57837
17255,31580
17255,13613
17255,57782
17255,94202
17255,12407
17255,62224
17255,48609
17255,78591
17255,37106
17255,8536
17255,93507
17255,76145
17255,3913
17255,45506
17255,1829
17255,56407
17255,82741
17255,33249
17255,39310
17255,20762
17255,74594
17255,45696
17255,97567
17255,65163
17255,97754
17255,90034
17255,35093
17255,85038
17255,99473
17255,16291
17255,52703
17255,91319
17255,86447
17255,63531
17255,37022
17255,9320
17255,73539
17255,9169
17255,89642
17255,80572
17255,90085
17255,17930
17255,10059
17255,51334
17255,85528
17255,697
17255,7197
7311,84844
7311,41477
7311,84230
7311,94649
7311,28680
7311,43735
7311,50306
7311,66638
7311,36458
7311,25310
7311,8287
7311,60979
7311,7959
7311,62725
7311,50015
7311,58245
7311,51451
7311,40875
7311,3617
7311,2418
7311,26405
7311,474
7311,9891
7311,80996
7311,74853
7311,66501
7311,45177
7311,30719
7311,49806
7311,82707
7311,62515
7311,7926
7311,15718
7311,75920
7311,16425
7311,63663
7311,3793
7311,24353
7311,82639
7311,26544
7311,49068
7311,41473
7311,59817
7311,29682
7311,85542
7311,8796
7311,56747
7311,99290
7311,28799
7311,81307
7311,62224
7311,98306
7311,37106
7311,73386
7311,7536
7311,61238
7311,58681
7311,32176
7311,28282
7311,17526
7311,8697
7311,24072
7311,99757
7311,61976
7311,89967
7311,33252
7311,7197
16685,84844
16685,69909
16685,84178
16685,81332
16685,3805
16685,72594
16685,10563
16685,73798
16685,9150
16685,39491
16685,77441
16685,66992
16685,26030
16685,34053
16685,42451
16685,66501
16685,50886
16685,48244
16685,65271
16685,16722
16685,14421
16685,91832
16685,4071
16685,31024
16685,40753
16685,81927
16685,39809
16685,86997
16685,58660
16685,26544
16685,87379
16685,78675
16685,58578
16685,58159
16685,48745
16685,57782
16685,45185
16685,62224
16685,68857
16685,1674
16685,3101
16685,37106
16685,52708
16685,7536
16685,74594
16685,2677
16685,35093
16685,10424
16685,90650
16685,94637
24081,84844
24081,94791
24081,84230
24081,57372
24081,37711
24081,49558
24081,40029
24081,59135
24081,43092
24081,3545
24081,91713
24081,30965
24081,46461
24081,39983
24081,95763
24081,38932
24081,48196
24081,1795
24081,47260
24081,58914
24081,73798
24081,60211
24081,4731
24081,40875
24081,26405
24081,63014
24081,66992
24081,44582
24081,39301
24081,44672
24081,27671
24081,80519
24081,17936
24081,29884
24081,48721
24081,47066
24081,39863
24081,3086
24081,34524
24081,27254
24081,30860
24081,42102
24081,64775
24081,85293
24081,57494
24081,48489
24081,27199
24081,28928
24081,51181
24081,36838
24081,99057
24081,29358
24081,31024
24081,12906
24081,113
24081,15718
24081,24234
24081,44313
24081,37512
24081,70511
24081,87941
24081,13122
24081,98521
24081,26261
24081,55814
24081,13705
24081,19152
24081,91314
24081,54466
24081,96149
24081,57173
24081,42819
24081,21947
24081,65295
24081,47820
24081,55639
24081,1349
24081,21026
24081,9053
24081,37840
24081,84280
24081,62293
24081,6594
24081,8982
24081,87505
24081,38211
24081,58617
24081,3
24081,63028
24081,18165
24081,7339
24081,43946
24081,6815
24081,48790
24081,94730
24081,77841
24081,57967
24081,81307
24081,62224
24081,77942
24081,21683
24081,45770
24081,11038
24081,68857
24081,63777
24081,76147
24081,8628
24081,75529
24081,98306
24081,78591
24081,37106
24081,76145
24081,49942
24081,34076
24081,1829
24081,11238
24081,51097
24081,73855
24081,61238
24081,43081
24081,33249
24081,20445
24081,45696
24081,87993
24081,88486
24081,68607
24081,90034
24081,85617
24081,84551
24081,85038
24081,92966
24081,95796
24081,73409
24081,18064
24081,30692
24081,13395
24081,53056
24081,89642
24081,66677
24081,25838
24081,46196
24081,697
24081,94637
24081,33252
24081,80200
82769,54084
82769,1064
82769,39243
82769,39885
82769,53926
82769,11003
82769,32818
82769,91845
82769,63867
82769,49558
82769,88731
82769,40029
82769,98122
82769,59121
82769,61726
82769,87030
82769,64451
82769,55515
82769,1503
82769,91713
82769,39824
82769,49372
82769,46159
82769,78355
82769,93944
82769,8013
82769,24302
82769,74059
82769,48196
82769,35573
82769,58914
82769,88384
82769,50015
82769,82315
82769,58245
82769,65538
82769,70782
82769,51710
82769,2418
82769,47172
82769,86807
82769,66992
82769,94556
82769,69711
82769,51855
82769,72277
82769,17936
82769,6262
82769,89332
82769,97386
82769,47066
82769,71346
82769,68964
82769,41019
82769,46061
82769,65271
82769,6346
82769,1836
82769,92655
82769,38505
82769,1332
82769,34524
82769,42102
82769,30719
82769,81497
82769,74600
82769,64747
82769,85293
82769,63112
82769,92236
82769,7926
82769,18674
82769,21092
82769,79278
82769,58876
82769,54974
82769,18030
82769,82093
82769,86538
82769,45216
82769,32541
82769,24070
82769,88950
82769,53881
82769,37195
82769,24234
82769,91374
82769,84024
82769,16425
82769,63042
82769,48430
82769,41743
82769,56254
82769,85606
82769,19152
82769,29982
82769,53695
82769,82814
82769,79834
82769,46428
82769,8669
82769,58660
82769,9621
82769,57173
82769,34016
82769,42819
82769,26544
82769,5943
82769,14765
82769,11733
82769,4272
82769,53770
82769,9076
82769,1349
82769,9053
82769,37840
82769,53495
82769,92622
82769,29682
82769,20149
82769,95853
82769,75375
82769,76793
82769,2997
82769,42987
82769,42923
82769,44348
82769,58159
82769,3
82769,19147
82769,99290
82769,28714
82769,37372
82769,70600
82769,13613
82769,48745
82769,4027
82769,43746
82769,94730
82769,64966
82769,61573
82769,20130
82769,94202
82769,61326
82769,36956
82769,63777
82769,48609
82769,4925
82769,21855
82769,4312
82769,18882
82769,4232
82769,78591
82769,72568
82769,17736
82769,90546
82769,67921
82769,34076
82769,10188
82769,73855
82769,56407
82769,32176
82769,27856
82769,38591
82769,20445
82769,69661
82769,49957
82769,29290
82769,39993
82769,42982
82769,62826
82769,4809
82769,92966
82769,16216
82769,92282
82769,95796
82769,37022
82769,9169
82769,52638
82769,91043
82769,7137
82769,88311
82769,17930
82769,75733
82769,46196
82769,85528
82769,5062
82769,697
82769,68532
82769,80686
82769,30776
82769,33252
82769,33470
82769,80200
82769,44128
57223,94791
57223,94649
57223,36078
57223,90113
57223,10428
57223,55515
57223,46159
57223,69427
57223,39079
57223,25310
57223,93944
57223,10520
57223,64417
57223,49983
57223,29210
57223,50015
57223,78824
57223,26165
57223,58143
57223,43461
57223,27671
57223,89332
57223,74853
57223,13875
57223,78765
57223,97475
57223,62515
57223,7926
57223,65432
57223,45216
57223,84595
57223,24353
57223,55814
57223,96507
57223,85606
57223,91314
57223,72929
57223,15096
57223,62943
57223,41473
57223,92622
57223,45841
57223,80842
57223,76793
57223,95995
57223,85542
57223,38798
57223,66626
57223,83902
57223,70600
57223,43946
57223,79067
57223,61025
57223,7025
57223,77964
57223,61573
57223,77942
57223,24497
57223,18882
57223,86833
57223,56489
57223,73855
57223,61238
57223,58681
57223,79138
57223,33450
57223,8697
57223,97567
57223,4809
57223,99757
57223,16216
57223,52703
57223,80759
57223,9169
57223,13395
57223,19794
57223,89967
57223,74888
57223,80200
57223,44128
17015,40696
17015,39885
17015,53926
17015,90965
17015,69909
17015,6420
17015,74649
17015,37711
17015,14613
17015,14340
17015,61726
17015,79650
17015,44305
17015,7612
17015,3805
17015,34874
17015,66638
17015,39824
17015,92369
17015,70392
17015,11960
17015,38335
17015,95594
17015,93944
17015,50136
17015,8287
17015,46068
17015,48196
17015,6510
17015,7959
17015,72149
17015,50426
17015,73733
17015,11153
17015,65538
17015,78428
17015,91642
17015,41435
17015,65681
17015,78373
17015,39491
17015,22648
17015,3193
17015,3617
17015,3003
17015,69711
17015,27671
17015,3228
17015,90375
17015,80519
17015,89332
17015,48721
17015,97386
17015,8862
17015,65304
17015,9915
17015,6346
17015,3086
17015,30860
17015,25460
17015,64775
17015,19897
17015,81497
17015,49679
17015,23594
17015,27522
17015,70282
17015,57494
17015,1608
17015,84059
17015,14421
17015,27199
17015,22528
17015,3924
17015,21793
17015,96691
17015,14290
17015,36838
17015,46692
17015,58876
17015,65664
17015,18030
17015,80321
17015,32541
17015,12906
17015,89459
17015,15718
17015,75920
17015,24234
17015,96472
17015,40753
17015,34808
17015,37654
17015,63663
17015,47003
17015,3793
17015,37512
17015,73295
17015,63042
17015,70511
17015,87941
17015,25316
17015,73346
17015,50883
17015,66004
17015,85606
17015,47292
17015,20079
17015,53695
17015,82814
17015,6816
17015,37212
17015,79834
17015,9031
17015,6525
17015,10042
17015,47212
17015,47881
17015,60670
17015,79870
17015,42819
17015,95408
17015,76900
17015,13968
17015,21947
17015,16012
17015,4272
17015,93735
17015,1349
17015,88953
17015,34448
17015,49068
17015,87456
17015,9053
17015,47187
17015,90219
17015,26074
17015,62293
17015,70167
17015,48302
17015,8982
17015,75375
17015,2997
17015,35999
17015,44976
17015,70254
17015,78374
17015,58159
17015,66626
17015,84083
17015,83902
17015,56359
17015,63028
17015,28714
17015,27266
17015,50519
17015,70600
17015,12237
17015,45925
17015,6090
17015,50307
17015,78665
17015,57782
17015,64966
17015,64317
17015,77942
17015,36956
17015,45770
17015,12333
17015,11038
17015,10353
17015,63777
17015,48609
17015,8628
17015,98306
17015,59844
17015,60228
17015,72270
17015,45506
17015,34076
17015,74722
17015,11238
17015,73855
17015,66713
17015,82741
17015,43081
17015,39310
17015,17185
17015,49957
17015,9835
17015,45696
17015,39993
17015,33450
17015,65163
17015,2677
17015,24072
17015,99757
17015,99473
17015,92282
17015,52703
17015,10424
17015,73409
17015,65334
17015,82704
17015,35240
17015,30692
17015,93387
17015,9320
17015,73539
17015,9169
17015,13395
17015,90650
17015,95180
17015,88311
17015,75733
17015,39496
17015,35079
17015,5062
17015,94637
17015,652
17015,74088
17015,33252
17015,33470
64342,12376
64342,1064
64342,90965
64342,94649
64342,11003
64342,12361
64342,695
64342,37605
64342,37711
64342,29759
64342,36078
64342,84178
64342,44305
64342,7612
64342,22517
64342,3805
64342,91713
64342,81015
64342,36458
64342,53548
64342,87781
64342,36875
64342,95594
64342,65268
64342,35573
64342,26312
64342,60979
64342,87765
64342,42452
64342,73445
64342,73798
64342,11153
64342,65681
64342,41190
64342,4731
64342,11125
64342,77441
64342,70782
64342,39274
64342,51710
64342,2418
64342,87239
64342,64607
64342,63014
64342,43461
64342,26030
64342,44582
64342,98684
64342,90375
64342,474
64342,72277
64342,49612
64342,9891
64342,18765
64342,71870
64342,65304
64342,42451
64342,98151
64342,46061
64342,62905
64342,92655
64342,3086
64342,42102
64342,64775
64342,85293
64342,84059
64342,51181
64342,54129
64342,99057
64342,18674
64342,79278
64342,65746
64342,19091
64342,24070
64342,81052
64342,61524
64342,25706
64342,75920
64342,84595
64342,24234
64342,96472
64342,34808
64342,16425
64342,42723
64342,48430
64342,55814
64342,61309
64342,10042
64342,15096
64342,11766
64342,13968
64342,4272
64342,65295
64342,55639
64342,15566
64342,63297
64342,62293
64342,75375
64342,71569
64342,76793
64342,28136
64342,99173
64342,30846
64342,78374
64342,44348
64342,58159
64342,58617
64342,56359
64342,63028
64342,10343
64342,70600
64342,6927
64342,79589
64342,6090
64342,94202
64342,67009
64342,19851
64342,22436
64342,1674
64342,18882
64342,85225
64342,3101
64342,3913
64342,67921
64342,49942
64342,1829
64342,56407
64342,66713
64342,58681
64342,13278
64342,79102
64342,33249
64342,88486
64342,61825
64342,97754
64342,85617
64342,30568
64342,27660
64342,12515
64342,10424
64342,13373
64342,64575
64342,9169
64342,61976
64342,53056
64342,16219
64342,51334
64342,1318
64342,1711
64342,44128
64342,97957
51386,97522
51386,70994
51386,94791
51386,11003
51386,32818
51386,28680
51386,695
51386,74649
51386,49558
51386,40029
51386,37624
51386,20082
51386,16021
51386,59135
51386,87030
51386,79650
51386,3545
51386,41448
51386,10428
51386,1503
51386,39983
51386,69427
51386,79095
51386,10520
51386,64417
51386,8287
51386,46068
51386,1795
51386,35573
51386,58424
51386,58914
51386,76017
51386,69995
51386,54857
51386,36866
51386,73445
51386,73798
51386,60211
51386,39080
51386,57289
51386,51846
51386,4731
51386,46431
51386,2418
51386,26405
51386,87239
51386,86807
51386,26030
51386,82739
51386,474
51386,72277
51386,49195
51386,16081
51386,48721
51386,71870
51386,51431
51386,70954
51386,74853
51386,31336
51386,13875
51386,34274
51386,50886
51386,19581
51386,62905
51386,92655
51386,13512
51386,93016
51386,34524
51386,81497
51386,27522
51386,13285
51386,22799
51386,57494
51386,2500
51386,88855
51386,49806
51386,14421
51386,22528
51386,14290
51386,36838
51386,99057
51386,83163
51386,91832
51386,53082
51386,65432
51386,4071
51386,40584
51386,81052
51386,87269
51386,95994
51386,53881
51386,12138
51386,4177
51386,42635
51386,3793
51386,87941
51386,62444
51386,66004
51386,55814
51386,85606
51386,19152
51386,48612
51386,79834
51386,91314
51386,18276
51386,60670
51386,15096
51386,11766
51386,72410
51386,95408
51386,26544
51386,14425
51386,65295
51386,39383
51386,55639
51386,9588
51386,81743
51386,29682
51386,99792
51386,20149
51386,90219
51386,30170
51386,18845
51386,2997
51386,35999
51386,95995
51386,85542
51386,70679
51386,58617
51386,76511
51386,84083
51386,10343
51386,7339
51386,70600
51386,6815
51386,38589
51386,85262
51386,45185
51386,43746
51386,94730
51386,57967
51386,45770
51386,19851
51386,63620
51386,6463
51386,2584
51386,75529
51386,4312
51386,18882
51386,62789
51386,3913
51386,52708
51386,10188
51386,7536
51386,1829
51386,5059
51386,66713
51386,79102
51386,33249
51386,88089
51386,29290
51386,9835
51386,45696
51386,87993
51386,33450
51386,998
51386,35093
51386,4809
51386,99757
51386,16216
51386,92282
51386,73409
51386,13395
51386,90650
51386,78277
51386,19794
51386,90307
51386,80572
51386,66677
51386,39496
51386,20515
51386,68532
51386,59530
83002,69909
83002,73918
83002,695
83002,96311
83002,43561
83002,63867
83002,49558
83002,14210
83002,98122
83002,14340
83002,8980
83002,50306
83002,3545
83002,72594
83002,34874
83002,10428
83002,49372
83002,81015
83002,46461
83002,38578
83002,36875
83002,93944
83002,10520
83002,10564
83002,58914
83002,42452
83002,24848
83002,73798
83002,39080
83002,39491
83002,77441
83002,78824
83002,7697
83002,58143
83002,43461
83002,89624
83002,66992
83002,474
83002,46099
83002,63951
83002,70954
83002,48244
83002,6
83002,13512
83002,86289
83002,21230
83002,22807
83002,91223
83002,2500
83002,1608
83002,97475
83002,3924
83002,40584
83002,12242
83002,15718
83002,75920
83002,91374
83002,68416
83002,37512
83002,59114
83002,86997
83002,82814
83002,60670
83002,95408
83002,53770
83002,93735
83002,21026
83002,87379
83002,99792
83002,45841
83002,8982
83002,99173
83002,44976
83002,58578
83002,19147
83002,79067
83002,50307
83002,48745
83002,78665
83002,45185
83002,43746
83002,28799
83002,67009
83002,68857
83002,1674
83002,4312
83002,12599
83002,78591
83002,97900
83002,29704
83002,76145
83002,90546
83002,72270
83002,49942
83002,43081
83002,17185
83002,38591
83002,88486
83002,61825
83002,85038
83002,92282
83002,86447
83002,37022
83002,53056
83002,85528
83002,10958
83002,49307
83002,33470
41364,50797
41364,84230
41364,28680
41364,88731
41364,98122
41364,90113
41364,66638
41364,51625
41364,69427
41364,10564
41364,50802
41364,49983
41364,8287
41364,60979
41364,62725
41364,92155
41364,40875
41364,78824
41364,26405
41364,86807
41364,63014
41364,39301
41364,27671
41364,72277
41364,9891
41364,89332
41364,80996
41364,7315
41364,78765
41364,49806
41364,65432
41364,18030
41364,15889
41364,75920
41364,29822
41364,63663
41364,24353
41364,96507
41364,79834
41364,82639
41364,76900
41364,41473
41364,29682
41364,62293
41364,30170
41364,95853
41364,71569
41364,95995
41364,97247
41364,83902
41364,38589
41364,77964
41364,23664
41364,61573
41364,77942
41364,98306
41364,37106
41364,73386
41364,5059
41364,73855
41364,55334
41364,37735
41364,72466
41364,41543
41364,4809
41364,52703
41364,9169
41364,91043
41364,652
41364,10958
41364,80200
41364,44128
75395,54084
75395,1064
75395,39243
75395,12999
75395,69909
75395,99322
75395,94649
75395,99710
75395,57372
75395,37711
75395,43561
75395,63867
75395,29759
75395,49558
75395,16021
75395,61726
75395,59135
75395,87030
75395,8980
75395,81332
75395,7612
75395,3805
75395,10428
75395,87810
75395,83129
75395,55515
75395,1503
75395,1272
75395,78355
75395,87781
75395,59176
75395,10520
75395,10564
75395,89592
75395,8287
75395,46068
75395,1795
75395,58424
75395,60979
75395,58914
75395,50015
75395,98463
75395,9150
75395,78428
75395,51846
75395,78373
75395,22648
75395,46431
75395,2418
75395,26405
75395,64607
75395,89624
75395,94556
75395,50055
75395,82739
75395,63866
75395,98684
75395,13148
75395,90375
75395,72277
75395,78983
75395,80519
75395,14531
75395,49612
75395,18765
75395,6262
75395,48721
75395,97386
75395,28110
75395,12812
75395,51431
75395,94560
75395,20562
75395,43875
75395,13875
75395,34274
75395,98151
75395,84441
75395,1836
75395,27254
75395,30719
75395,49679
75395,13285
75395,64747
75395,91223
75395,2500
75395,1608
75395,34924
75395,14421
75395,14290
75395,36838
75395,19487
75395,18674
75395,21092
75395,72188
75395,58876
75395,66075
75395,81052
75395,61524
75395,88950
75395,53881
75395,7021
75395,59063
75395,37654
75395,3793
75395,37512
75395,59114
75395,13122
75395,24353
75395,19152
75395,72364
75395,86997
75395,48612
75395,29982
75395,20079
75395,67349
75395,53695
75395,95970
75395,79834
75395,47881
75395,15096
75395,79870
75395,14765
75395,14425
75395,55639
75395,1349
75395,26761
75395,9588
75395,49068
75395,9053
75395,37840
75395,59817
75395,92622
75395,39501
75395,45841
75395,36296
75395,62293
75395,14299
75395,8982
75395,18845
75395,99173
75395,44976
75395,84622
75395,78995
75395,78374
75395,44348
75395,7339
75395,70600
75395,43946
75395,79589
75395,31580
75395,6090
75395,85262
75395,45185
75395,7025
75395,43746
75395,61573
75395,77841
75395,61326
75395,10692
75395,68857
75395,98306
75395,18882
75395,4232
75395,85225
75395,78591
75395,57242
75395,92503
75395,97900
75395,29704
75395,76145
75395,74499
75395,69125
75395,51097
75395,56407
75395,62851
75395,82741
75395,43081
75395,28282
75395,69661
75395,29290
75395,9835
75395,74594
75395,45696
75395,33450
75395,8697
75395,42982
75395,97754
75395,92282
75395,10424
75395,91319
75395,86447
75395,35240
75395,37022
75395,64575
75395,13395
75395,90650
75395,80572
75395,89096
75395,10059
75395,30776
75395,33252
75395,74888
75395,80200
75395,59530
75395,7197
75395,97957
83093,50797
83093,12999
83093,17253
83093,99710
83093,96311
83093,63867
83093,59121
83093,87030
83093,81332
83093,77939
83093,22517
83093,79095
83093,36875
83093,59176
83093,10520
83093,64417
83093,8013
83093,50136
83093,10563
83093,5957
83093,8287
83093,87765
83093,69995
83093,22340
83093,51451
83093,46431
83093,88776
83093,70782
83093,7697
83093,44043
83093,66992
83093,26030
83093,63866
83093,72277
83093,78983
83093,9891
83093,29884
83093,5949
83093,42451
83093,1862
83093,43875
83093,48244
83093,30719
83093,23525
83093,1608
83093,97475
83093,84059
83093,14421
83093,22528
83093,80999
83093,33181
83093,4071
83093,18030
83093,19091
83093,31024
83093,40584
83093,12242
83093,15889
83093,28495
83093,4177
83093,84024
83093,34808
83093,37512
83093,63042
83093,59114
83093,50883
83093,98521
83093,84822
83093,72364
83093,53695
83093,95970
83093,61309
83093,6525
83093,91314
83093,42819
83093,62943
83093,13968
83093,4272
83093,93735
83093,21026
83093,73704
83093,14240
83093,92622
83093,39501
83093,84280
83093,45841
83093,14299
83093,6594
83093,35999
83093,58578
83093,70254
83093,95995
83093,78995
83093,85542
83093,66626
83093,56359
83093,7339
83093,6927
83093,6815
83093,79067
83093,6090
83093,44949
83093,78665
83093,36956
83093,67747
83093,4925
83093,21855
83093,78177
83093,37787
83093,4232
83093,3101
83093,97900
83093,90546
83093,67921
83093,72270
83093,49942
83093,45506
83093,56489
83093,7536
83093,74722
83093,13278
83093,74176
83093,28112
83093,17185
83093,88089
83093,29290
83093,9835
83093,79138
83093,33450
83093,42982
83093,998
83093,4809
83093,30568
83093,96211
83093,16291
83093,27660
83093,95796
83093,30692
83093,73873
83093,42374
83093,10059
83093,30776
83093,33470
72801,90482
72801,41477
72801,39243
72801,50797
72801,99322
72801,73918
72801,17253
72801,57372
72801,695
72801,29838
72801,43561
72801,65887
72801,15989
72801,14613
72801,36078
72801,84178
72801,14340
72801,8980
72801,43092
72801,95607
72801,77939
72801,22517
72801,72594
72801,34874
72801,10428
72801,55515
72801,49372
72801,70392
72801,82241
72801,53548
72801,38578
72801,11960
72801,79095
72801,36875
72801,93944
72801,50802
72801,64417
72801,8013
72801,74059
72801,76581
72801,5957
72801,72149
72801,60388
72801,82315
72801,36866
72801,73445
72801,73733
72801,60211
72801,51055
72801,77441
72801,78824
72801,10079
72801,23385
72801,51678
72801,64607
72801,47172
72801,63014
72801,44043
72801,89624
72801,94556
72801,83365
72801,8309
72801,50055
72801,69711
72801,44582
72801,97893
72801,39301
72801,29628
72801,78983
72801,17936
72801,49612
72801,18765
72801,30614
72801,6262
72801,71870
72801,34053
72801,63951
72801,54361
72801,94560
72801,20562
72801,66326
72801,66501
72801,98151
72801,50886
72801,46061
72801,62905
72801,65271
72801,1836
72801,93016
72801,34524
72801,27254
72801,19897
72801,21230
72801,81497
72801,49679
72801,64747
72801,22807
72801,85293
72801,57494
72801,62153
72801,65472
72801,97475
72801,34924
72801,14421
72801,22528
72801,28928
72801,51181
72801,19487
72801,92236
72801,91832
72801,43003
72801,51810
72801,34523
72801,29358
72801,80321
72801,86538
72801,22110
72801,15889
72801,4177
72801,47003
72801,3793
72801,73295
72801,63042
72801,73346
72801,41743
72801,50883
72801,81927
72801,39809
72801,48612
72801,69465
72801,53695
72801,82814
72801,61309
72801,8669
72801,58660
72801,91314
72801,10042
72801,47881
72801,9621
72801,60670
72801,15096
72801,34016
72801,95408
72801,26544
72801,5943
72801,62943
72801,4272
72801,55319
72801,14425
72801,47820
72801,26761
72801,88953
72801,72659
72801,73704
72801,53495
72801,39501
72801,84280
72801,47884
72801,80842
72801,63297
72801,48302
72801,8982
72801,75375
72801,28136
72801,35999
72801,26638
72801,42987
72801,30846
72801,38211
72801,30481
72801,58159
72801,76511
72801,83902
72801,56359
72801,63028
72801,99290
72801,10343
72801,27266
72801,7339
72801,50519
72801,70600
72801,6927
72801,57837
72801,31580
72801,50307
72801,48745
72801,61025
72801,78665
72801,51956
72801,28799
72801,59783
72801,20130
72801,62224
72801,61326
72801,22436
72801,67747
72801,63777
72801,63620
72801,4925
72801,1674
72801,76147
72801,37787
72801,37106
72801,93507
72801,17736
72801,16758
72801,34076
72801,7536
72801,60549
72801,74722
72801,18841
72801,51097
72801,5059
72801,56407
72801,66713
72801,62851
72801,55334
72801,82741
72801,74176
72801,9835
72801,45696
72801,87993
72801,998
72801,97567
72801,90034
72801,2677
72801,10424
72801,73409
72801,86447
72801,89249
72801,9320
72801,42374
72801,52638
72801,53056
72801,90307
72801,80572
72801,95180
72801,88311
72801,89096
72801,35079
72801,20515
72801,51334
72801,94637
72801,74088
72801,52110
72801,44128
72801,97957
53343,94649
53343,94916
53343,61726
53343,81332
53343,43092
53343,92369
53343,46159
53343,78355
53343,8287
53343,47260
53343,60979
53343,24848
53343,73733
53343,3617
53343,44043
53343,13914
53343,98684
53343,2820
53343,71870
53343,1862
53343,92866
53343,43175
53343,62153
53343,16722
53343,27199
53343,46692
53343,65746
53343,82093
53343,61524
53343,48898
53343,4177
53343,24234
53343,48430
53343,8669
53343,10042
53343,82847
53343,57173
53343,53770
53343,41473
53343,29682
53343,6594
53343,69725
53343,70600
53343,57782
53343,7025
53343,59783
53343,61326
53343,10353
53343,96932
53343,21855
53343,4312
53343,78591
53343,37106
53343,55184
53343,40938
53343,29290
53343,79138
53343,21831
53343,998
53343,52703
53343,12515
53343,52638
53343,13395
53343,47458
53343,20515
53343,52110
53343,33470
53343,7197
50496,70994
50496,53926
50496,17253
50496,12361
50496,63867
50496,2126
50496,14210
50496,84178
50496,8980
50496,81332
50496,95607
50496,41448
50496,39824
50496,51625
50496,46159
50496,46461
50496,79095
50496,20460
50496,8013
50496,60979
50496,58914
50496,59292
50496,42452
50496,36866
50496,91642
50496,30083
50496,4731
50496,11125
50496,62704
50496,58143
50496,43461
50496,89624
50496,66992
50496,3003
50496,97893
50496,63866
50496,78983
50496,9891
50496,18765
50496,48721
50496,97386
50496,5949
50496,80996
50496,20562
50496,13875
50496,85851
50496,30719
50496,23594
50496,92866
50496,24548
50496,22807
50496,43175
50496,26935
50496,21793
50496,14290
50496,54129
50496,36854
50496,79278
50496,53082
50496,65746
50496,54974
50496,5199
50496,34523
50496,32541
50496,95994
50496,113
50496,84024
50496,42723
50496,73295
50496,63042
50496,56254
50496,50883
50496,13705
50496,91314
50496,82847
50496,47881
50496,36851
50496,13968
50496,11733
50496,65295
50496,53495
50496,14240
50496,92622
50496,39501
50496,90219
50496,93464
50496,6594
50496,58617
50496,7339
50496,48745
50496,7025
50496,36956
50496,67747
50496,63620
50496,4232
50496,85225
50496,72568
50496,8536
50496,82993
50496,49942
50496,7536
50496,58681
50496,17185
50496,38591
50496,20445
50496,84098
50496,45696
50496,42982
50496,99454
50496,73873
50496,90307
50496,51334
50496,85528
50496,697
50496,10958
50496,1711
50496,44128
10231,1064
10231,53926
10231,90965
10231,69909
10231,99710
10231,79668
10231,53643
10231,43561
10231,65887
10231,94916
10231,14340
10231,61726
10231,87030
10231,43092
10231,64416
10231,22517
10231,3805
10231,34874
10231,91713
10231,92369
10231,36458
10231,70392
10231,39983
10231,69427
10231,11960
10231,87781
10231,95594
10231,59176
10231,10564
10231,50802
10231,24302
10231,74059
10231,65268
10231,68556
10231,46068
10231,58424
10231,60979
10231,29210
10231,76017
10231,60388
10231,50015
10231,98463
10231,54857
10231,36866
10231,22340
10231,11153
10231,39080
10231,91642
10231,41435
10231,65681
10231,51451
10231,4731
10231,39274
10231,3193
10231,40875
10231,26405
10231,23385
10231,89624
10231,97872
10231,51855
10231,90375
10231,474
10231,72277
10231,48721
10231,47066
10231,46099
10231,8862
10231,63951
10231,54361
10231,71346
10231,68964
10231,20562
10231,39863
10231,13875
10231,63871
10231,50886
10231,46061
10231,65271
10231,13512
10231,3086
10231,1332
10231,78765
10231,70282
10231,24548
10231,78229
10231,91223
10231,43175
10231,1608
10231,34924
10231,14421
10231,22528
10231,21793
10231,28928
10231,80887
10231,18674
10231,21092
10231,65432
10231,65746
10231,54974
10231,65664
10231,51810
10231,19091
10231,71128
10231,12242
10231,15889
10231,88161
10231,88950
10231,53881
10231,48391
10231,15718
10231,4177
10231,91374
10231,44313
10231,16425
10231,3793
10231,94691
10231,48430
10231,56254
10231,50883
10231,96507
10231,47292
10231,19152
10231,18276
10231,47881
10231,60670
10231,34016
10231,76900
10231,21947
10231,14765
10231,75444
10231,11733
10231,39351
10231,34448
10231,55587
10231,72659
10231,47187
10231,37840
10231,81743
10231,92622
10231,45841
10231,20149
10231,47884
10231,95338
10231,75375
10231,76793
10231,18845
10231,74988
10231,12104
10231,8796
10231,38211
10231,30481
10231,36422
10231,56359
10231,64039
10231,43946
10231,38589
10231,31580
10231,6090
10231,13613
10231,17354
10231,78665
10231,90275
10231,61573
10231,57967
10231,94202
10231,11038
10231,68857
10231,48609
10231,4925
10231,21855
10231,98306
10231,18882
10231,37106
10231,73386
10231,72568
10231,60228
10231,97900
10231,72598
10231,29704
10231,82993
10231,34076
10231,52708
10231,74176
10231,79102
10231,43081
10231,18218
10231,39058
10231,40557
10231,84098
10231,29290
10231,45696
10231,88486
10231,65163
10231,90034
10231,85617
10231,2677
10231,72466
10231,30568
10231,16291
10231,16216
10231,27660
10231,52703
10231,18064
10231,99454
10231,82704
10231,63531
10231,53352
10231,30692
10231,73539
10231,80759
10231,61976
10231,16219
10231,80572
10231,90085
10231,88311
10231,47458
10231,89096
10231,10059
10231,39496
10231,51334
10231,68532
10231,652
10231,49307
10231,44128
10231,7197
13899,54084
13899,1064
13899,39243
13899,2885
13899,46602
13899,70994
13899,94791
13899,69909
13899,94649
13899,12361
13899,79668
13899,53643
13899,57372
13899,37605
13899,43561
13899,63867
13899,29759
13899,88731
13899,40029
13899,2126
13899,43735
13899,14210
13899,73945
13899,98122
13899,94916
13899,61726
13899,50306
13899,81332
13899,44305
13899,77939
13899,10428
13899,1272
13899,92369
13899,70434
13899,81015
13899,39983
13899,11960
13899,79095
13899,20460
13899,24302
13899,50136
13899,49983
13899,10563
13899,46068
13899,58914
13899,88384
13899,50426
13899,98463
13899,9150
13899,65538
13899,39080
13899,65681
13899,51451
13899,11125
13899,2418
13899,10079
13899,87239
13899,23385
13899,7697
13899,64607
13899,43461
13899,89624
13899,26030
13899,97872
13899,44582
13899,97893
13899,39301
13899,27671
13899,3228
13899,474
13899,78983
13899,49612
13899,49195
13899,9891
13899,18765
13899,6262
13899,89332
13899,8862
13899,12812
13899,51431
13899,54361
13899,20562
13899,63871
13899,45177
13899,98151
13899,65271
13899,13512
13899,92548
13899,82969
13899,96678
13899,81497
13899,90997
13899,22807
13899,57494
13899,43175
13899,2500
13899,62153
13899,27199
13899,51181
13899,7926
13899,4071
13899,65746
13899,27455
13899,29358
13899,36891
13899,45216
13899,89459
13899,15889
13899,95994
13899,48391
13899,7021
13899,59054
13899,42723
13899,49424
13899,94691
13899,59114
13899,62444
13899,73346
13899,41743
13899,81927
13899,19152
13899,84822
13899,72364
13899,86997
13899,67349
13899,53695
13899,6816
13899,58951
13899,46428
13899,64757
13899,96149
13899,18276
13899,15096
13899,52905
13899,79870
13899,82639
13899,21036
13899,42819
13899,62943
13899,36851
13899,13968
13899,21947
13899,16012
13899,11775
13899,47820
13899,93735
13899,88953
13899,15566
13899,9053
13899,73704
13899,28935
13899,81743
13899,47884
13899,95853
13899,6594
13899,18845
13899,2997
13899,74988
13899,70254
13899,26638
13899,84622
13899,78995
13899,95265
13899,97247
13899,38798
13899,56747
13899,58159
13899,36422
13899,83902
13899,10343
13899,27266
13899,50519
13899,9239
13899,29040
13899,70600
13899,6927
13899,45925
13899,6815
13899,79589
13899,38589
13899,31580
13899,48745
13899,7025
13899,51956
13899,90275
13899,29811
13899,59783
13899,71663
13899,94202
13899,12407
13899,77942
13899,61326
13899,45770
13899,44244
13899,6463
13899,76147
13899,75529
13899,37787
13899,59844
13899,4232
13899,86833
13899,72598
13899,76145
13899,3913
13899,72270
13899,34076
13899,52708
13899,69125
13899,18841
13899,5059
13899,18445
13899,82741
13899,39310
13899,18218
13899,20762
13899,69661
13899,48933
13899,88089
13899,39993
13899,42982
13899,88486
13899,61825
13899,998
13899,85617
13899,35093
13899,41543
13899,4809
13899,99473
13899,16291
13899,27660
13899,12515
13899,65334
13899,86447
13899,53352
13899,30692
13899,9320
13899,80759
13899,52638
13899,7137
13899,90650
13899,16219
13899,89642
13899,65114
13899,89096
13899,89967
13899,51334
13899,5062
13899,25417
13899,52110
13899,1711
13899,44128
13899,7197
12467,41477
12467,53926
12467,69909
12467,53643
12467,57372
12467,15989
12467,91845
12467,29759
12467,22551
12467,90113
12467,50306
12467,3805
12467,55515
12467,51625
12467,46159
12467,95763
12467,93944
12467,49983
12467,1795
12467,47260
12467,58914
12467,87765
12467,50015
12467,54857
12467,82315
12467,73798
12467,60211
12467,78428
12467,51846
12467,39491
12467,28105
12467,70782
12467,40875
12467,10079
12467,23385
12467,64607
12467,13914
12467,28429
12467,80519
12467,16081
12467,29884
12467,89332
12467,48721
12467,12812
12467,51431
12467,71346
12467,66326
12467,74853
12467,63871
12467,45177
12467,46061
12467,62905
12467,38505
12467,1332
12467,27254
12467,30719
12467,96678
12467,88855
12467,49806
12467,97475
12467,46692
12467,92236
12467,62515
12467,99162
12467,43003
12467,53082
12467,72188
12467,31024
12467,87269
12467,15718
12467,44313
12467,34808
12467,63663
12467,49424
12467,68416
12467,87941
12467,48430
12467,55814
12467,19152
12467,29982
12467,46828
12467,67349
12467,6525
12467,68658
12467,54466
12467,9621
12467,57173
12467,60670
12467,34016
12467,26544
12467,47820
12467,88953
12467,55587
12467,47187
12467,59817
12467,92622
12467,99792
12467,20149
12467,36296
12467,30170
12467,95338
12467,48302
12467,44976
12467,95265
12467,78374
12467,12104
12467,56747
12467,70679
12467,84083
12467,56359
12467,18165
12467,29040
12467,7025
12467,61573
12467,29811
12467,20130
12467,61326
12467,36956
12467,44244
12467,6463
12467,78177
12467,75529
12467,18882
12467,4232
12467,86833
12467,72598
12467,40938
12467,67921
12467,34076
12467,10188
12467,11238
12467,73855
12467,6374
12467,84135
12467,27856
12467,39310
12467,28112
12467,74594
12467,79138
12467,33450
12467,65163
12467,65334
12467,86447
12467,89249
12467,80759
12467,64575
12467,61976
12467,13395
12467,66677
12467,90808
12467,80686
12467,652
12467,25417
12467,80200
12467,59530
12467,97957
91933,41477
91933,50797
91933,69909
91933,91845
91933,63867
91933,49558
91933,59121
91933,22551
91933,94916
91933,44305
91933,7612
91933,3805
91933,92369
91933,36458
91933,46159
91933,78355
91933,79095
91933,38335
91933,10520
91933,10564
91933,46068
91933,1795
91933,29210
91933,88384
91933,59292
91933,42452
91933,73445
91933,58245
91933,78428
91933,78373
91933,11125
91933,88776
91933,40875
91933,23385
91933,7697
91933,58143
91933,63014
91933,39301
91933,62707
91933,7685
91933,29628
91933,72277
91933,14531
91933,36215
91933,89332
91933,48721
91933,47066
91933,54361
91933,7315
91933,50886
91933,85851
91933,6346
91933,92655
91933,3086
91933,34524
91933,49679
91933,27522
91933,70282
91933,24548
91933,14421
91933,27199
91933,28928
91933,99162
91933,53082
91933,65664
91933,51810
91933,66075
91933,36891
91933,31024
91933,45216
91933,53881
91933,48391
91933,48898
91933,7021
91933,24234
91933,91374
91933,34808
91933,63663
91933,47003
91933,87941
91933,41743
91933,24353
91933,13705
91933,46828
91933,58660
91933,54466
91933,47881
91933,79870
91933,11766
91933,62943
91933,21947
91933,11733
91933,14425
91933,9588
91933,73704
91933,59817
91933,29682
91933,62293
91933,30170
91933,6594
91933,3588
91933,78995
91933,97247
91933,85542
91933,58159
91933,70600
91933,6815
91933,79067
91933,50307
91933,78665
91933,94730
91933,61573
91933,57967
91933,77942
91933,6463
91933,37787
91933,85225
91933,92503
91933,60228
91933,8536
91933,72598
91933,90546
91933,45506
91933,77844
91933,56489
91933,18841
91933,84135
91933,58681
91933,33249
91933,28112
91933,69661
91933,61825
91933,62826
91933,85617
91933,35093
91933,84551
91933,24072
91933,99473
91933,12515
91933,95796
91933,89249
91933,53352
91933,13395
91933,75733
91933,10059
91933,89967
91933,10958
91933,74088
91933,33470
91933,44128
27485,2885
27485,90965
27485,25155
27485,37711
27485,88731
27485,40029
27485,59121
27485,91713
27485,92369
27485,79095
27485,95594
27485,24302
27485,89592
27485,22048
27485,48196
27485,58245
27485,65681
27485,58143
27485,89624
27485,97872
27485,69711
27485,76214
27485,78983
27485,80519
27485,14531
27485,36215
27485,47722
27485,63951
27485,54361
27485,39863
27485,9915
27485,19581
27485,48244
27485,86289
27485,49679
27485,78229
27485,64747
27485,62153
27485,83163
27485,65432
27485,4071
27485,36891
27485,86538
27485,32541
27485,24070
27485,94363
27485,4177
27485,84595
27485,96472
27485,40753
27485,37654
27485,68416
27485,37512
27485,73295
27485,25316
27485,41743
27485,81927
27485,37212
27485,89757
27485,64757
27485,47881
27485,60670
27485,26544
27485,5943
27485,65295
27485,1349
27485,37840
27485,81743
27485,39501
27485,26618
27485,62293
27485,8982
27485,76327
27485,69725
27485,70679
27485,58617
27485,37372
27485,29040
27485,12237
27485,82703
27485,36956
27485,67747
27485,1674
27485,8628
27485,2584
27485,8536
27485,69125
27485,60549
27485,33249
27485,39310
27485,28112
27485,20445
27485,69661
27485,29290
27485,88486
27485,31910
27485,90034
27485,41543
27485,4809
27485,85038
27485,99757
27485,92966
27485,92282
27485,12515
27485,10424
27485,65334
27485,86447
27485,89249
27485,73539
27485,9169
27485,7137
27485,88311
27485,51334
27485,46196
27485,85528
27485,10958
27485,33252
27485,74888
27485,1711
27485,44128
77345,12376
77345,1064
77345,94791
77345,99322
77345,12361
77345,25155
77345,96311
77345,37711
77345,91845
77345,14210
77345,16021
77345,87030
77345,43092
77345,44305
77345,3545
77345,7612
77345,64416
77345,3805
77345,66638
77345,83129
77345,1503
77345,1272
77345,30965
77345,70434
77345,36458
77345,46159
77345,39983
77345,53548
77345,78355
77345,79095
77345,10564
77345,74059
77345,10563
77345,8287
77345,46068
77345,35573
77345,60979
77345,59292
77345,76017
77345,42452
77345,98463
77345,54857
77345,73445
77345,24848
77345,22340
77345,73733
77345,11153
77345,57289
77345,41190
77345,39491
77345,28105
77345,77441
77345,3193
77345,78824
77345,29923
77345,13748
77345,23385
77345,64607
77345,58143
77345,50055
77345,51855
77345,44672
77345,13148
77345,29628
77345,28429
77345,90375
77345,14531
77345,30614
77345,16081
77345,29884
77345,47066
77345,5949
77345,92882
77345,51431
77345,71346
77345,66326
77345,66501
77345,13875
77345,98151
77345,46061
77345,1836
77345,82969
77345,3086
77345,27254
77345,64775
77345,86289
77345,19897
77345,17740
77345,49679
77345,27522
77345,24548
77345,85293
77345,16722
77345,84059
77345,21793
77345,96691
77345,14290
77345,75147
77345,99162
77345,21092
77345,19451
77345,80999
77345,33181
77345,53082
77345,65432
77345,29358
77345,98615
77345,12242
77345,15889
77345,61524
77345,88161
77345,94363
77345,113
77345,53881
77345,48391
77345,24234
77345,96472
77345,44313
77345,84024
77345,49424
77345,73346
77345,81927
77345,55814
77345,19152
77345,20079
77345,46828
77345,61309
77345,46428
77345,8669
77345,57173
77345,15096
77345,11766
77345,95408
77345,26544
77345,62943
77345,13968
77345,75444
77345,4272
77345,11775
77345,39383
77345,9076
77345,88953
77345,47187
77345,73704
77345,37840
77345,59113
77345,29682
77345,84280
77345,45841
77345,36296
77345,80842
77345,70167
77345,95338
77345,48302
77345,28136
77345,44976
77345,95995
77345,78995
77345,21334
77345,78374
77345,44348
77345,84083
77345,19147
77345,28714
77345,27266
77345,37372
77345,9239
77345,43946
77345,79589
77345,48745
77345,4027
77345,28799
77345,29811
77345,61326
77345,67009
77345,12333
77345,19851
77345,6463
77345,2584
77345,4312
77345,18882
77345,85225
77345,72568
77345,8536
77345,17736
77345,7536
77345,74722
77345,1829
77345,55334
77345,84135
77345,32176
77345,74176
77345,17185
77345,88089
77345,74594
77345,79138
77345,8697
77345,42982
77345,2677
77345,35093
77345,84551
77345,99757
77345,30568
77345,16216
77345,18064
77345,35240
77345,9169
77345,52638
77345,90307
77345,16219
77345,80572
77345,90085
77345,95180
77345,66677
77345,89096
77345,10059
77345,39496
77345,20515
77345,51334
77345,80686
77345,10958
12005,12376
12005,46602
12005,90965
12005,94649
12005,96311
12005,29759
12005,14340
12005,72594
12005,30965
12005,92369
12005,81015
12005,24302
12005,76581
12005,8287
12005,1795
12005,60979
12005,36866
12005,24848
12005,73733
12005,11153
12005,51710
12005,62803
12005,3228
12005,29628
12005,90375
12005,9915
12005,46061
12005,30719
12005,64775
12005,96678
12005,81497
12005,64747
12005,65472
12005,80887
12005,65746
12005,98615
12005,22110
12005,61524
12005,53881
12005,4177
12005,40753
12005,37654
12005,9031
12005,82847
12005,47212
12005,95408
12005,5943
12005,39383
12005,47820
12005,37840
12005,6594
12005,74988
12005,97247
12005,58159
12005,77841
12005,77942
12005,48609
12005,4312
12005,78591
12005,72568
12005,3913
12005,61238
12005,62851
12005,88486
12005,13373
12005,95180
12005,697
12005,10958
72940,84844
72940,41477
72940,39243
72940,50797
72940,53926
72940,84230
72940,99322
72940,94649
72940,17253
72940,6420
72940,37711
72940,14210
72940,84178
72940,98122
72940,59121
72940,22551
72940,77939
72940,7612
72940,72594
72940,30965
72940,49372
72940,38578
72940,10520
72940,10564
72940,64417
72940,8013
72940,74059
72940,46068
72940,60979
72940,29210
72940,88384
72940,36162
72940,73798
72940,41190
72940,40875
72940,78824
72940,64607
72940,13914
72940,2820
72940,13148
72940,3228
72940,72277
72940,30614
72940,5949
72940,34053
72940,70954
72940,30205
72940,9915
72940,43875
72940,98151
72940,46061
72940,65271
72940,6346
72940,1836
72940,93016
72940,42102
72940,25460
72940,19897
72940,21230
72940,90997
72940,78229
72940,85293
72940,43175
72940,88855
72940,14290
72940,83163
72940,21092
72940,91832
72940,43003
72940,53082
72940,66075
72940,80321
72940,24070
72940,71128
72940,87269
72940,88161
72940,28495
72940,113
72940,48391
72940,59063
72940,91374
72940,42635
72940,3793
72940,59114
72940,87941
72940,41743
72940,98521
72940,26261
72940,59338
72940,86997
72940,46828
72940,53695
72940,58951
72940,64757
72940,91314
72940,10042
72940,34016
72940,21036
72940,95408
72940,26544
72940,62943
72940,55639
72940,9588
72940,28935
72940,99792
72940,90219
72940,47884
72940,63297
72940,93464
72940,6594
72940,8982
72940,76793
72940,15956
72940,99173
72940,58578
72940,95995
72940,78995
72940,38211
72940,58617
72940,99290
72940,9239
72940,12237
72940,31580
72940,48745
72940,85262
72940,43746
72940,48790
72940,28799
72940,77841
72940,61326
72940,68857
72940,48609
72940,1674
72940,37787
72940,4312
72940,18882
72940,4232
72940,62789
72940,8536
72940,90546
72940,45506
72940,69125
72940,74722
72940,1829
72940,66713
72940,55334
72940,74594
72940,39993
72940,42982
72940,88486
72940,41543
72940,92282
72940,10424
72940,65334
72940,86447
72940,63531
72940,37022
72940,73539
72940,9169
72940,52638
72940,16219
72940,88311
72940,75733
72940,89096
72940,90808
72940,1318
72940,5062
72940,74088
72940,7197
26856,84844
26856,40696
26856,97522
26856,39243
26856,2885
26856,70994
26856,94649
26856,36078
26856,43735
26856,14210
26856,84178
26856,59135
26856,44305
26856,3545
26856,3805
26856,66638
26856,83129
26856,1272
26856,39079
26856,78355
26856,36875
26856,95763
26856,95594
26856,64417
26856,10563
26856,1795
26856,47260
26856,29210
26856,72149
26856,69995
26856,82315
26856,60211
26856,91642
26856,30083
26856,11125
26856,26165
26856,3617
26856,2418
26856,13914
26856,27671
26856,90375
26856,72277
26856,67649
26856,6262
26856,71870
26856,65304
26856,66326
26856,13875
26856,41019
26856,7315
26856,50886
26856,62905
26856,85851
26856,1836
26856,92655
26856,93016
26856,30719
26856,86289
26856,19897
26856,96678
26856,17740
26856,49679
26856,23594
26856,27522
26856,13285
26856,57494
26856,43175
26856,23525
26856,49806
26856,48489
26856,22528
26856,21793
26856,83163
26856,62515
26856,99162
26856,43003
26856,65432
26856,54974
26856,19091
26856,45216
26856,32541
26856,98615
26856,87269
26856,12906
26856,12242
26856,7021
26856,75920
26856,84595
26856,59054
26856,40753
26856,44313
26856,97287
26856,34808
26856,73295
26856,63042
26856,59114
26856,48430
26856,13122
26856,26261
26856,55814
26856,47292
26856,84822
26856,53695
26856,58951
26856,79834
26856,72929
26856,95408
26856,26544
26856,62943
26856,21947
26856,14765
26856,11733
26856,14425
26856,39383
26856,9588
26856,9053
26856,47187
26856,73704
26856,41473
26856,59817
26856,93464
26856,76793
26856,28136
26856,15956
26856,35999
26856,44976
26856,70254
26856,21334
26856,85542
26856,8796
26856,10513
26856,84083
26856,99290
26856,28714
26856,6927
26856,6815
26856,6090
26856,50307
26856,78665
26856,51956
26856,77942
26856,10692
26856,67747
26856,4925
26856,37787
26856,78591
26856,72598
26856,52708
26856,18841
26856,5059
26856,73855
26856,62851
26856,18445
26856,92100
26856,38591
26856,88089
26856,61825
26856,2677
26856,37735
26856,16216
26856,12515
26856,18064
26856,99454
26856,80759
26856,64575
26856,91043
26856,10059
26856,51334
26856,85528
26856,94637
26856,33252
26856,74888
26856,21236
26856,1711
26856,59530
68837,54084
68837,39243
68837,69909
68837,11003
68837,32818
68837,28680
68837,25155
68837,74649
68837,15989
68837,14613
68837,88731
68837,40029
68837,2126
68837,73945
68837,14340
68837,90113
68837,16021
68837,87030
68837,50306
68837,43092
68837,7612
68837,64416
68837,22517
68837,72594
68837,41448
68837,64451
68837,66638
68837,39824
68837,81015
68837,46461
68837,39983
68837,38578
68837,39079
68837,78355
68837,20460
68837,36875
68837,59176
68837,93944
68837,8013
68837,50136
68837,74059
68837,43652
68837,1795
68837,26312
68837,47260
68837,7959
68837,58914
68837,59292
68837,69995
68837,54857
68837,36866
68837,73445
68837,73798
68837,60211
68837,9150
68837,78428
68837,51846
68837,30083
68837,51451
68837,4731
68837,60090
68837,78824
68837,26165
68837,51678
68837,7697
68837,89624
68837,83365
68837,44582
68837,97893
68837,63866
68837,2820
68837,30883
68837,13148
68837,72277
68837,17936
68837,30614
68837,29884
68837,46099
68837,5949
68837,12812
68837,92882
68837,51431
68837,84786
68837,42451
68837,74853
68837,63871
68837,50886
68837,38505
68837,97323
68837,34524
68837,42102
68837,25460
68837,17740
68837,27522
68837,24548
68837,91223
68837,26935
68837,65472
68837,97475
68837,16722
68837,14421
68837,27199
68837,96691
68837,36838
68837,99057
68837,18674
68837,21092
68837,43003
68837,58876
68837,27455
68837,65664
68837,5199
68837,45216
68837,32541
68837,87269
68837,12906
68837,89459
68837,25706
68837,94363
68837,113
68837,48391
68837,29822
68837,44313
68837,47003
68837,49424
68837,37512
68837,63042
68837,59114
68837,13122
68837,56254
68837,50883
68837,24353
68837,48756
68837,96507
68837,13705
68837,39809
68837,47292
68837,59338
68837,19152
68837,95970
68837,46428
68837,89757
68837,8669
68837,6525
68837,10042
68837,18276
68837,57173
68837,72929
68837,72410
68837,26544
68837,62943
68837,21947
68837,11733
68837,19028
68837,4272
68837,55319
68837,55639
68837,21026
68837,26761
68837,88953
68837,87379
68837,73704
68837,28935
68837,14240
68837,29682
68837,78675
68837,45841
68837,26074
68837,62293
68837,70167
68837,30170
68837,75375
68837,28136
68837,18845
68837,44976
68837,84622
68837,42923
68837,62837
68837,10513
68837,84083
68837,63028
68837,37372
68837,12237
68837,79589
68837,13613
68837,85262
68837,4027
68837,57782
68837,51956
68837,48790
68837,94730
68837,61573
68837,57967
68837,24497
68837,45770
68837,11038
68837,68857
68837,1674
68837,76147
68837,8628
68837,78177
68837,75529
68837,78591
68837,3101
68837,37106
68837,92503
68837,3913
68837,49233
68837,74499
68837,49942
68837,34076
68837,56489
68837,7536
68837,60549
68837,74722
68837,1829
68837,6374
68837,62851
68837,57589
68837,79102
68837,40557
68837,69661
68837,998
68837,31910
68837,37735
68837,84551
68837,24072
68837,41543
68837,96211
68837,16216
68837,27660
68837,10424
68837,86447
68837,99454
68837,35240
68837,30692
68837,93387
68837,9169
68837,91043
68837,90650
68837,19794
68837,16219
68837,66677
68837,39496
68837,20515
68837,51334
68837,30776
68837,21236
68837,52110
68837,1711
68746,12376
68746,54084
68746,2885
68746,46602
68746,70994
68746,53926
68746,84230
68746,73918
68746,94649
68746,63867
68746,29759
68746,14613
68746,22551
68746,14340
68746,61726
68746,79650
68746,81332
68746,43092
68746,7612
68746,1272
68746,91713
68746,36458
68746,51625
68746,69427
68746,36875
68746,50802
68746,76581
68746,38932
68746,48196
68746,58424
68746,47260
68746,29210
68746,58914
68746,72149
68746,59292
68746,42452
68746,54857
68746,82315
68746,11153
68746,57289
68746,78428
68746,51846
68746,40875
68746,29923
68746,3617
68746,68169
68746,10079
68746,63014
68746,66992
68746,8309
68746,69711
68746,39301
68746,13914
68746,67649
68746,14531
68746,30614
68746,6262
68746,36215
68746,29884
68746,46099
68746,12812
68746,63951
68746,84786
68746,39863
68746,42451
68746,66326
68746,1862
68746,66501
68746,31336
68746,63871
68746,34274
68746,62905
68746,85851
68746,65271
68746,92655
68746,6
68746,97323
68746,82969
68746,93016
68746,27254
68746,30860
68746,64775
68746,17740
68746,74600
68746,13285
68746,23525
68746,34924
68746,82707
68746,16722
68746,14421
68746,27199
68746,22528
68746,99057
68746,83163
68746,79278
68746,19451
68746,53082
68746,4071
68746,5199
68746,82093
68746,32541
68746,89459
68746,95994
68746,53881
68746,84595
68746,29822
68746,97287
68746,42723
68746,68416
68746,70511
68746,87941
68746,13122
68746,66004
68746,85606
68746,74421
68746,72364
68746,9031
68746,89757
68746,68658
68746,54466
68746,9621
68746,52905
68746,95408
68746,36851
68746,13968
68746,65295
68746,86161
68746,9053
68746,73704
68746,28935
68746,81743
68746,41473
68746,45841
68746,90219
68746,47884
68746,95338
68746,95853
68746,14299
68746,71569
68746,44976
68746,87505
68746,70254
68746,26638
68746,6856
68746,42923
68746,12104
68746,56747
68746,76511
68746,56359
68746,18165
68746,9239
68746,29040
68746,82703
68746,79589
68746,50307
68746,13613
68746,59783
68746,61326
68746,11038
68746,96932
68746,8628
68746,78177
68746,2584
68746,4312
68746,98306
68746,78591
68746,17736
68746,29704
68746,82993
68746,67921
68746,49942
68746,52708
68746,60549
68746,11238
68746,51097
68746,56407
68746,61238
68746,66713
68746,33249
68746,27856
68746,39310
68746,28112
68746,39058
68746,88089
68746,9835
68746,998
68746,31910
68746,90034
68746,24072
68746,85038
68746,27660
68746,91319
68746,86447
68746,13373
68746,53352
68746,93387
68746,39496
68746,35079
68746,85528
68746,30776
68746,80200
68746,7197
68746,97957
81105,17253
81105,63867
81105,14210
81105,14340
81105,64416
81105,22517
81105,1272
81105,70434
81105,39079
81105,93944
81105,64417
81105,62725
81105,36162
81105,58245
81105,57289
81105,30083
81105,46431
81105,40875
81105,14531
81105,13875
81105,92655
81105,6
81105,22807
81105,26935
81105,97475
81105,54129
81105,53082
81105,54974
81105,5199
81105,82093
81105,40584
81105,15889
81105,95994
81105,4177
81105,37654
81105,59338
81105,19152
81105,84822
81105,48612
81105,6525
81105,58660
81105,45841
81105,30170
81105,85542
81105,63620
81105,28112
81105,21831
81105,92282
81105,63531
81105,91043
81105,89096
81105,49307
81105,97957
79814,40696
79814,1064
79814,50797
79814,94791
79814,91845
79814,98122
79814,90113
79814,10428
79814,64451
79814,53548
79814,49983
79814,60979
79814,50015
79814,78373
79814,37570
79814,51451
79814,40875
79814,26405
79814,58143
79814,43461
79814,63866
79814,9891
79814,80996
79814,13875
79814,45177
79814,13512
79814,96678
79814,1608
79814,97475
79814,18030
79814,81052
79814,37195
79814,29822
79814,42723
79814,3793
79814,13705
79814,79834
79814,91314
79814,62943
79814,55587
79814,49068
79814,95853
79814,95995
79814,43946
79814,78665
79814,90275
79814,57967
79814,81307
79814,62224
79814,77942
79814,75529
79814,98306
79814,72598
79814,74499
79814,56489
79814,5059
79814,69661
79814,99473
79814,16216
79814,80759
79814,13395
79814,19794
81981,84844
81981,50797
81981,94791
81981,12999
81981,17253
81981,15989
81981,88731
81981,77939
81981,22517
81981,72594
81981,1272
81981,49372
81981,36458
81981,79095
81981,95763
81981,10564
81981,10563
81981,29210
81981,60388
81981,50015
81981,36162
81981,73445
81981,92155
81981,41190
81981,39491
81981,51451
81981,88776
81981,77441
81981,13748
81981,62704
81981,26030
81981,83365
81981,80519
81981,80996
81981,70954
81981,42451
81981,43875
81981,66501
81981,46061
81981,38505
81981,92866
81981,78229
81981,91223
81981,43175
81981,26935
81981,34924
81981,14421
81981,63112
81981,14290
81981,99057
81981,43003
81981,19091
81981,40584
81981,71128
81981,28495
81981,48898
81981,59054
81981,40753
81981,42635
81981,34808
81981,47003
81981,37512
81981,87941
81981,67349
81981,61309
81981,46428
81981,52905
81981,26544
81981,37840
81981,59113
81981,39888
81981,6594
81981,15956
81981,44976
81981,42987
81981,78995
81981,8796
81981,27266
81981,31580
81981,77841
81981,62224
81981,10692
81981,22436
81981,48609
81981,85225
81981,3101
81981,86833
81981,37106
81981,29704
81981,76145
81981,45506
81981,34076
81981,56489
81981,18445
81981,43081
81981,28112
81981,84551
81981,16291
81981,95796
81981,65334
81981,13373
81981,73539
81981,42374
81981,91043
81981,90650
81981,80572
81981,88311
81981,75733
81981,68532
81981,52110
81981,33470
81981,59530
71092,46602
71092,53926
71092,37711
71092,73945
71092,79650
71092,44305
71092,3805
71092,49372
71092,70392
71092,39983
71092,25310
71092,74059
71092,68556
71092,88384
71092,22340
71092,51451
71092,29923
71092,66992
71092,97872
71092,83365
71092,51855
71092,28429
71092,18765
71092,16081
71092,71346
71092,41019
71092,7315
71092,85851
71092,38505
71092,92548
71092,34524
71092,23594
71092,34924
71092,16722
71092,84059
71092,28928
71092,80887
71092,46692
71092,19451
71092,65432
71092,65664
71092,18030
71092,113
71092,59063
71092,97287
71092,47003
71092,37512
71092,71951
71092,56254
71092,98521
71092,96507
71092,85606
71092,53695
71092,8669
71092,6525
71092,96149
71092,9621
71092,21036
71092,14765
71092,11733
71092,53770
71092,93735
71092,86161
71092,9053
71092,47187
71092,53495
71092,63297
71092,75375
71092,28136
71092,15956
71092,76327
71092,99173
71092,95995
71092,12104
71092,38798
71092,64039
71092,45925
71092,6090
71092,77841
71092,64317
71092,57967
71092,20130
71092,94202
71092,77942
71092,44244
71092,37787
71092,92503
71092,97900
71092,8536
71092,93507
71092,18841
71092,6374
71092,82741
71092,33249
71092,18218
71092,42982
71092,65163
71092,85617
71092,10424
71092,30692
71092,93387
71092,61976
71092,66677
71092,10059
71092,697
71092,10958
71092,74088
71092,21236
71092,1711
71092,80200
49147,84844
49147,12376
49147,46602
49147,94791
49147,96311
49147,29838
49147,65887
49147,29759
49147,14613
49147,2126
49147,59121
49147,94916
49147,14340
49147,61726
49147,72594
49147,30965
49147,92369
49147,39983
49147,38932
49147,22048
49147,1795
49147,60979
49147,29210
49147,50426
49147,42452
49147,58245
49147,51710
49147,47172
49147,63014
49147,83365
49147,50055
49147,69711
49147,14531
49147,49612
49147,5949
49147,63951
49147,80996
49147,1862
49147,42102
49147,86289
49147,96678
49147,81497
49147,49679
49147,64747
49147,43175
49147,16722
49147,19487
49147,75147
49147,32541
49147,98615
49147,71128
49147,88950
49147,48391
49147,15718
49147,40753
49147,44313
49147,47003
49147,73295
49147,55814
49147,6816
49147,58660
49147,68658
49147,10042
49147,47881
49147,15096
49147,34016
49147,11766
49147,4272
49147,53770
49147,26761
49147,9588
49147,15566
49147,59113
49147,53495
49147,39501
49147,29682
49147,6594
49147,44976
49147,12104
49147,76511
49147,12237
49147,48790
49147,94730
49147,77841
49147,59783
49147,62224
49147,76147
49147,2584
49147,85225
49147,17736
49147,40938
49147,45506
49147,52708
49147,7536
49147,62851
49147,84135
49147,20762
49147,29290
49147,42982
49147,998
49147,97754
49147,2677
49147,99473
49147,92282
49147,52703
49147,12515
49147,95796
49147,65334
49147,99454
49147,89249
49147,73539
49147,52638
49147,13395
49147,88311
49147,17930
49147,10958
49147,74088
90915,40696
90915,84230
90915,94649
90915,91845
90915,43735
90915,94916
90915,55515
90915,36458
90915,39079
90915,79095
90915,8287
90915,46068
90915,88384
90915,36162
90915,58245
90915,92155
90915,78373
90915,37570
90915,51451
90915,40875
90915,26165
90915,3617
90915,7697
90915,94556
90915,63866
90915,474
90915,7315
90915,45177
90915,13512
90915,3086
90915,78765
90915,1608
90915,97475
90915,82707
90915,21793
90915,7926
90915,42723
90915,24353
90915,48756
90915,13705
90915,79834
90915,82639
90915,62943
90915,47820
90915,49068
90915,29682
90915,99792
90915,76793
90915,63028
90915,79067
90915,38589
90915,61025
90915,90275
90915,23664
90915,57967
90915,81307
90915,77942
90915,24497
90915,98306
90915,18882
90915,93507
90915,74499
90915,67921
90915,77844
90915,58681
90915,84551
90915,61976
90915,91043
90915,46196
90915,652
90915,33252
71590,39885
71590,70994
71590,28620
71590,17253
71590,57372
71590,25155
71590,66638
71590,83129
71590,46461
71590,95594
71590,8013
71590,82315
71590,40875
71590,94556
71590,39301
71590,97386
71590,12812
71590,54361
71590,66326
71590,92655
71590,97323
71590,3086
71590,30860
71590,24548
71590,64747
71590,62153
71590,48489
71590,14421
71590,22528
71590,14290
71590,58876
71590,84024
71590,42635
71590,73295
71590,50883
71590,81927
71590,74421
71590,47292
71590,19152
71590,37212
71590,60670
71590,15096
71590,26544
71590,26761
71590,88953
71590,84280
71590,20149
71590,47884
71590,80842
71590,62293
71590,76327
71590,2997
71590,84622
71590,95265
71590,70679
71590,58617
71590,3
71590,99290
71590,73973
71590,6090
71590,61573
71590,57967
71590,11038
71590,68857
71590,76147
71590,8628
71590,98306
71590,61238
71590,38591
71590,68607
71590,35093
71590,84551
71590,4809
71590,99757
71590,95796
71590,35240
71590,9169
71590,7137
71590,25838
71590,1711
55135,94791
55135,53926
55135,17253
55135,12361
55135,74649
55135,43561
55135,37624
55135,14340
55135,8980
55135,44305
55135,36458
55135,79095
55135,20460
55135,5957
55135,7959
55135,42452
55135,36162
55135,58245
55135,91642
55135,30083
55135,41190
55135,46431
55135,62803
55135,62704
55135,58143
55135,94556
55135,83365
55135,16897
55135,98684
55135,78983
55135,6262
55135,16081
55135,97386
55135,5949
55135,63951
55135,94560
55135,20562
55135,98151
55135,84441
55135,27254
55135,30719
55135,49679
55135,23594
55135,13285
55135,57494
55135,3924
55135,14290
55135,7926
55135,80999
55135,82093
55135,86538
55135,32541
55135,40584
55135,24070
55135,15889
55135,95994
55135,113
55135,75920
55135,84595
55135,96472
55135,40753
55135,16425
55135,47003
55135,37512
55135,87941
55135,50883
55135,39809
55135,82814
55135,47881
55135,42819
55135,16012
55135,21026
55135,59817
55135,8982
55135,75375
55135,71569
55135,15956
55135,74988
55135,85542
55135,44348
55135,76511
55135,10513
55135,19147
55135,37372
55135,6927
55135,6815
55135,79067
55135,57837
55135,50307
55135,45185
55135,7025
55135,28799
55135,81307
55135,94202
55135,68857
55135,48609
55135,21855
55135,2584
55135,37787
55135,4232
55135,85225
55135,17736
55135,49942
55135,52708
55135,74722
55135,84135
55135,17185
55135,38591
55135,20445
55135,21831
55135,62826
55135,998
55135,30568
55135,96211
55135,99454
55135,53056
55135,10059
55135,51334
55135,85528
55135,49307
55135,33470
49224,12376
49224,40696
49224,54084
49224,41477
49224,39243
49224,39885
49224,46602
49224,53926
49224,99322
49224,73918
49224,17253
49224,99710
49224,43561
49224,14613
49224,49558
49224,40029
49224,73945
49224,84178
49224,79650
49224,8980
49224,81332
49224,77939
49224,64416
49224,10428
49224,66638
49224,83129
49224,1272
49224,39824
49224,81015
49224,82241
49224,38578
49224,87781
49224,36875
49224,95594
49224,10564
49224,8013
49224,49983
49224,26312
49224,6510
49224,29210
49224,7959
49224,62725
49224,69995
49224,42452
49224,98463
49224,36866
49224,58245
49224,39080
49224,57289
49224,78373
49224,22648
49224,4731
49224,40875
49224,2418
49224,10079
49224,26405
49224,7697
49224,64607
49224,58143
49224,66992
49224,8309
49224,50055
49224,63866
49224,98684
49224,49195
49224,6262
49224,16081
49224,97386
49224,65304
49224,51431
49224,70954
49224,74853
49224,31336
49224,48244
49224,65271
49224,84441
49224,38505
49224,25460
49224,92866
49224,78229
49224,64747
49224,22799
49224,14421
49224,28928
49224,36838
49224,19487
49224,99057
49224,21092
49224,43003
49224,72188
49224,58876
49224,45216
49224,32541
49224,22110
49224,89459
49224,15889
49224,88161
49224,28495
49224,48898
49224,4177
49224,59063
49224,59054
49224,91374
49224,42635
49224,34808
49224,37654
49224,42723
49224,37512
49224,70511
49224,59114
49224,87941
49224,48430
49224,25316
49224,56254
49224,66004
49224,96507
49224,13705
49224,59338
49224,19152
49224,6816
49224,79834
49224,58660
49224,10042
49224,96149
49224,60670
49224,15096
49224,72410
49224,55319
49224,11775
49224,55639
49224,93735
49224,34448
49224,49068
49224,87379
49224,73704
49224,29682
49224,20149
49224,36296
49224,90219
49224,47884
49224,63297
49224,62293
49224,30170
49224,14299
49224,6594
49224,48302
49224,8982
49224,18845
49224,2997
49224,35999
49224,26638
49224,95995
49224,69725
49224,30846
49224,97247
49224,6856
49224,12104
49224,8796
49224,56747
49224,44348
49224,58617
49224,84083
49224,56359
49224,19147
49224,99290
49224,64039
49224,28714
49224,10343
49224,7339
49224,50519
49224,12237
49224,82703
49224,45925
49224,43946
49224,50307
49224,44949
49224,78665
49224,57782
49224,45185
49224,51956
49224,28799
49224,60730
49224,94202
49224,24497
49224,10692
49224,4925
49224,6463
49224,21855
49224,4312
49224,12599
49224,86833
49224,60228
49224,62789
49224,93507
49224,29704
49224,76145
49224,3913
49224,55184
49224,49942
49224,45506
49224,34076
49224,69125
49224,7536
49224,66713
49224,62851
49224,84135
49224,58681
49224,57589
49224,13278
49224,79102
49224,20762
49224,38591
49224,40557
49224,88089
49224,79138
49224,45696
49224,8697
49224,21831
49224,31910
49224,2677
49224,24072
49224,41543
49224,99473
49224,92966
49224,16216
49224,92282
49224,73409
49224,91319
49224,86447
49224,13373
49224,36323
49224,64575
49224,10059
49224,85528
49224,697
49224,94637
49224,52110
49224,97957
10549,39243
10549,2885
10549,84230
10549,695
10549,74649
10549,37711
10549,91845
10549,49558
10549,94916
10549,20082
10549,61726
10549,43092
10549,8013
10549,24302
10549,7959
10549,58914
10549,30083
10549,39274
10549,44043
10549,26030
10549,44582
10549,72277
10549,18765
10549,48721
10549,5949
10549,39863
10549,42451
10549,1862
10549,31336
10549,98151
10549,1836
10549,6
10549,13512
10549,17740
10549,24548
10549,34924
10549,3924
10549,99057
10549,43003
10549,29358
10549,97287
10549,37654
10549,87941
10549,98521
10549,85606
10549,19152
10549,46828
10549,58951
10549,6525
10549,68658
10549,96149
10549,42819
10549,95408
10549,5943
10549,11733
10549,39383
10549,55639
10549,9053
10549,30846
10549,83902
10549,99290
10549,50307
10549,48745
10549,4027
10549,57782
10549,45185
10549,43746
10549,11038
10549,22436
10549,6463
10549,21855
10549,3101
10549,8536
10549,93507
10549,17736
10549,55184
10549,56489
10549,5059
10549,62851
10549,33249
10549,28112
10549,29290
10549,61825
10549,2677
10549,30692
10549,9320
10549,13395
10549,90650
10549,19794
10549,35079
10549,49307
10549,30776
59204,97522
59204,99710
59204,57372
59204,37624
59204,87030
59204,8980
59204,3805
59204,34874
59204,1272
59204,92369
59204,39983
59204,36875
59204,38335
59204,46068
59204,60979
59204,36866
59204,11125
59204,2418
59204,87239
59204,7697
59204,63014
59204,39301
59204,16081
59204,29884
59204,51431
59204,1862
59204,65271
59204,42102
59204,84059
59204,74365
59204,14290
59204,18674
59204,72188
59204,19091
59204,7021
59204,59054
59204,3793
59204,62444
59204,13122
59204,8669
59204,36851
59204,15566
59204,72659
59204,78675
59204,26074
59204,18845
59204,99173
59204,26638
59204,30481
59204,76511
59204,13613
59204,85262
59204,22436
59204,48609
59204,59844
59204,85225
59204,57242
59204,8536
59204,77844
59204,58681
59204,92100
59204,17185
59204,65896
59204,79138
59204,18808
59204,41543
59204,27660
59204,12515
59204,65334
59204,35240
59204,89642
59204,47458
59204,32666
59204,652
59204,33470
59204,1711
59204,59530
30671,39243
30671,53926
30671,59121
30671,94916
30671,14340
30671,81332
30671,46159
30671,39983
30671,24302
30671,59292
30671,36162
30671,51710
30671,44043
30671,44582
30671,13914
30671,2820
30671,71870
30671,13512
30671,49679
30671,43175
30671,63112
30671,72188
30671,31024
30671,53881
30671,48898
30671,73346
30671,9031
30671,57173
30671,26761
30671,41473
30671,15956
30671,35999
30671,97247
30671,61025
30671,77841
30671,94202
30671,77942
30671,79515
30671,36956
30671,21855
30671,59844
30671,72568
30671,55184
30671,40938
30671,61238
30671,28112
30671,88486
30671,97567
30671,90034
30671,99454
30671,20515
30671,30776
48693,41477
48693,39243
48693,50797
48693,28620
48693,69909
48693,84230
48693,11003
48693,79668
48693,695
48693,25155
48693,96311
48693,37711
48693,65887
48693,29759
48693,36078
48693,37624
48693,87030
48693,79650
48693,43092
48693,3805
48693,66638
48693,39824
48693,49372
48693,81015
48693,53548
48693,69427
48693,78355
48693,95594
48693,93944
48693,10564
48693,24302
48693,49983
48693,38932
48693,65268
48693,22048
48693,35573
48693,26312
48693,47260
48693,6510
48693,7959
48693,58914
48693,88384
48693,59292
48693,60388
48693,58245
48693,73733
48693,30083
48693,78373
48693,39491
48693,4731
48693,28105
48693,11125
48693,70782
48693,3193
48693,60090
48693,40875
48693,2418
48693,10079
48693,22620
48693,7697
48693,86807
48693,63014
48693,7685
48693,27671
48693,28429
48693,474
48693,72277
48693,17936
48693,49612
48693,49195
48693,18765
48693,6262
48693,91
48693,71870
48693,28110
48693,65304
48693,71346
48693,84786
48693,42451
48693,34274
48693,1836
48693,92655
48693,6
48693,92548
48693,81497
48693,90997
48693,92866
48693,24548
48693,78229
48693,2500
48693,65472
48693,1608
48693,49806
48693,48489
48693,14421
48693,14290
48693,92236
48693,99162
48693,91832
48693,43003
48693,53082
48693,58876
48693,11158
48693,19091
48693,66075
48693,82093
48693,71128
48693,12242
48693,15889
48693,94363
48693,37195
48693,12138
48693,15718
48693,84595
48693,29822
48693,91374
48693,97287
48693,37654
48693,3793
48693,37512
48693,48430
48693,24353
48693,26261
48693,96507
48693,47292
48693,86997
48693,29982
48693,69465
48693,67349
48693,58951
48693,46428
48693,82847
48693,52905
48693,79870
48693,42819
48693,95408
48693,76900
48693,13968
48693,14425
48693,53770
48693,39383
48693,39351
48693,1349
48693,86161
48693,34448
48693,73704
48693,81743
48693,53495
48693,41473
48693,14240
48693,39501
48693,56529
48693,84280
48693,99792
48693,36296
48693,63297
48693,26074
48693,6594
48693,3588
48693,74988
48693,99173
48693,26638
48693,95995
48693,85542
48693,12104
48693,38211
48693,44348
48693,58617
48693,84083
48693,37372
48693,7339
48693,9239
48693,70600
48693,82703
48693,6815
48693,79589
48693,79067
48693,50307
48693,61025
48693,17354
48693,43746
48693,64966
48693,61573
48693,57967
48693,11038
48693,10353
48693,63777
48693,6463
48693,8628
48693,2584
48693,37787
48693,85225
48693,86833
48693,37106
48693,72568
48693,97900
48693,3913
48693,77844
48693,52708
48693,60549
48693,74722
48693,73855
48693,92100
48693,13278
48693,82741
48693,17185
48693,38591
48693,88089
48693,17526
48693,49957
48693,74594
48693,39993
48693,87993
48693,33450
48693,62826
48693,998
48693,2677
48693,18808
48693,72466
48693,4809
48693,85038
48693,92282
48693,52703
48693,95796
48693,65334
48693,63531
48693,35240
48693,30692
48693,93387
48693,36323
48693,9169
48693,52638
48693,53056
48693,89642
48693,80572
48693,65114
48693,35079
48693,51334
48693,697
48693,10958
48693,74088
8761,84230
8761,65887
8761,63867
8761,29759
8761,79650
8761,72594
8761,39824
8761,39983
8761,78355
8761,8013
8761,5957
8761,68556
8761,50015
8761,82315
8761,39491
8761,11125
8761,2418
8761,7697
8761,97872
8761,51855
8761,13914
8761,7685
8761,98684
8761,29628
8761,84786
8761,7315
8761,1836
8761,38505
8761,93016
8761,34524
8761,64775
8761,90997
8761,49679
8761,88855
8761,80887
8761,46692
8761,80999
8761,53082
8761,11158
8761,66075
8761,53881
8761,7021
8761,59063
8761,59054
8761,71951
8761,81927
8761,86997
8761,53695
8761,46428
8761,68658
8761,10042
8761,47881
8761,9621
8761,21036
8761,42819
8761,95408
8761,14765
8761,14425
8761,39351
8761,47820
8761,93735
8761,88953
8761,37840
8761,39501
8761,36296
8761,90219
8761,80842
8761,48302
8761,95995
8761,78995
8761,12104
8761,38798
8761,58159
8761,64039
8761,9239
8761,43946
8761,4027
8761,45185
8761,90275
8761,71663
8761,20130
8761,12333
8761,68857
8761,10353
8761,75529
8761,18882
8761,3101
8761,92503
8761,62789
8761,74722
8761,51097
8761,56407
8761,13278
8761,33249
8761,39310
8761,84551
8761,16216
8761,86447
8761,82704
8761,53352
8761,64575
8761,61976
8761,52638
8761,89967
8761,35079
8761,30776
8761,74088
36528,84844
36528,39243
36528,39885
36528,50797
36528,12999
36528,69909
36528,84230
36528,17253
36528,99710
36528,28680
36528,695
36528,65887
36528,14210
36528,73945
36528,84178
36528,98122
36528,59121
36528,90113
36528,8980
36528,87810
36528,64451
36528,66638
36528,30965
36528,81015
36528,46159
36528,11960
36528,95763
36528,64417
36528,24302
36528,5957
36528,65268
36528,22048
36528,68556
36528,1795
36528,76017
36528,60388
36528,24848
36528,60211
36528,92155
36528,41435
36528,77441
36528,78824
36528,29923
36528,13748
36528,26405
36528,62704
36528,22620
36528,7697
36528,47172
36528,58143
36528,26030
36528,50055
36528,69711
36528,44582
36528,62707
36528,63866
36528,27671
36528,76214
36528,3228
36528,474
36528,72277
36528,80519
36528,49612
36528,30614
36528,47722
36528,89332
36528,8862
36528,28110
36528,68964
36528,70954
36528,39863
36528,13875
36528,38505
36528,6
36528,97323
36528,82969
36528,34524
36528,30719
36528,86289
36528,49679
36528,74600
36528,1608
36528,21793
36528,46692
36528,91832
36528,43003
36528,53082
36528,65432
36528,54974
36528,19091
36528,66075
36528,82093
36528,81052
36528,61524
36528,28495
36528,48898
36528,24234
36528,44313
36528,84024
36528,42635
36528,37654
36528,63663
36528,42723
36528,49424
36528,68416
36528,70511
36528,59114
36528,48430
36528,62444
36528,81927
36528,55814
36528,6816
36528,9031
36528,68658
36528,54466
36528,10042
36528,9621
36528,42819
36528,5943
36528,62943
36528,36851
36528,76900
36528,75444
36528,53770
36528,11775
36528,47820
36528,93735
36528,9588
36528,15566
36528,73704
36528,14240
36528,39501
36528,99792
36528,36296
36528,63297
36528,95853
36528,6594
36528,76793
36528,18845
36528,99173
36528,26638
36528,84622
36528,95995
36528,78995
36528,97247
36528,42923
36528,38211
36528,19147
36528,37372
36528,12237
36528,6815
36528,38589
36528,13613
36528,43746
36528,64966
36528,71663
36528,12407
36528,24497
36528,10692
36528,22436
36528,63777
36528,63620
36528,8628
36528,2584
36528,59844
36528,57242
36528,86833
36528,97900
36528,8536
36528,45506
36528,10188
36528,60549
36528,18841
36528,56407
36528,6374
36528,58681
36528,38591
36528,49957
36528,29290
36528,74594
36528,39993
36528,87993
36528,68607
36528,61825
36528,31910
36528,18808
36528,24072
36528,41543
36528,99757
36528,92966
36528,16216
36528,92282
36528,10424
36528,95796
36528,99454
36528,37022
36528,93387
36528,36323
36528,64575
36528,9169
36528,89642
36528,89096
36528,32666
36528,10059
36528,89967
36528,25838
36528,1318
36528,74888
36528,44128
36528,59530
49233,53926
49233,74649
49233,96311
49233,15989
49233,14613
49233,59121
49233,61726
49233,87781
49233,9150
49233,62803
49233,2820
49233,46061
49233,49679
49233,27522
49233,46692
49233,65432
49233,48898
49233,7021
49233,42635
49233,73346
49233,8669
49233,93735
49233,39501
49233,6594
49233,44976
49233,50519
49233,45185
49233,7025
49233,94202
49233,62224
49233,10353
49233,48609
49233,59844
49233,37106
49233,72568
49233,17736
49233,55184
49233,67921
49233,62851
49233,28112
49233,49957
49233,29290
49233,90034
49233,82704
49233,65114
49233,46196
49233,10958
37444,94649
37444,57372
37444,65887
37444,29759
37444,73945
37444,22551
37444,90113
37444,43092
37444,70392
37444,8013
37444,43652
37444,5957
37444,47260
37444,73445
37444,73798
37444,39080
37444,39491
37444,70782
37444,26405
37444,63014
37444,69711
37444,44582
37444,62707
37444,98684
37444,29628
37444,28429
37444,80519
37444,49612
37444,16081
37444,89332
37444,12812
37444,51431
37444,30205
37444,63871
37444,7315
37444,62905
37444,93016
37444,34524
37444,30860
37444,42102
37444,25460
37444,27522
37444,24548
37444,26935
37444,88855
37444,97475
37444,16722
37444,80999
37444,51810
37444,24070
37444,15889
37444,53881
37444,34808
37444,70511
37444,55814
37444,39809
37444,69465
37444,6525
37444,68658
37444,10042
37444,47881
37444,93735
37444,86161
37444,59113
37444,29682
37444,80842
37444,28136
37444,26638
37444,95995
37444,21334
37444,6856
37444,42923
37444,70679
37444,10343
37444,7339
37444,29040
37444,70600
37444,17354
37444,61326
37444,11038
37444,75529
37444,4312
37444,4232
37444,12599
37444,97900
37444,17736
37444,40938
37444,72270
37444,77844
37444,5059
37444,56407
37444,61238
37444,66713
37444,58681
37444,57589
37444,13278
37444,82741
37444,42982
37444,61825
37444,65163
37444,31910
37444,35093
37444,99757
37444,10424
37444,30692
37444,61976
37444,16219
37444,88311
37444,89096
37444,1318
37444,5062
37444,80686
37444,74088
37444,74888
37444,52110
37444,97957
74782,39243
74782,28620
74782,17253
74782,11003
74782,79668
74782,28680
74782,15989
74782,2126
74782,59121
74782,37624
74782,44305
74782,3545
74782,3805
74782,1503
74782,91713
74782,51625
74782,82241
74782,46461
74782,38578
74782,78355
74782,10520
74782,50136
74782,74059
74782,76581
74782,89592
74782,10563
74782,38932
74782,46068
74782,58424
74782,96937
74782,6510
74782,7959
74782,58914
74782,59292
74782,36162
74782,82315
74782,73798
74782,9150
74782,92155
74782,57289
74782,4731
74782,11125
74782,46431
74782,77441
74782,26165
74782,3617
74782,13748
74782,10079
74782,7697
74782,58143
74782,26030
74782,3003
74782,97893
74782,44672
74782,98684
74782,27671
74782,30883
74782,29628
74782,474
74782,72277
74782,80519
74782,67649
74782,17936
74782,18765
74782,36215
74782,47722
74782,46099
74782,5949
74782,54361
74782,80996
74782,20562
74782,70954
74782,84786
74782,39863
74782,9915
74782,63871
74782,65271
74782,6
74782,93016
74782,1332
74782,30860
74782,42102
74782,64775
74782,78765
74782,17740
74782,13285
74782,91223
74782,2500
74782,1608
74782,63112
74782,28928
74782,80887
74782,51181
74782,75147
74782,99057
74782,92236
74782,21092
74782,19451
74782,80999
74782,43003
74782,53082
74782,54974
74782,51810
74782,34523
74782,66075
74782,31024
74782,40584
74782,89459
74782,12242
74782,15889
74782,61524
74782,48391
74782,48898
74782,96472
74782,91374
74782,63663
74782,47003
74782,49424
74782,37512
74782,70511
74782,50883
74782,66004
74782,74421
74782,47292
74782,59338
74782,29982
74782,46828
74782,53695
74782,37212
74782,58660
74782,68658
74782,54466
74782,96149
74782,62943
74782,75444
74782,11733
74782,16012
74782,53770
74782,65295
74782,93735
74782,1349
74782,26761
74782,86161
74782,9588
74782,55587
74782,59113
74782,28935
74782,39501
74782,78675
74782,56529
74782,84280
74782,90219
74782,80842
74782,93464
74782,95853
74782,15956
74782,74988
74782,35999
74782,69725
74782,95265
74782,78374
74782,42923
74782,8796
74782,56747
74782,62837
74782,38211
74782,44348
74782,58617
74782,83902
74782,64039
74782,28714
74782,37372
74782,50519
74782,29040
74782,43946
74782,48745
74782,85262
74782,44949
74782,4027
74782,51956
74782,90275
74782,60730
74782,77841
74782,57967
74782,77942
74782,36956
74782,19851
74782,68857
74782,22436
74782,48609
74782,63620
74782,96932
74782,37787
74782,4232
74782,78591
74782,86833
74782,37106
74782,73386
74782,93507
74782,76145
74782,3913
74782,33196
74782,49233
74782,77844
74782,56489
74782,11238
74782,73855
74782,6374
74782,55334
74782,18445
74782,92100
74782,27856
74782,28282
74782,69661
74782,17526
74782,29290
74782,79138
74782,45696
74782,42982
74782,88486
74782,21831
74782,97567
74782,31910
74782,90034
74782,37735
74782,41543
74782,4809
74782,85038
74782,30568
74782,96211
74782,95796
74782,13373
74782,9320
74782,73539
74782,9169
74782,61976
74782,52638
74782,95180
74782,65114
74782,89096
74782,89967
74782,90808
74782,46196
74782,85528
74782,697
74782,25417
74782,64597
74782,44128
92274,40696
92274,1064
92274,41477
92274,53926
92274,69909
92274,73918
92274,17253
92274,28680
92274,63867
92274,29759
92274,14613
92274,88731
92274,40029
92274,2126
92274,98122
92274,59121
92274,37624
92274,94916
92274,61726
92274,8980
92274,3805
92274,55515
92274,1503
92274,91713
92274,39824
92274,36458
92274,46159
92274,39983
92274,53548
92274,87781
92274,36875
92274,74059
92274,43652
92274,46068
92274,35573
92274,7959
92274,62725
92274,87765
92274,42452
92274,54857
92274,82315
92274,92155
92274,39080
92274,78428
92274,65681
92274,30083
92274,37570
92274,28105
92274,88776
92274,3193
92274,26165
92274,3617
92274,2418
92274,68169
92274,23385
92274,7697
92274,64607
92274,86807
92274,94556
92274,69711
92274,62707
92274,76214
92274,78983
92274,17936
92274,36215
92274,5949
92274,65304
92274,51431
92274,68964
92274,70954
92274,39863
92274,30205
92274,66501
92274,31336
92274,41019
92274,45177
92274,34274
92274,62905
92274,93016
92274,1332
92274,30860
92274,78765
92274,81497
92274,78229
92274,85293
92274,88855
92274,1608
92274,16722
92274,27199
92274,21793
92274,14290
92274,51181
92274,7926
92274,18674
92274,19451
92274,53082
92274,72188
92274,65746
92274,29358
92274,66075
92274,24070
92274,12906
92274,48391
92274,48898
92274,7021
92274,75920
92274,24234
92274,29822
92274,91374
92274,44313
92274,97287
92274,42635
92274,37512
92274,73295
92274,63042
92274,70511
92274,48430
92274,48756
92274,96507
92274,13705
92274,85606
92274,37212
92274,61309
92274,79834
92274,47881
92274,9621
92274,72929
92274,34016
92274,95408
92274,76900
92274,14765
92274,11733
92274,53770
92274,39383
92274,26761
92274,88953
92274,9053
92274,73704
92274,59113
92274,28935
92274,39501
92274,78675
92274,56529
92274,39888
92274,26618
92274,80842
92274,63297
92274,26074
92274,95853
92274,3588
92274,71569
92274,44976
92274,26638
92274,42987
92274,30846
92274,42923
92274,85542
92274,8796
92274,30481
92274,83902
92274,99290
92274,28714
92274,29040
92274,79067
92274,38589
92274,43746
92274,28799
92274,60730
92274,71663
92274,20130
92274,81307
92274,36956
92274,6463
92274,76147
92274,2584
92274,18882
92274,8536
92274,82993
92274,67921
92274,34076
92274,10188
92274,74722
92274,61238
92274,18445
92274,82741
92274,17185
92274,88089
92274,17526
92274,74594
92274,39993
92274,62826
92274,37735
92274,72466
92274,99757
92274,99473
92274,65334
92274,18064
92274,13373
92274,89249
92274,36323
92274,13395
92274,89642
92274,80572
92274,10059
92274,89967
92274,51334
92274,697
92274,94637
92274,652
92274,10958
92274,30776
92274,33252
92274,80200
99206,54084
99206,41477
99206,70994
99206,53643
99206,32818
99206,57372
99206,6420
99206,88731
99206,20082
99206,61726
99206,50306
99206,64451
99206,66638
99206,70392
99206,95763
99206,10520
99206,50136
99206,22048
99206,35573
99206,92155
99206,22648
99206,11125
99206,88776
99206,40875
99206,3617
99206,10079
99206,23385
99206,86807
99206,97872
99206,16897
99206,13914
99206,49612
99206,36215
99206,91
99206,89332
99206,97386
99206,8862
99206,28110
99206,70954
99206,39863
99206,50886
99206,46061
99206,6346
99206,38505
99206,96678
99206,49679
99206,74600
99206,70282
99206,24548
99206,22799
99206,74365
99206,91832
99206,19091
99206,66075
99206,82093
99206,31024
99206,86538
99206,32541
99206,24070
99206,12242
99206,88950
99206,4177
99206,91374
99206,44313
99206,34808
99206,37654
99206,37512
99206,48430
99206,74421
99206,86997
99206,67349
99206,37212
99206,8669
99206,47881
99206,95408
99206,47820
99206,1349
99206,26761
99206,88953
99206,28935
99206,47884
99206,80842
99206,93464
99206,95853
99206,76793
99206,26638
99206,84622
99206,21334
99206,42923
99206,12104
99206,8796
99206,38798
99206,44348
99206,19147
99206,37372
99206,9239
99206,82703
99206,38589
99206,6090
99206,13613
99206,85262
99206,7025
99206,48790
99206,28799
99206,77841
99206,77942
99206,10692
99206,76147
99206,75529
99206,37787
99206,12599
99206,85225
99206,86833
99206,74499
99206,69125
99206,18445
99206,43081
99206,29290
99206,74594
99206,45696
99206,35093
99206,84551
99206,24072
99206,92282
99206,95796
99206,99454
99206,36323
99206,16219
99206,95180
99206,25838
99206,90808
99206,1318
99206,52110
2871,90482
2871,39243
2871,46602
2871,50797
2871,73918
2871,28680
2871,6420
2871,15989
2871,63867
2871,43735
2871,98122
2871,20082
2871,61726
2871,7612
2871,10428
2871,1503
2871,70434
2871,49372
2871,51625
2871,38335
2871,10564
2871,49983
2871,43652
2871,38932
2871,50015
2871,82315
2871,73798
2871,92155
2871,30083
2871,51055
2871,39274
2871,26165
2871,64607
2871,97872
2871,76214
2871,474
2871,49612
2871,18765
2871,6262
2871,16081
2871,89332
2871,8862
2871,71870
2871,5949
2871,42451
2871,46061
2871,85851
2871,92655
2871,92548
2871,30860
2871,25460
2871,86289
2871,27522
2871,78229
2871,97475
2871,82707
2871,28928
2871,7926
2871,21092
2871,43003
2871,32541
2871,24070
2871,81052
2871,48391
2871,15718
2871,59063
2871,44313
2871,49424
2871,94691
2871,87941
2871,24353
2871,98521
2871,26261
2871,81927
2871,55814
2871,96507
2871,85606
2871,74421
2871,86997
2871,29982
2871,67349
2871,37212
2871,61309
2871,58660
2871,72929
2871,60670
2871,34016
2871,42819
2871,26544
2871,11733
2871,55319
2871,14425
2871,55639
2871,26761
2871,47187
2871,39501
2871,26618
2871,62293
2871,30170
2871,14299
2871,99173
2871,30846
2871,97247
2871,38798
2871,44348
2871,83902
2871,9239
2871,79589
2871,85262
2871,48790
2871,64966
2871,61573
2871,24497
2871,11038
2871,67747
2871,4925
2871,1674
2871,2584
2871,75529
2871,85225
2871,76145
2871,90546
2871,40938
2871,1829
2871,79102
2871,43081
2871,28112
2871,88089
2871,39993
2871,33450
2871,88486
2871,85617
2871,84551
2871,52703
2871,12515
2871,95796
2871,18064
2871,89249
2871,36323
2871,61976
2871,89642
2871,95180
2871,17930
2871,75733
2871,10059
2871,35079
2871,652
2871,74088
2871,80200
61630,84844
61630,39243
61630,99322
61630,94649
61630,53643
61630,695
61630,65887
61630,15989
61630,88731
61630,14340
61630,3545
61630,22517
61630,3805
61630,10428
61630,87810
61630,91713
61630,30965
61630,82241
61630,53548
61630,39079
61630,11960
61630,59176
61630,50802
61630,50136
61630,49983
61630,58424
61630,96937
61630,60979
61630,29210
61630,7959
61630,88384
61630,50015
61630,58245
61630,60211
61630,65681
61630,78373
61630,40875
61630,26165
61630,3617
61630,43461
61630,69711
61630,7685
61630,2820
61630,80519
61630,34053
61630,54361
61630,39863
61630,1862
61630,74853
61630,98151
61630,13512
61630,19897
61630,91223
61630,43175
61630,23525
61630,97475
61630,84059
61630,22528
61630,7926
61630,18674
61630,18030
61630,45216
61630,32541
61630,98615
61630,24070
61630,12242
61630,15889
61630,28495
61630,91374
61630,63663
61630,42723
61630,47003
61630,3793
61630,96507
61630,19152
61630,67349
61630,91314
61630,96149
61630,15096
61630,34016
61630,11766
61630,95408
61630,55319
61630,65295
61630,49068
61630,87379
61630,47187
61630,80842
61630,95853
61630,6594
61630,71569
61630,35999
61630,42923
61630,8796
61630,44348
61630,56359
61630,19147
61630,99290
61630,27266
61630,70600
61630,6927
61630,6815
61630,79067
61630,48745
61630,17354
61630,23664
61630,61573
61630,67009
61630,36956
61630,10692
61630,78591
61630,86833
61630,73386
61630,8536
61630,90546
61630,16758
61630,34076
61630,7536
61630,5059
61630,28282
61630,21831
61630,84551
61630,85038
61630,99757
61630,30568
61630,73409
61630,86447
61630,30692
61630,37022
61630,9169
61630,91043
61630,90650
61630,75733
61630,51334
61630,46196
61630,5062
61630,697
61630,80200
41174,1064
41174,46602
41174,53926
41174,90965
41174,99710
41174,28680
41174,74649
41174,29838
41174,36078
41174,61726
41174,87030
41174,8980
41174,3805
41174,34874
41174,1272
41174,25310
41174,79095
41174,10520
41174,24302
41174,74059
41174,65268
41174,60211
41174,11153
41174,92155
41174,51846
41174,70782
41174,40875
41174,39301
41174,63866
41174,49195
41174,16081
41174,8862
41174,5949
41174,54361
41174,30205
41174,1862
41174,6346
41174,84441
41174,38505
41174,92548
41174,86289
41174,70282
41174,74365
41174,3924
41174,96691
41174,99057
41174,43003
41174,19091
41174,29358
41174,80321
41174,31024
41174,24070
41174,53881
41174,12138
41174,91374
41174,84024
41174,34808
41174,49424
41174,94691
41174,66004
41174,86997
41174,20079
41174,64757
41174,47881
41174,72410
41174,36851
41174,21947
41174,16012
41174,55319
41174,39383
41174,49068
41174,87456
41174,73704
41174,18845
41174,26638
41174,42987
41174,78995
41174,30846
41174,6856
41174,44348
41174,70679
41174,12237
41174,6090
41174,7025
41174,28799
41174,64966
41174,12407
41174,62224
41174,10692
41174,68857
41174,48609
41174,75529
41174,4232
41174,93507
41174,52708
41174,69125
41174,18218
41174,87993
41174,33450
41174,8697
41174,2677
41174,84551
41174,41543
41174,18064
41174,82704
41174,30692
41174,36323
41174,42374
41174,52638
41174,78277
41174,75733
41174,47458
41174,74888
41174,1711
76177,97522
76177,46602
76177,70994
76177,90965
76177,32818
76177,43561
76177,2126
76177,14210
76177,84178
76177,98122
76177,8980
76177,44305
76177,10428
76177,64451
76177,39824
76177,81015
76177,79095
76177,87781
76177,95763
76177,93944
76177,89592
76177,5957
76177,38932
76177,48196
76177,60979
76177,58914
76177,88384
76177,59292
76177,87765
76177,60211
76177,65538
76177,78373
76177,41190
76177,39491
76177,4731
76177,70782
76177,3193
76177,78824
76177,26405
76177,7697
76177,58143
76177,86807
76177,97893
76177,16897
76177,63866
76177,17936
76177,9891
76177,6262
76177,47722
76177,48721
76177,47066
76177,5949
76177,12812
76177,63951
76177,66326
76177,9915
76177,97323
76177,42102
76177,86289
76177,81497
76177,13285
76177,22807
76177,43175
76177,26935
76177,48489
76177,22528
76177,28928
76177,80999
76177,91832
76177,18030
76177,34523
76177,66075
76177,71128
76177,87269
76177,95994
76177,113
76177,12138
76177,4177
76177,96472
76177,59054
76177,84024
76177,68416
76177,37512
76177,63042
76177,87941
76177,98521
76177,85606
76177,59338
76177,19152
76177,72364
76177,86997
76177,53695
76177,82814
76177,95970
76177,58660
76177,47881
76177,82639
76177,42819
76177,36851
76177,76900
76177,13968
76177,16012
76177,4272
76177,65295
76177,1349
76177,88953
76177,86161
76177,47187
76177,59113
76177,28935
76177,39501
76177,78675
76177,80842
76177,62293
76177,93464
76177,8982
76177,71569
76177,15956
76177,99173
76177,44976
76177,38211
76177,10513
76177,3
76177,56359
76177,70600
76177,79067
76177,57837
76177,48745
76177,94202
76177,8628
76177,21855
76177,78177
76177,4232
76177,12599
76177,85225
76177,78591
76177,76145
76177,74499
76177,49942
76177,34076
76177,10188
76177,74722
76177,56407
76177,84135
76177,18445
76177,57589
76177,39310
76177,39058
76177,17185
76177,84098
76177,69661
76177,48933
76177,49957
76177,87993
76177,62826
76177,85617
76177,2677
76177,27660
76177,92282
76177,86447
76177,53352
76177,30692
76177,93387
76177,73873
76177,61976
76177,91043
76177,90650
76177,89096
76177,90808
76177,94637
76177,64597
76177,10958
76177,1711
86978,12376
86978,40696
86978,2885
86978,84230
86978,73918
86978,53643
86978,28680
86978,96311
86978,91845
86978,63867
86978,40029
86978,43735
86978,84178
86978,16021
86978,3545
86978,3805
86978,72594
86978,55515
86978,92369
86978,49372
86978,36458
86978,51625
86978,39983
86978,79095
86978,38335
86978,8013
86978,8287
86978,46068
86978,62725
86978,59292
86978,76017
86978,22340
86978,73798
86978,60211
86978,51846
86978,78373
86978,51055
86978,51451
86978,70782
86978,40875
86978,78824
86978,26165
86978,87239
86978,86807
86978,26030
86978,62707
86978,90375
86978,72277
86978,49195
86978,80996
86978,30205
86978,74853
86978,7315
86978,34274
86978,62905
86978,13512
86978,30860
86978,64775
86978,74600
86978,85293
86978,84059
86978,3924
86978,14290
86978,65432
86978,4071
86978,19091
86978,31024
86978,12906
86978,12242
86978,88161
86978,88950
86978,53881
86978,75920
86978,29822
86978,59063
86978,84024
86978,63663
86978,48430
86978,62444
86978,50883
86978,81927
86978,85606
86978,58951
86978,9031
86978,8669
86978,96149
86978,15096
86978,11766
86978,5943
86978,36851
86978,21947
86978,88953
86978,55587
86978,28935
86978,92622
86978,26618
86978,26074
86978,6594
86978,2997
86978,26638
86978,95995
86978,30846
86978,8796
86978,83902
86978,99290
86978,10343
86978,70600
86978,50307
86978,45185
86978,77964
86978,23664
86978,81307
86978,62224
86978,77942
86978,67009
86978,12333
86978,19851
86978,10353
86978,48609
86978,4312
86978,12599
86978,37106
86978,93507
86978,3913
86978,90546
86978,16758
86978,49942
86978,45506
86978,34076
86978,52708
86978,56489
86978,60549
86978,74722
86978,1829
86978,92100
86978,39310
86978,17526
86978,72466
86978,24072
86978,99473
86978,52703
86978,86447
86978,13373
86978,35240
86978,89249
86978,61976
86978,89642
86978,90085
86978,32666
86978,35079
86978,20515
86978,46196
86978,94637
86978,25417
86978,33252
86978,33470
86978,80200
86978,7197
1017,1064
1017,97522
1017,2885
1017,46602
1017,50797
1017,17253
1017,96311
1017,65887
1017,29759
1017,14613
1017,98122
1017,94916
1017,14340
1017,61726
1017,59135
1017,44305
1017,3545
1017,95607
1017,64416
1017,22517
1017,10428
1017,1503
1017,49372
1017,46159
1017,39983
1017,78355
1017,20460
1017,95763
1017,8013
1017,76581
1017,26312
1017,58914
1017,88384
1017,60388
1017,36866
1017,24848
1017,22340
1017,73798
1017,73733
1017,11153
1017,39080
1017,57289
1017,91642
1017,39491
1017,60090
1017,51710
1017,62803
1017,68169
1017,23385
1017,7697
1017,58143
1017,66992
1017,44582
1017,16897
1017,2820
1017,3228
1017,29628
1017,18765
1017,30614
1017,89332
1017,80996
1017,70954
1017,62905
1017,65271
1017,84441
1017,38505
1017,13512
1017,30860
1017,30719
1017,17740
1017,23594
1017,92866
1017,23525
1017,84059
1017,63112
1017,79278
1017,65432
1017,4071
1017,65746
1017,5199
1017,66075
1017,86538
1017,45216
1017,71128
1017,89459
1017,15889
1017,61524
1017,95994
1017,37195
1017,7021
1017,4177
1017,29822
1017,96472
1017,42723
1017,47003
1017,68416
1017,73295
1017,87941
1017,56254
1017,13705
1017,59338
1017,84822
1017,29982
1017,46828
1017,53695
1017,82814
1017,95970
1017,58951
1017,47212
1017,79870
1017,95408
1017,11733
1017,19028
1017,14425
1017,39383
1017,55639
1017,59113
1017,53495
1017,93464
1017,75375
1017,28136
1017,74988
1017,44976
1017,69725
1017,85542
1017,38798
1017,58617
1017,76511
1017,28714
1017,27266
1017,37372
1017,50519
1017,6927
1017,79067
1017,13613
1017,4027
1017,64317
1017,59783
1017,12407
1017,10353
1017,67747
1017,96932
1017,21855
1017,78177
1017,78591
1017,37106
1017,92503
1017,97900
1017,8536
1017,93507
1017,33196
1017,55184
1017,40938
1017,74499
1017,5059
1017,55334
1017,57589
1017,92100
1017,13278
1017,74176
1017,33249
1017,39310
1017,28112
1017,20762
1017,17185
1017,84098
1017,88089
1017,88486
1017,2677
1017,84551
1017,16291
1017,52703
1017,10424
1017,95796
1017,73409
1017,18064
1017,89249
1017,73873
1017,52638
1017,13395
1017,19794
1017,65114
1017,51334
1017,697
1017,68532
1017,80686
1017,64597
1017,30776
1017,33252
1017,33470
37979,12376
37979,1064
37979,97522
37979,70994
37979,53926
37979,90965
37979,17253
37979,96311
37979,84178
37979,90113
37979,61726
37979,79650
37979,70434
37979,49372
37979,69427
37979,25310
37979,38335
37979,5957
37979,38932
37979,68556
37979,48196
37979,60979
37979,76017
37979,42452
37979,78373
37979,28105
37979,11125
37979,29923
37979,3617
37979,64607
37979,47172
37979,86807
37979,44582
37979,29628
37979,28429
37979,72277
37979,16081
37979,47066
37979,5949
37979,28110
37979,92882
37979,84786
37979,9915
37979,34274
37979,19581
37979,84441
37979,38505
37979,6
37979,92548
37979,3086
37979,42102
37979,19897
37979,13285
37979,62153
37979,21793
37979,80887
37979,99057
37979,21092
37979,19091
37979,29358
37979,45216
37979,53881
37979,7021
37979,4177
37979,59063
37979,40753
37979,42635
37979,63663
37979,49424
37979,73295
37979,62444
37979,39809
37979,19152
37979,20079
37979,67349
37979,79834
37979,8669
37979,60670
37979,21026
37979,26761
37979,49068
37979,73704
37979,29682
37979,78675
37979,56529
37979,84280
37979,47884
37979,95338
37979,6594
37979,76793
37979,26638
37979,78995
37979,97247
37979,30481
37979,58617
37979,66626
37979,56359
37979,99290
37979,73973
37979,6815
37979,57837
37979,6090
37979,17354
37979,78665
37979,45185
37979,71663
37979,62224
37979,22436
37979,67747
37979,48609
37979,57242
37979,86833
37979,72598
37979,77844
37979,69125
37979,18841
37979,6374
37979,58681
37979,32176
37979,13278
37979,39310
37979,28112
37979,20445
37979,69661
37979,65896
37979,88089
37979,49957
37979,79138
37979,45696
37979,42982
37979,65163
37979,31910
37979,85617
37979,35093
37979,37735
37979,24072
37979,85038
37979,99757
37979,92966
37979,16291
37979,16216
37979,92282
37979,73409
37979,65334
37979,18064
37979,86447
37979,78277
37979,19794
37979,17930
37979,66677
37979,47458
37979,39496
37979,5062
37979,49307
37979,33470
37979,80200
87154,84844
87154,54084
87154,41477
87154,53926
87154,84230
87154,99322
87154,94649
87154,53643
87154,57372
87154,695
87154,37605
87154,96311
87154,37711
87154,91845
87154,14613
87154,88731
87154,73945
87154,98122
87154,79650
87154,43092
87154,7612
87154,3805
87154,10428
87154,1272
87154,30965
87154,70392
87154,82241
87154,46461
87154,11960
87154,25310
87154,93944
87154,50802
87154,76581
87154,35573
87154,26312
87154,47260
87154,60979
87154,72149
87154,88384
87154,87765
87154,69995
87154,54857
87154,36866
87154,58245
87154,22340
87154,73733
87154,30083
87154,41190
87154,51451
87154,28105
87154,46431
87154,77441
87154,60090
87154,78824
87154,13748
87154,26405
87154,23385
87154,98684
87154,2820
87154,30883
87154,3228
87154,80519
87154,14531
87154,49612
87154,48721
87154,71870
87154,92882
87154,71346
87154,80996
87154,20562
87154,9915
87154,13875
87154,46061
87154,48244
87154,62905
87154,85851
87154,84441
87154,1836
87154,92548
87154,1332
87154,30860
87154,42102
87154,30719
87154,22807
87154,23525
87154,65472
87154,97475
87154,74365
87154,19487
87154,99057
87154,92236
87154,21092
87154,19451
87154,80999
87154,43003
87154,72188
87154,65746
87154,5199
87154,18030
87154,66075
87154,80321
87154,86538
87154,32541
87154,22110
87154,12906
87154,89459
87154,1198
87154,88950
87154,48391
87154,37195
87154,7021
87154,15718
87154,84595
87154,63663
87154,47003
87154,3793
87154,70511
87154,87941
87154,59338
87154,82814
87154,82847
87154,15096
87154,52905
87154,79870
87154,34016
87154,11766
87154,42819
87154,5943
87154,36851
87154,14765
87154,75444
87154,55319
87154,93735
87154,9588
87154,47187
87154,81743
87154,53495
87154,39501
87154,39888
87154,84280
87154,45841
87154,63297
87154,62293
87154,93464
87154,70167
87154,14299
87154,48302
87154,71569
87154,76793
87154,74988
87154,95995
87154,69725
87154,21334
87154,97247
87154,12104
87154,36422
87154,56359
87154,64039
87154,50519
87154,45925
87154,43946
87154,79589
87154,85262
87154,78665
87154,59783
87154,79515
87154,22436
87154,67747
87154,37787
87154,18882
87154,12599
87154,78591
87154,37106
87154,72568
87154,62789
87154,93507
87154,3913
87154,90546
87154,33196
87154,49233
87154,72270
87154,45506
87154,34076
87154,52708
87154,10188
87154,51097
87154,66713
87154,84135
87154,18445
87154,92100
87154,13278
87154,82741
87154,39310
87154,39058
87154,17185
87154,28282
87154,88089
87154,45696
87154,998
87154,65163
87154,96211
87154,16291
87154,52703
87154,95796
87154,18064
87154,13373
87154,73873
87154,9169
87154,61976
87154,91043
87154,16219
87154,75733
87154,47458
87154,90808
87154,1318
87154,94637
87154,64597
87154,49307
87154,74888
87154,52110
87154,1711
87154,44128
10875,99322
10875,15989
10875,49558
10875,72594
10875,87810
10875,46461
10875,11960
10875,95763
10875,10520
10875,10563
10875,8287
10875,69995
10875,36162
10875,9150
10875,70282
10875,2500
10875,34924
10875,91832
10875,4071
10875,19091
10875,87269
10875,1198
10875,28495
10875,48898
10875,59054
10875,3793
10875,96507
10875,39809
10875,21036
10875,26544
10875,14765
10875,4272
10875,55319
10875,47187
10875,37840
10875,39888
10875,84280
10875,14299
10875,42923
10875,44348
10875,99290
10875,48745
10875,62224
10875,24497
10875,59844
10875,29704
10875,76145
10875,72270
10875,52708
10875,56489
10875,1829
10875,56407
10875,29290
10875,41543
10875,73409
10875,9169
10875,697
10875,94637
21129,12376
21129,54084
21129,97522
21129,2885
21129,70994
21129,12999
21129,53926
21129,90965
21129,84230
21129,73918
21129,28680
21129,29838
21129,43561
21129,65887
21129,15989
21129,63867
21129,43735
21129,59121
21129,20082
21129,90113
21129,79650
21129,50306
21129,77939
21129,72594
21129,64451
21129,83129
21129,1503
21129,49372
21129,38578
21129,39079
21129,11960
21129,36875
21129,10564
21129,50802
21129,8013
21129,60979
21129,7959
21129,59292
21129,50015
21129,54857
21129,82315
21129,36866
21129,39080
21129,4731
21129,11125
21129,26165
21129,3617
21129,62803
21129,2418
21129,26405
21129,7697
21129,64607
21129,63014
21129,89624
21129,27671
21129,13148
21129,78983
21129,49195
21129,18765
21129,30614
21129,91
21129,16081
21129,34053
21129,63951
21129,51431
21129,54361
21129,80996
21129,20562
21129,70954
21129,66326
21129,74853
21129,43875
21129,13875
21129,7315
21129,48244
21129,62905
21129,92655
21129,13512
21129,30860
21129,30719
21129,23594
21129,64747
21129,34924
21129,16722
21129,3924
21129,28928
21129,14290
21129,54129
21129,19487
21129,7926
21129,53082
21129,72188
21129,4071
21129,65664
21129,19091
21129,29358
21129,82093
21129,86538
21129,45216
21129,15889
21129,61524
21129,25706
21129,75920
21129,84595
21129,34808
21129,37512
21129,70511
21129,62444
21129,50883
21129,24353
21129,96507
21129,85606
21129,47292
21129,19152
21129,20079
21129,46428
21129,82847
21129,47881
21129,15096
21129,34016
21129,11766
21129,21036
21129,36851
21129,11733
21129,14425
21129,53770
21129,65295
21129,39383
21129,1349
21129,34448
21129,49068
21129,41473
21129,39501
21129,84280
21129,99792
21129,8982
21129,71569
21129,76327
21129,99173
21129,87505
21129,42987
21129,69725
21129,95265
21129,6856
21129,78374
21129,42923
21129,8796
21129,38211
21129,44348
21129,58159
21129,70679
21129,3
21129,28714
21129,43946
21129,6815
21129,6090
21129,50307
21129,85262
21129,78665
21129,48790
21129,28799
21129,62224
21129,67009
21129,36956
21129,24497
21129,22436
21129,37787
21129,86833
21129,97900
21129,8536
21129,17736
21129,72270
21129,10188
21129,69125
21129,18841
21129,51097
21129,5059
21129,55334
21129,84135
21129,32176
21129,13278
21129,39310
21129,28112
21129,39058
21129,20445
21129,48933
21129,17526
21129,49957
21129,29290
21129,74594
21129,45696
21129,8697
21129,88486
21129,998
21129,85617
21129,37735
21129,41543
21129,4809
21129,85038
21129,99757
21129,10424
21129,65334
21129,86447
21129,80759
21129,9169
21129,61976
21129,7137
21129,13395
21129,78277
21129,90085
21129,47458
21129,89967
21129,39496
21129,25838
21129,1318
21129,30776
21129,74088
21129,44128
21129,7197
20111,90965
20111,84230
20111,99710
20111,96311
20111,40029
20111,34874
20111,81015
20111,10563
20111,5957
20111,48196
20111,58424
20111,60979
20111,65538
20111,41435
20111,77441
20111,62803
20111,2418
20111,87239
20111,72277
20111,49195
20111,51431
20111,68964
20111,6
20111,57494
20111,84059
20111,74365
20111,14290
20111,36838
20111,72188
20111,4071
20111,65664
20111,82093
20111,12242
20111,53881
20111,70511
20111,62444
20111,66004
20111,46828
20111,9031
20111,10042
20111,57173
20111,36851
20111,78675
20111,95853
20111,99173
20111,78374
20111,8796
20111,30481
20111,38589
20111,67009
20111,22436
20111,1674
20111,85225
20111,57242
20111,77844
20111,13278
20111,39310
20111,18218
20111,65896
20111,9835
20111,79138
20111,2677
20111,10424
20111,91319
20111,90085
20111,17930
20111,20515
20111,33470
99092,97522
99092,70994
99092,12999
99092,99322
99092,99710
99092,15989
99092,14613
99092,49558
99092,88731
99092,14210
99092,98122
99092,79650
99092,8980
99092,3545
99092,34874
99092,91713
99092,81015
99092,36458
99092,82241
99092,39983
99092,36875
99092,5957
99092,58424
99092,26312
99092,50015
99092,36162
99092,82315
99092,22340
99092,9150
99092,51451
99092,4731
99092,62803
99092,64607
99092,63866
99092,13148
99092,49195
99092,29884
99092,97386
99092,5949
99092,66326
99092,74853
99092,66501
99092,13512
99092,21230
99092,91223
99092,1608
99092,84059
99092,14421
99092,74365
99092,96691
99092,7926
99092,82093
99092,88161
99092,28495
99092,37195
99092,24234
99092,96472
99092,59054
99092,40753
99092,42723
99092,47003
99092,70511
99092,56254
99092,66004
99092,24353
99092,98521
99092,13705
99092,86997
99092,20079
99092,53695
99092,82814
99092,61309
99092,79834
99092,46428
99092,9031
99092,10042
99092,47881
99092,57173
99092,21036
99092,95408
99092,26544
99092,5943
99092,62943
99092,36851
99092,13968
99092,14765
99092,11733
99092,16012
99092,53770
99092,65295
99092,47187
99092,37840
99092,28935
99092,36296
99092,63297
99092,95995
99092,21334
99092,78374
99092,8796
99092,27266
99092,31580
99092,48745
99092,85262
99092,78665
99092,57782
99092,19851
99092,68857
99092,4925
99092,76147
99092,21855
99092,85225
99092,57242
99092,72568
99092,8536
99092,29704
99092,52708
99092,51097
99092,55334
99092,58681
99092,57589
99092,33249
99092,17185
99092,79138
99092,33450
99092,8697
99092,61825
99092,85617
99092,2677
99092,41543
99092,18064
99092,13373
99092,99454
99092,53352
99092,51334
99092,652
99092,64597
99092,74888
99092,44128
27491,12376
27491,41477
27491,94649
27491,11003
27491,12361
27491,37605
27491,43561
27491,15989
27491,63867
27491,14210
27491,16021
27491,79650
27491,44305
27491,3545
27491,77939
27491,72594
27491,10428
27491,64451
27491,66638
27491,55515
27491,30965
27491,39824
27491,82241
27491,39983
27491,87781
27491,36875
27491,38335
27491,64417
27491,49983
27491,43652
27491,65268
27491,68556
27491,46068
27491,48196
27491,1795
27491,96937
27491,58914
27491,98463
27491,82315
27491,73798
27491,73733
27491,60211
27491,9150
27491,65538
27491,78428
27491,91642
27491,51846
27491,78373
27491,28105
27491,46431
27491,77441
27491,3193
27491,78824
27491,29923
27491,2418
27491,26405
27491,62704
27491,58143
27491,63014
27491,83365
27491,97893
27491,82739
27491,39301
27491,44672
27491,7685
27491,27671
27491,80519
27491,67649
27491,18765
27491,16081
27491,29884
27491,47066
27491,34053
27491,63951
27491,71346
27491,30205
27491,9915
27491,43875
27491,7315
27491,45177
27491,34274
27491,98151
27491,46061
27491,62905
27491,92655
27491,38505
27491,13512
27491,27254
27491,30860
27491,30719
27491,64775
27491,86289
27491,96678
27491,90997
27491,27522
27491,24548
27491,78229
27491,13285
27491,57494
27491,27199
27491,22528
27491,14290
27491,36838
27491,99057
27491,18674
27491,21092
27491,79278
27491,72188
27491,65664
27491,19091
27491,34523
27491,29358
27491,66075
27491,80321
27491,40584
27491,81052
27491,1198
27491,28495
27491,88950
27491,48391
27491,37195
27491,12138
27491,15718
27491,29822
27491,44313
27491,97287
27491,42635
27491,34808
27491,37654
27491,63663
27491,3793
27491,94691
27491,71951
27491,41743
27491,26261
27491,85606
27491,74421
27491,47292
27491,86997
27491,20079
27491,82814
27491,95970
27491,10042
27491,47881
27491,79870
27491,11766
27491,72410
27491,36851
27491,21947
27491,11733
27491,1349
27491,88953
27491,86161
27491,87379
27491,53495
27491,59817
27491,29682
27491,39888
27491,84280
27491,20149
27491,36296
27491,63297
27491,93464
27491,70167
27491,95338
27491,8982
27491,75375
27491,28136
27491,15956
27491,76327
27491,70254
27491,26638
27491,95265
27491,97247
27491,42923
27491,12104
27491,56747
27491,62837
27491,30481
27491,66626
27491,83902
27491,70600
27491,31580
27491,61025
27491,44949
27491,57782
27491,7025
27491,43746
27491,48790
27491,94730
27491,77964
27491,28799
27491,81307
27491,94202
27491,12407
27491,62224
27491,45770
27491,67747
27491,63620
27491,96932
27491,21855
27491,4312
27491,59844
27491,37106
27491,97900
27491,29704
27491,33196
27491,55184
27491,45506
27491,77844
27491,52708
27491,56489
27491,7536
27491,11238
27491,56407
27491,57589
27491,13278
27491,33249
27491,18218
27491,28112
27491,39058
27491,38591
27491,88089
27491,17526
27491,49957
27491,29290
27491,74594
27491,79138
27491,21831
27491,998
27491,97567
27491,90034
27491,85617
27491,37735
27491,96211
27491,16291
27491,27660
27491,52703
27491,12515
27491,91319
27491,18064
27491,63531
27491,61976
27491,13395
27491,53056
27491,19794
27491,90307
27491,16219
27491,95180
27491,17930
27491,75733
27491,66677
27491,32666
27491,49307
27491,30776
27491,74088
27491,74888
27491,7197
88992,84844
88992,12376
88992,40696
88992,2885
88992,46602
88992,32818
88992,25155
88992,37605
88992,74649
88992,14613
88992,87030
88992,79650
88992,44305
88992,3545
88992,3805
88992,66638
88992,83129
88992,1272
88992,30965
88992,36458
88992,36875
88992,93944
88992,64417
88992,89592
88992,38932
88992,65268
88992,8287
88992,26312
88992,60979
88992,72149
88992,22340
88992,91642
88992,4731
88992,11125
88992,88776
88992,2418
88992,7697
88992,64607
88992,63014
88992,89624
88992,94556
88992,69711
88992,14531
88992,48721
88992,51431
88992,41019
88992,50886
88992,46061
88992,19581
88992,48244
88992,85851
88992,84441
88992,92655
88992,13512
88992,30860
88992,27522
88992,22528
88992,28928
88992,14290
88992,36838
88992,65432
88992,4071
88992,5199
88992,29358
88992,80321
88992,71128
88992,12242
88992,88161
88992,53881
88992,40753
88992,84024
88992,42635
88992,34808
88992,42723
88992,49424
88992,87941
88992,13122
88992,56254
88992,85606
88992,19152
88992,37212
88992,9031
88992,89757
88992,54466
88992,26544
88992,76900
88992,4272
88992,21026
88992,49068
88992,72659
88992,59817
88992,90219
88992,80842
88992,6594
88992,71569
88992,35999
88992,26638
88992,95995
88992,78374
88992,42923
88992,58617
88992,66626
88992,27266
88992,73973
88992,38589
88992,48745
88992,45185
88992,64317
88992,57967
88992,62224
88992,36956
88992,45770
88992,1674
88992,78591
88992,72598
88992,82993
88992,72270
88992,77844
88992,34076
88992,10188
88992,61238
88992,58681
88992,82741
88992,17185
88992,65896
88992,74594
88992,45696
88992,8697
88992,65163
88992,85617
88992,2677
88992,24072
88992,85038
88992,99473
88992,91319
88992,89249
88992,93387
88992,64575
88992,61976
88992,17930
88992,75733
88992,47458
88992,20515
88992,90808
88992,46196
88992,85528
88992,64597
88992,49307
88992,44128
54292,1064
54292,94791
54292,53643
54292,96311
54292,29838
54292,7612
54292,3805
54292,1272
54292,92369
54292,81015
54292,39983
54292,25310
54292,87781
54292,10520
54292,24302
54292,50136
54292,49983
54292,58424
54292,29210
54292,88384
54292,76017
54292,50426
54292,11153
54292,41435
54292,51846
54292,41190
54292,60090
54292,26165
54292,26405
54292,47172
54292,63014
54292,29628
54292,90375
54292,474
54292,6262
54292,29884
54292,63951
54292,51431
54292,68964
54292,70954
54292,39863
54292,30205
54292,6346
54292,42102
54292,19897
54292,96678
54292,3924
54292,28928
54292,14290
54292,99057
54292,18674
54292,65664
54292,36891
54292,31024
54292,61524
54292,88161
54292,91374
54292,44313
54292,34808
54292,42723
54292,3793
54292,13122
54292,66004
54292,20079
54292,67349
54292,37212
54292,9031
54292,58660
54292,18276
54292,47881
54292,42819
54292,36851
54292,59113
54292,26618
54292,26074
54292,15956
54292,6856
54292,38798
54292,30481
54292,58159
54292,64039
54292,70600
54292,6090
54292,48790
54292,12407
54292,24497
54292,22436
54292,63620
54292,1674
54292,78177
54292,4232
54292,12599
54292,86833
54292,93507
54292,90546
54292,45506
54292,77844
54292,74722
54292,92100
54292,13278
54292,17185
54292,9835
54292,39993
54292,87993
54292,31910
54292,90034
54292,18808
54292,12515
54292,73409
54292,91319
54292,63531
54292,36323
54292,52638
54292,75733
54292,66677
54292,74088
85279,97522
85279,39243
85279,46602
85279,70994
85279,74649
85279,37624
85279,14340
85279,36875
85279,26312
85279,60979
85279,72149
85279,92155
85279,44043
85279,94556
85279,83365
85279,39301
85279,63866
85279,78983
85279,18765
85279,16081
85279,70954
85279,39863
85279,85851
85279,49679
85279,13285
85279,23525
85279,7926
85279,65746
85279,82093
85279,86538
85279,12242
85279,75920
85279,97287
85279,16425
85279,42723
85279,47003
85279,73295
85279,87941
85279,98521
85279,53695
85279,47881
85279,15096
85279,42819
85279,16012
85279,53770
85279,71569
85279,15956
85279,60730
85279,94202
85279,78177
85279,4232
85279,97900
85279,8536
85279,40938
85279,67921
85279,34076
85279,17185
85279,79138
85279,97754
85279,85617
85279,30568
85279,27660
85279,86447
85279,66677
85279,697
85279,64597
85279,21236
85279,97957
90388,39243
90388,53926
90388,90965
90388,84230
90388,28680
90388,37605
90388,36078
90388,98122
90388,59121
90388,37624
90388,16021
90388,61726
90388,50306
90388,72594
90388,70434
90388,36458
90388,51625
90388,53548
90388,25310
90388,64417
90388,8013
90388,24302
90388,60979
90388,72149
90388,87765
90388,58245
90388,22340
90388,65538
90388,39080
90388,91642
90388,30083
90388,51055
90388,11125
90388,51710
90388,26165
90388,29923
90388,51678
90388,44043
90388,94556
90388,83365
90388,51855
90388,76214
90388,28429
90388,90375
90388,14531
90388,29884
90388,5949
90388,92882
90388,63951
90388,51431
90388,54361
90388,80996
90388,70954
90388,42451
90388,66326
90388,66501
90388,41019
90388,7315
90388,98151
90388,46061
90388,38505
90388,92548
90388,93016
90388,27254
90388,30860
90388,64775
90388,86289
90388,81497
90388,27522
90388,74600
90388,23525
90388,34924
90388,22528
90388,74365
90388,3924
90388,54129
90388,46692
90388,53082
90388,65746
90388,65664
90388,29358
90388,80321
90388,45216
90388,81052
90388,88161
90388,7021
90388,4177
90388,44313
90388,97287
90388,42635
90388,34808
90388,16425
90388,37654
90388,42723
90388,87941
90388,48430
90388,13122
90388,41743
90388,74421
90388,47292
90388,67349
90388,58951
90388,79834
90388,46428
90388,10042
90388,47881
90388,60670
90388,15096
90388,34016
90388,11766
90388,26544
90388,14765
90388,11733
90388,4272
90388,47820
90388,55639
90388,93735
90388,21026
90388,86161
90388,15566
90388,73704
90388,37840
90388,59113
90388,28935
90388,53495
90388,63297
90388,95338
90388,95853
90388,95995
90388,69725
90388,21334
90388,97247
90388,78374
90388,12104
90388,38798
90388,70679
90388,58617
90388,10513
90388,64039
90388,10343
90388,29040
90388,6927
90388,45925
90388,6815
90388,79589
90388,79067
90388,38589
90388,6090
90388,48745
90388,85262
90388,43746
90388,51956
90388,60730
90388,64317
90388,81307
90388,62224
90388,36956
90388,11038
90388,19851
90388,44244
90388,63777
90388,75529
90388,3913
90388,77844
90388,10188
90388,7536
90388,60549
90388,11238
90388,6374
90388,66713
90388,18218
90388,17185
90388,38591
90388,88089
90388,74594
90388,45696
90388,39993
90388,87993
90388,62826
90388,31910
90388,4809
90388,99757
90388,16291
90388,92282
90388,65334
90388,86447
90388,73539
90388,42374
90388,9169
90388,61976
90388,16219
90388,89642
90388,17930
90388,66677
90388,47458
90388,90808
90388,5062
90388,64597
90388,10958
90388,49307
90388,1711
90388,80200
90388,44128
48028,12376
48028,90482
48028,46602
48028,50797
48028,94791
48028,12999
48028,90965
48028,99322
48028,17253
48028,99710
48028,12361
48028,57372
48028,37605
48028,96311
48028,29838
48028,63867
48028,14613
48028,49558
48028,36078
48028,2126
48028,94916
48028,20082
48028,59135
48028,79650
48028,10428
48028,64451
48028,91713
48028,69427
48028,38578
48028,78355
48028,79095
48028,20460
48028,38335
48028,59176
48028,93944
48028,10520
48028,64417
48028,8013
48028,50136
48028,49983
48028,76581
48028,10563
48028,5957
48028,58424
48028,6510
48028,69995
48028,50426
48028,24848
48028,60211
48028,57289
48028,91642
48028,51846
48028,65681
48028,41190
48028,39491
48028,4731
48028,11125
48028,46431
48028,88776
48028,39274
48028,3193
48028,40875
48028,3617
48028,62803
48028,10079
48028,7697
48028,64607
48028,47172
48028,86807
48028,43461
48028,97893
48028,16897
48028,39301
48028,2820
48028,76214
48028,13148
48028,90375
48028,72277
48028,80519
48028,14531
48028,49612
48028,29884
48028,8862
48028,34053
48028,12812
48028,92882
48028,20562
48028,30205
48028,63871
48028,7315
48028,45177
48028,34274
48028,46061
48028,48244
48028,62905
48028,85851
48028,65271
48028,64775
48028,78765
48028,49679
48028,23594
48028,24548
48028,22807
48028,14421
48028,63112
48028,74365
48028,54129
48028,80999
48028,58876
48028,34523
48028,31024
48028,40584
48028,71128
48028,89459
48028,1198
48028,25706
48028,95994
48028,48391
48028,37195
48028,48898
48028,7021
48028,84595
48028,3793
48028,49424
48028,94691
48028,13122
48028,66004
48028,81927
48028,96507
48028,13705
48028,85606
48028,59338
48028,29982
48028,67349
48028,53695
48028,6816
48028,47881
48028,60670
48028,76900
48028,13968
48028,19028
48028,39383
48028,34448
48028,15566
48028,49068
48028,72659
48028,9053
48028,81743
48028,92622
48028,26618
48028,99792
48028,20149
48028,90219
48028,47884
48028,63297
48028,70167
48028,95853
48028,28136
48028,76327
48028,2997
48028,87505
48028,26638
48028,12104
48028,56747
48028,10513
48028,3
48028,19147
48028,29040
48028,82703
48028,43946
48028,6815
48028,57837
48028,31580
48028,6090
48028,85262
48028,61025
48028,57782
48028,71663
48028,57967
48028,81307
48028,94202
48028,62224
48028,67009
48028,21683
48028,79515
48028,24497
48028,19851
48028,68857
48028,10353
48028,22436
48028,44244
48028,63777
48028,48609
48028,78177
48028,2584
48028,92503
48028,60228
48028,97900
48028,17736
48028,3913
48028,55184
48028,49233
48028,67921
48028,45506
48028,60549
48028,74722
48028,18841
48028,51097
48028,66713
48028,33249
48028,38591
48028,88089
48028,49957
48028,9835
48028,61825
48028,65163
48028,97754
48028,31910
48028,41543
48028,85038
48028,27660
48028,95796
48028,73409
48028,86447
48028,82704
48028,89249
48028,53352
48028,73539
48028,80759
48028,52638
48028,16219
48028,90085
48028,17930
48028,47458
48028,89967
48028,39496
48028,20515
48028,51334
48028,90808
48028,5062
48028,30776
48028,21236
48028,44128
48028,7197
69812,39885
69812,94791
69812,53643
69812,57372
69812,25155
69812,20082
69812,70434
69812,46461
69812,38932
69812,48196
69812,42452
69812,54857
69812,73798
69812,92155
69812,22648
69812,4731
69812,62707
69812,27671
69812,17936
69812,46061
69812,48244
69812,30860
69812,28928
69812,36838
69812,84024
69812,37512
69812,81927
69812,85606
69812,86997
69812,37212
69812,58660
69812,54466
69812,57173
69812,34016
69812,95408
69812,26544
69812,78675
69812,95265
69812,70679
69812,19147
69812,99290
69812,73973
69812,38589
69812,78665
69812,61573
69812,77942
69812,8628
69812,73855
69812,61238
69812,39310
69812,18218
69812,74594
69812,45696
69812,87993
69812,88486
69812,65163
69812,24072
69812,85038
69812,19794
69812,66677
69812,94637
19302,94791
19302,12361
19302,37624
19302,14340
19302,64416
19302,22517
19302,10428
19302,91713
19302,70434
19302,39079
19302,20460
19302,95594
19302,64417
19302,96937
19302,60979
19302,7959
19302,59292
19302,36162
19302,65681
19302,51055
19302,41190
19302,4731
19302,51710
19302,68169
19302,62704
19302,43461
19302,44043
19302,63866
19302,98684
19302,65304
19302,80996
19302,92655
19302,19897
19302,24548
19302,16722
19302,14290
19302,36854
19302,65432
19302,4071
19302,82093
19302,24070
19302,12242
19302,95994
19302,15718
19302,4177
19302,84595
19302,96472
19302,84024
19302,16425
19302,50883
19302,84822
19302,53695
19302,61309
19302,62943
19302,19028
19302,21026
19302,86161
19302,87379
19302,92622
19302,63297
19302,93464
19302,15956
19302,78995
19302,38211
19302,37372
19302,7339
19302,6927
19302,6815
19302,79067
19302,13613
19302,78665
19302,45185
19302,48609
19302,63620
19302,21855
19302,78177
19302,82993
19302,45506
19302,34076
19302,7536
19302,57589
19302,74176
19302,33249
19302,28112
19302,48933
19302,88089
19302,45696
19302,88486
19302,96211
19302,95796
19302,63531
19302,30692
19302,93387
19302,73873
19302,42374
19302,90650
19302,30776
19302,74088
19302,1711
14956,1064
14956,39243
14956,50797
14956,70994
14956,12999
14956,53926
14956,99710
14956,79668
14956,37605
14956,37711
14956,15989
14956,43735
14956,90113
14956,61726
14956,81332
14956,44305
14956,3545
14956,3805
14956,92369
14956,81015
14956,53548
14956,69427
14956,25310
14956,93944
14956,50802
14956,50136
14956,65268
14956,8287
14956,1795
14956,47260
14956,96937
14956,7959
14956,58914
14956,88384
14956,76017
14956,98463
14956,36162
14956,73798
14956,11153
14956,91642
14956,30083
14956,39491
14956,26165
14956,3617
14956,13748
14956,23385
14956,64607
14956,47172
14956,86807
14956,8309
14956,50055
14956,44582
14956,39301
14956,13914
14956,63866
14956,27671
14956,72277
14956,17936
14956,49195
14956,65304
14956,39863
14956,82969
14956,3086
14956,27254
14956,25460
14956,86289
14956,19897
14956,78765
14956,78229
14956,26935
14956,65472
14956,88855
14956,34924
14956,82707
14956,84059
14956,14421
14956,80887
14956,51181
14956,19487
14956,99057
14956,46692
14956,7926
14956,99162
14956,18674
14956,36854
14956,33181
14956,53082
14956,4071
14956,54974
14956,27455
14956,82093
14956,98615
14956,24070
14956,81052
14956,12906
14956,12242
14956,15889
14956,94363
14956,48898
14956,12138
14956,75920
14956,59063
14956,59054
14956,97287
14956,42723
14956,3793
14956,63042
14956,87941
14956,48430
14956,24353
14956,98521
14956,96507
14956,19152
14956,84822
14956,9031
14956,8669
14956,91314
14956,10042
14956,47881
14956,52905
14956,42819
14956,62943
14956,36851
14956,88953
14956,34448
14956,49068
14956,87379
14956,9053
14956,47187
14956,92622
14956,39888
14956,84280
14956,90219
14956,80842
14956,63297
14956,14299
14956,6594
14956,8982
14956,71569
14956,28136
14956,44976
14956,6856
14956,78374
14956,85542
14956,8796
14956,30481
14956,44348
14956,58159
14956,66626
14956,76511
14956,99290
14956,10343
14956,7339
14956,6927
14956,38589
14956,31580
14956,50307
14956,17354
14956,7025
14956,59783
14956,61326
14956,79515
14956,24497
14956,12333
14956,10353
14956,67747
14956,98306
14956,59844
14956,12599
14956,86833
14956,72568
14956,8536
14956,33196
14956,55184
14956,49233
14956,34076
14956,69125
14956,7536
14956,1829
14956,18841
14956,73855
14956,18445
14956,18218
14956,20762
14956,69661
14956,29290
14956,74594
14956,79138
14956,8697
14956,21831
14956,61825
14956,85617
14956,72466
14956,85038
14956,99473
14956,30568
14956,16291
14956,27660
14956,92282
14956,65334
14956,13373
14956,35240
14956,30692
14956,9320
14956,61976
14956,13395
14956,80572
14956,17930
14956,66677
14956,47458
14956,89967
14956,35079
14956,90808
14956,652
14956,64597
14956,49307
14956,33252
14956,44128
99598,12376
99598,54084
99598,28620
99598,12999
99598,69909
99598,99322
99598,74649
99598,65887
99598,15989
99598,63867
99598,49558
99598,40029
99598,14210
99598,44305
99598,72594
99598,55515
99598,91713
99598,92369
99598,49372
99598,53548
99598,38335
99598,59176
99598,64417
99598,89592
99598,8287
99598,48196
99598,1795
99598,47260
99598,6510
99598,54857
99598,36866
99598,30083
99598,51451
99598,78824
99598,62803
99598,26405
99598,64607
99598,63014
99598,94556
99598,69711
99598,44582
99598,13914
99598,44672
99598,17936
99598,49195
99598,91
99598,48721
99598,5949
99598,34053
99598,51431
99598,30205
99598,42451
99598,9915
99598,41019
99598,98151
99598,84441
99598,6
99598,30860
99598,42102
99598,86289
99598,27522
99598,92866
99598,85293
99598,43175
99598,88855
99598,97475
99598,16722
99598,14421
99598,3924
99598,14290
99598,83163
99598,80999
99598,65664
99598,19091
99598,82093
99598,86538
99598,45216
99598,40584
99598,81052
99598,87269
99598,61524
99598,15718
99598,59063
99598,48430
99598,50883
99598,24353
99598,81927
99598,74421
99598,82814
99598,58660
99598,91314
99598,47881
99598,82639
99598,72410
99598,42819
99598,95408
99598,62943
99598,36851
99598,13968
99598,14425
99598,65295
99598,11775
99598,55639
99598,1349
99598,9588
99598,26618
99598,99792
99598,80842
99598,76793
99598,58578
99598,95995
99598,42987
99598,6856
99598,58617
99598,66626
99598,76511
99598,3
99598,63028
99598,27266
99598,73973
99598,37372
99598,48790
99598,94730
99598,77841
99598,48609
99598,1674
99598,6463
99598,37787
99598,3101
99598,92503
99598,97900
99598,76145
99598,40938
99598,45506
99598,69125
99598,1829
99598,51097
99598,5059
99598,84135
99598,13278
99598,43081
99598,39310
99598,17185
99598,38591
99598,88089
99598,29290
99598,9835
99598,45696
99598,21831
99598,85617
99598,2677
99598,35093
99598,24072
99598,63531
99598,30692
99598,52638
99598,13395
99598,90650
99598,53056
99598,16219
99598,47458
99598,35079
99598,1318
99598,5062
99598,697
99598,80686
99598,94637
99598,59530
99598,7197
99552,12376
99552,41477
99552,50797
99552,69909
99552,99710
99552,57372
99552,74649
99552,49558
99552,40029
99552,14210
99552,37624
99552,43092
99552,87810
99552,83129
99552,1272
99552,70392
99552,82241
99552,39983
99552,95763
99552,50136
99552,65268
99552,58424
99552,76017
99552,98463
99552,51451
99552,4731
99552,11125
99552,78824
99552,87239
99552,50055
99552,44582
99552,39301
99552,2820
99552,3228
99552,72277
99552,30614
99552,36215
99552,29884
99552,51431
99552,54361
99552,74853
99552,41019
99552,65271
99552,84441
99552,42102
99552,49679
99552,23594
99552,34924
99552,84059
99552,14290
99552,83163
99552,80999
99552,91832
99552,33181
99552,72188
99552,4071
99552,19091
99552,31024
99552,98615
99552,40584
99552,81052
99552,25706
99552,48391
99552,59054
99552,63663
99552,59114
99552,24353
99552,47292
99552,59338
99552,19152
99552,67349
99552,61309
99552,9031
99552,52905
99552,95408
99552,26544
99552,36851
99552,14765
99552,14425
99552,87379
99552,87456
99552,37840
99552,99173
99552,26638
99552,42987
99552,21334
99552,6856
99552,78374
99552,8796
99552,76511
99552,6090
99552,28799
99552,12407
99552,24497
99552,68857
99552,22436
99552,48609
99552,1674
99552,85225
99552,57242
99552,29704
99552,76145
99552,45506
99552,62851
99552,55334
99552,92100
99552,79102
99552,43081
99552,33249
99552,88089
99552,9835
99552,79138
99552,8697
99552,41543
99552,85038
99552,73409
99552,37022
99552,73539
99552,64575
99552,53056
99552,32666
99552,90808
99552,1318
1647,12376
1647,1064
1647,39243
1647,50797
1647,74649
1647,14613
1647,43092
1647,7612
1647,10428
1647,81015
1647,78355
1647,3193
1647,40875
1647,51710
1647,23385
1647,13914
1647,98684
1647,16081
1647,71870
1647,54361
1647,9915
1647,84441
1647,38505
1647,30719
1647,81497
1647,92866
1647,64747
1647,16722
1647,27199
1647,19487
1647,72188
1647,65432
1647,89459
1647,61524
1647,48898
1647,29822
1647,42635
1647,26761
1647,86161
1647,70167
1647,97247
1647,76511
1647,27266
1647,70600
1647,48745
1647,44244
1647,63620
1647,37106
1647,72568
1647,67921
1647,49942
1647,56489
1647,84135
1647,20762
1647,49957
1647,29290
1647,42982
1647,97567
1647,95180
1647,697
1647,10958
1647,33470
72821,94791
72821,37711
72821,63867
72821,84178
72821,37624
72821,7612
72821,1503
72821,36458
72821,70392
72821,11960
72821,25310
72821,95763
72821,95594
72821,74059
72821,89592
72821,38932
72821,1795
72821,6510
72821,7959
72821,58914
72821,50015
72821,42452
72821,54857
72821,36866
72821,73798
72821,65538
72821,39080
72821,78373
72821,51451
72821,11125
72821,70782
72821,39274
72821,3617
72821,2418
72821,62704
72821,51678
72821,64607
72821,58143
72821,43461
72821,50055
72821,13914
72821,62707
72821,44672
72821,29628
72821,78983
72821,80519
72821,49612
72821,89332
72821,48721
72821,47066
72821,71870
72821,12812
72821,51431
72821,30205
72821,42451
72821,9915
72821,7315
72821,50886
72821,19581
72821,62905
72821,92655
72821,30860
72821,27522
72821,24548
72821,13285
72821,22799
72821,57494
72821,1608
72821,97475
72821,14290
72821,36838
72821,54129
72821,99057
72821,99162
72821,18674
72821,43003
72821,53082
72821,72188
72821,51810
72821,19091
72821,86538
72821,61524
72821,113
72821,48391
72821,3793
72821,37512
72821,73295
72821,71951
72821,98521
72821,26261
72821,13705
72821,47292
72821,86997
72821,20079
72821,67349
72821,53695
72821,58951
72821,61309
72821,89757
72821,58660
72821,91314
72821,54466
72821,47881
72821,72929
72821,26544
72821,36851
72821,4272
72821,65295
72821,9076
72821,73704
72821,59113
72821,14240
72821,99792
72821,47884
72821,80842
72821,62293
72821,93464
72821,95338
72821,28136
72821,99173
72821,87505
72821,42987
72821,78995
72821,95265
72821,21334
72821,56747
72821,58159
72821,84083
72821,3
72821,9239
72821,29040
72821,82703
72821,45925
72821,6815
72821,38589
72821,50307
72821,4027
72821,90275
72821,77841
72821,21683
72821,10692
72821,12333
72821,68857
72821,22436
72821,63777
72821,63620
72821,6463
72821,18882
72821,59844
72821,12599
72821,3101
72821,86833
72821,37106
72821,92503
72821,72598
72821,17736
72821,76145
72821,49942
72821,77844
72821,60549
72821,1829
72821,66713
72821,84135
72821,92100
72821,82741
72821,43081
72821,27856
72821,39310
72821,38591
72821,49957
72821,9835
72821,8697
72821,62826
72821,31910
72821,85617
72821,37735
72821,99757
72821,99473
72821,16291
72821,73409
72821,13373
72821,99454
72821,64575
72821,52638
72821,91043
72821,16219
72821,75733
72821,10059
72821,85528
72821,30776
72821,74088
72821,33252
72821,33470
72821,59530
72821,97957
88951,90482
88951,1064
88951,46602
88951,70994
88951,94791
88951,28620
88951,17253
88951,79668
88951,3545
88951,30965
88951,79095
88951,95763
88951,95594
88951,24302
88951,50136
88951,22048
88951,6510
88951,7959
88951,50426
88951,73445
88951,4731
88951,26165
88951,23385
88951,43461
88951,89624
88951,39301
88951,13914
88951,76214
88951,29628
88951,90375
88951,97386
88951,12812
88951,66326
88951,6346
88951,27522
88951,63112
88951,22528
88951,21793
88951,99057
88951,51810
88951,45216
88951,24070
88951,71128
88951,12242
88951,96472
88951,91374
88951,42635
88951,42723
88951,49424
88951,48430
88951,50883
88951,81927
88951,13705
88951,86997
88951,67349
88951,6816
88951,8669
88951,57173
88951,60670
88951,15096
88951,65295
88951,15566
88951,73704
88951,39501
88951,78675
88951,39888
88951,84280
88951,20149
88951,93464
88951,95853
88951,6594
88951,99173
88951,87505
88951,95995
88951,95265
88951,42923
88951,8796
88951,44348
88951,70679
88951,66626
88951,37372
88951,9239
88951,57837
88951,85262
88951,48790
88951,61573
88951,24497
88951,10353
88951,63777
88951,1674
88951,75529
88951,37787
88951,12599
88951,78591
88951,37106
88951,97900
88951,8536
88951,90546
88951,45506
88951,33249
88951,39310
88951,38591
88951,88089
88951,39993
88951,68607
88951,35093
88951,84551
88951,24072
88951,92966
88951,12515
88951,10424
88951,95796
88951,93387
88951,9169
88951,52638
88951,53056
88951,88311
88951,5062
88951,68532
88951,652
88951,52110
62815,84844
62815,90482
62815,2885
62815,17253
62815,99710
62815,79668
62815,37711
62815,15989
62815,14613
62815,50306
62815,43092
62815,95607
62815,41448
62815,10428
62815,66638
62815,1272
62815,81015
62815,46159
62815,79095
62815,87781
62815,74059
62815,10563
62815,8287
62815,48196
62815,35573
62815,47260
62815,76017
62815,69995
62815,50015
62815,50426
62815,36162
62815,36866
62815,60211
62815,41190
62815,4731
62815,11125
62815,46431
62815,39274
62815,26165
62815,2418
62815,26405
62815,23385
62815,63014
62815,89624
62815,63866
62815,72277
62815,6262
62815,29884
62815,89332
62815,48721
62815,5949
62815,65304
62815,63951
62815,54361
62815,94560
62815,30205
62815,74853
62815,7315
62815,92655
62815,38505
62815,82969
62815,96678
62815,81497
62815,49679
62815,78229
62815,26935
62815,34924
62815,63112
62815,74365
62815,3924
62815,28928
62815,14290
62815,36838
62815,43003
62815,53082
62815,65432
62815,4071
62815,80321
62815,71128
62815,88950
62815,113
62815,53881
62815,12138
62815,29822
62815,34808
62815,49424
62815,70511
62815,94691
62815,98521
62815,96507
62815,59338
62815,84822
62815,46828
62815,67349
62815,79834
62815,54466
62815,10042
62815,96149
62815,47881
62815,57173
62815,11766
62815,42819
62815,5943
62815,36851
62815,13968
62815,11775
62815,47820
62815,9588
62815,39501
62815,39888
62815,26074
62815,18845
62815,42987
62815,8796
62815,38211
62815,70679
62815,19147
62815,28714
62815,70600
62815,45925
62815,13613
62815,61025
62815,45185
62815,43746
62815,90275
62815,61573
62815,67009
62815,24497
62815,22436
62815,1674
62815,76147
62815,18882
62815,57242
62815,60228
62815,8536
62815,93507
62815,74499
62815,7536
62815,74722
62815,1829
62815,33249
62815,28282
62815,17526
62815,79138
62815,99757
62815,99473
62815,27660
62815,10424
62815,95796
62815,73409
62815,18064
62815,13373
62815,63531
62815,80759
62815,90650
62815,53056
62815,78277
62815,90307
62815,90085
62815,10059
62815,74888
62815,59530
58208,1064
58208,97522
58208,2885
58208,70994
58208,69909
58208,99322
58208,94649
58208,79668
58208,695
58208,25155
58208,29838
58208,37711
58208,73945
58208,98122
58208,22551
58208,14340
58208,59135
58208,43092
58208,44305
58208,72594
58208,34874
58208,10428
58208,91713
58208,81015
58208,82241
58208,39983
58208,25310
58208,87781
58208,36875
58208,59176
58208,93944
58208,10564
58208,50136
58208,49983
58208,76581
58208,38932
58208,68556
58208,8287
58208,47260
58208,96937
58208,60979
58208,58914
58208,88384
58208,59292
58208,76017
58208,50426
58208,11153
58208,51846
58208,37570
58208,22648
58208,4731
58208,11125
58208,39274
58208,3193
58208,40875
58208,78824
58208,3617
58208,10079
58208,87239
58208,23385
58208,86807
58208,43461
58208,44043
58208,89624
58208,66992
58208,26030
58208,97872
58208,83365
58208,8309
58208,50055
58208,16897
58208,76214
58208,90375
58208,49612
58208,9891
58208,36215
58208,91
58208,47722
58208,47066
58208,46099
58208,71346
58208,30205
58208,66501
58208,31336
58208,7315
58208,34274
58208,48244
58208,62905
58208,6
58208,13512
58208,34524
58208,30860
58208,42102
58208,30719
58208,64775
58208,21230
58208,49679
58208,24548
58208,64747
58208,22799
58208,43175
58208,62153
58208,34924
58208,82707
58208,16722
58208,14421
58208,22528
58208,74365
58208,96691
58208,54129
58208,19487
58208,75147
58208,83163
58208,7926
58208,36854
58208,33181
58208,65432
58208,65746
58208,58876
58208,29358
58208,66075
58208,80321
58208,32541
58208,71128
58208,89459
58208,1198
58208,95994
58208,48391
58208,48898
58208,75920
58208,96472
58208,40753
58208,97287
58208,16425
58208,37654
58208,37512
58208,59114
58208,71951
58208,25316
58208,13122
58208,50883
58208,66004
58208,13705
58208,48612
58208,46828
58208,53695
58208,9031
58208,68658
58208,54466
58208,47881
58208,79870
58208,34016
58208,21036
58208,42819
58208,95408
58208,26544
58208,62943
58208,21947
58208,75444
58208,19028
58208,4272
58208,14425
58208,53770
58208,86161
58208,72659
58208,87456
58208,59113
58208,81743
58208,14240
58208,92622
58208,56529
58208,80842
58208,63297
58208,95338
58208,75375
58208,28136
58208,15956
58208,76327
58208,2997
58208,26638
58208,42987
58208,69725
58208,21334
58208,6856
58208,12104
58208,56747
58208,36422
58208,58617
58208,56359
58208,28714
58208,73973
58208,70600
58208,82703
58208,6927
58208,45925
58208,43946
58208,6090
58208,48745
58208,61025
58208,17354
58208,44949
58208,4027
58208,7025
58208,61573
58208,29811
58208,57967
58208,81307
58208,94202
58208,62224
58208,61326
58208,67009
58208,79515
58208,10692
58208,19851
58208,68857
58208,44244
58208,67747
58208,96932
58208,37787
58208,4312
58208,18882
58208,4232
58208,57242
58208,37106
58208,8536
58208,17736
58208,29704
58208,90546
58208,55184
58208,49942
58208,77844
58208,52708
58208,74722
58208,1829
58208,5059
58208,66713
58208,55334
58208,84135
58208,96402
58208,57589
58208,27856
58208,39058
58208,20445
58208,84098
58208,65896
58208,88089
58208,9835
58208,45696
58208,8697
58208,68607
58208,97754
58208,85617
58208,35093
58208,24072
58208,85038
58208,99757
58208,16291
58208,27660
58208,52703
58208,82704
58208,53352
58208,73873
58208,73539
58208,61976
58208,13395
58208,19794
58208,16219
58208,65114
58208,39496
58208,51334
58208,25838
58208,90808
58208,46196
58208,697
58208,25417
58208,10958
58208,74888
58208,21236
58208,1711
58208,44128
32883,84844
32883,65887
32883,98122
32883,81332
32883,34874
32883,87810
32883,66638
32883,1272
32883,49372
32883,11960
32883,95763
32883,59176
32883,10564
32883,8287
32883,58424
32883,36162
32883,41190
32883,62803
32883,26030
32883,50055
32883,90375
32883,49612
32883,66501
32883,50886
32883,21230
32883,13285
32883,43175
32883,2500
32883,26935
32883,97475
32883,16722
32883,14421
32883,83163
32883,31024
32883,98615
32883,1198
32883,87941
32883,24353
32883,96507
32883,58951
32883,91314
32883,21036
32883,42819
32883,62943
32883,4272
32883,47187
32883,73704
32883,78675
32883,44976
32883,58578
32883,48745
32883,57782
32883,43746
32883,59844
32883,3101
32883,37106
32883,97900
32883,16758
32883,34076
32883,74722
32883,1829
32883,18841
32883,56407
32883,28282
32883,16291
32883,10424
32883,86447
32883,91043
32883,697
32883,33470
30970,40696
30970,94791
30970,53643
30970,88731
30970,44305
30970,10428
30970,64451
30970,66638
30970,53548
30970,39079
30970,50802
30970,58245
30970,40875
30970,78824
30970,3617
30970,26405
30970,58143
30970,69711
30970,7685
30970,16081
30970,89332
30970,47066
30970,66501
30970,41019
30970,7926
30970,80999
30970,53082
30970,18030
30970,15718
30970,29822
30970,3793
30970,91314
30970,72929
30970,26544
30970,62943
30970,41473
30970,26618
30970,80842
30970,95853
30970,26638
30970,97247
30970,18165
30970,28714
30970,38589
30970,90275
30970,61573
30970,24497
30970,76147
30970,75529
30970,8536
30970,72598
30970,24072
30970,64575
30970,10958
91326,40696
91326,46602
91326,70994
91326,69909
91326,94649
91326,99710
91326,6420
91326,25155
91326,37605
91326,37711
91326,43561
91326,63867
91326,14613
91326,49558
91326,43735
91326,14210
91326,94916
91326,20082
91326,61726
91326,64416
91326,22517
91326,1272
91326,49372
91326,69427
91326,38578
91326,39079
91326,87781
91326,20460
91326,36875
91326,10520
91326,50802
91326,50136
91326,46068
91326,88384
91326,59292
91326,60388
91326,36162
91326,58245
91326,11153
91326,57289
91326,41435
91326,51846
91326,78373
91326,37570
91326,46431
91326,88776
91326,77441
91326,39274
91326,40875
91326,3617
91326,26405
91326,23385
91326,51678
91326,64607
91326,89624
91326,66992
91326,26030
91326,69711
91326,39301
91326,13914
91326,44672
91326,30883
91326,3228
91326,90375
91326,78983
91326,17936
91326,9891
91326,36215
91326,47722
91326,46099
91326,63951
91326,94560
91326,70954
91326,31336
91326,41019
91326,63871
91326,7315
91326,46061
91326,62905
91326,6346
91326,38505
91326,13512
91326,92548
91326,1332
91326,19897
91326,78765
91326,49679
91326,70282
91326,13285
91326,85293
91326,43175
91326,97475
91326,34924
91326,82707
91326,27199
91326,22528
91326,74365
91326,80887
91326,36838
91326,62515
91326,99162
91326,36854
91326,21092
91326,91832
91326,43003
91326,33181
91326,53082
91326,65432
91326,65746
91326,65664
91326,11158
91326,19091
91326,80321
91326,86538
91326,32541
91326,81052
91326,15889
91326,95994
91326,113
91326,37195
91326,7021
91326,29822
91326,59054
91326,40753
91326,44313
91326,37654
91326,42723
91326,37512
91326,94691
91326,59114
91326,48430
91326,71951
91326,62444
91326,56254
91326,66004
91326,24353
91326,55814
91326,84822
91326,48612
91326,29982
91326,82814
91326,46428
91326,89757
91326,64757
91326,91314
91326,96149
91326,18276
91326,47212
91326,82639
91326,42819
91326,26544
91326,76900
91326,75444
91326,16012
91326,4272
91326,14425
91326,11775
91326,47820
91326,88953
91326,86161
91326,49068
91326,72659
91326,59113
91326,28935
91326,41473
91326,59817
91326,92622
91326,39888
91326,36296
91326,90219
91326,95338
91326,18845
91326,99173
91326,58578
91326,70254
91326,69725
91326,85542
91326,8796
91326,38211
91326,30481
91326,44348
91326,66626
91326,84083
91326,63028
91326,99290
91326,64039
91326,10343
91326,9239
91326,70600
91326,45925
91326,6815
91326,48745
91326,61025
91326,78665
91326,4027
91326,43746
91326,51956
91326,48790
91326,90275
91326,28799
91326,61573
91326,60730
91326,59783
91326,57967
91326,20130
91326,81307
91326,94202
91326,62224
91326,61326
91326,45770
91326,63620
91326,76147
91326,75529
91326,4312
91326,18882
91326,72568
91326,17736
91326,40938
91326,74499
91326,72270
91326,49942
91326,45506
91326,10188
91326,56489
91326,69125
91326,51097
91326,5059
91326,6374
91326,57589
91326,32176
91326,43081
91326,33249
91326,28112
91326,17185
91326,38591
91326,28282
91326,69661
91326,65896
91326,79138
91326,39993
91326,87993
91326,8697
91326,42982
91326,68607
91326,85617
91326,24072
91326,85038
91326,99757
91326,10424
91326,95796
91326,93387
91326,73873
91326,13395
91326,89642
91326,88311
91326,17930
91326,47458
91326,89096
91326,20515
91326,1318
91326,85528
91326,5062
91326,94637
91326,10958
91326,33252
91326,52110
91326,1711
91326,97957
33358,94791
33358,69909
33358,94649
33358,63867
33358,22551
33358,20082
33358,43092
33358,78355
33358,95763
33358,58424
33358,7959
33358,82315
33358,73445
33358,78428
33358,11125
33358,39274
33358,23385
33358,26030
33358,98684
33358,72277
33358,80519
33358,47066
33358,68964
33358,42451
33358,98151
33358,93016
33358,27254
33358,30860
33358,42102
33358,97475
33358,34924
33358,3924
33358,99057
33358,99162
33358,21092
33358,44313
33358,42635
33358,13122
33358,86997
33358,29982
33358,60670
33358,79870
33358,21947
33358,11733
33358,88953
33358,47187
33358,62293
33358,14299
33358,76793
33358,95995
33358,21334
33358,30846
33358,38211
33358,99290
33358,28714
33358,7339
33358,43946
33358,6815
33358,11038
33358,67747
33358,37787
33358,62789
33358,17736
33358,40938
33358,16758
33358,72270
33358,66713
33358,84135
33358,39310
33358,88486
33358,85617
33358,84551
33358,73539
33358,89642
33358,35079
33358,1318
33358,33252
33358,74888
18398,90482
18398,70994
18398,53926
18398,66638
18398,53548
18398,79095
18398,64417
18398,5957
18398,46068
18398,35573
18398,65681
18398,41190
18398,26405
18398,23385
18398,22620
18398,43461
18398,97872
18398,13914
18398,90375
18398,80519
18398,54361
18398,50886
18398,19897
18398,70282
18398,92866
18398,78229
18398,32541
18398,71128
18398,113
18398,91374
18398,94691
18398,48430
18398,55814
18398,86997
18398,29982
18398,6816
18398,47881
18398,34016
18398,55319
18398,14425
18398,38798
18398,38211
18398,70679
18398,77841
18398,12407
18398,10353
18398,4232
18398,85225
18398,37106
18398,93507
18398,90546
18398,43081
18398,88089
18398,87993
18398,42982
18398,97754
18398,84551
18398,4809
18398,92282
18398,95796
18398,13373
18398,80572
18398,95180
18398,66677
18398,68532
15684,84844
15684,90482
15684,54084
15684,41477
15684,97522
15684,84230
15684,99322
15684,73918
15684,99710
15684,79668
15684,53643
15684,57372
15684,29759
15684,88731
15684,36078
15684,2126
15684,37624
15684,94916
15684,61726
15684,81332
15684,44305
15684,87810
15684,91713
15684,81015
15684,11960
15684,78355
15684,95763
15684,38335
15684,95594
15684,64417
15684,74059
15684,49983
15684,5957
15684,48196
15684,1795
15684,47260
15684,59292
15684,87765
15684,60388
15684,36162
15684,73733
15684,60211
15684,92155
15684,65538
15684,65681
15684,41190
15684,51451
15684,88776
15684,77441
15684,70782
15684,26165
15684,3617
15684,62803
15684,87239
15684,51678
15684,7697
15684,44582
15684,7685
15684,28429
15684,474
15684,17936
15684,49612
15684,49195
15684,89332
15684,97386
15684,5949
15684,92882
15684,30205
15684,46061
15684,92548
15684,82969
15684,34524
15684,30860
15684,30719
15684,86289
15684,21230
15684,90997
15684,17740
15684,23594
15684,13285
15684,64747
15684,57494
15684,16722
15684,14421
15684,22528
15684,21793
15684,28928
15684,14290
15684,36838
15684,92236
15684,83163
15684,79278
15684,72188
15684,65432
15684,27455
15684,65664
15684,19091
15684,80321
15684,98615
15684,24070
15684,87269
15684,12242
15684,1198
15684,37195
15684,7021
15684,4177
15684,24234
15684,59054
15684,40753
15684,97287
15684,16425
15684,42723
15684,49424
15684,25316
15684,73346
15684,66004
15684,29982
15684,20079
15684,67349
15684,82814
15684,58951
15684,46428
15684,54466
15684,18276
15684,47881
15684,9621
15684,60670
15684,21036
15684,95408
15684,36851
15684,14765
15684,75444
15684,4272
15684,53770
15684,39351
15684,55639
15684,93735
15684,9588
15684,34448
15684,49068
15684,72659
15684,87456
15684,9053
15684,47187
15684,73704
15684,37840
15684,14240
15684,59817
15684,78675
15684,84280
15684,20149
15684,36296
15684,47884
15684,93464
15684,14299
15684,8982
15684,18845
15684,76327
15684,44976
15684,42987
15684,6856
15684,78374
15684,42923
15684,8796
15684,38211
15684,30481
15684,44348
15684,58617
15684,66626
15684,28714
15684,27266
15684,7339
15684,50519
15684,70600
15684,82703
15684,43946
15684,38589
15684,6090
15684,61025
15684,43746
15684,12407
15684,77942
15684,10353
15684,63620
15684,4925
15684,1674
15684,21855
15684,18882
15684,8536
15684,17736
15684,29704
15684,76145
15684,74499
15684,16758
15684,82993
15684,7536
15684,74722
15684,84135
15684,13278
15684,79102
15684,33249
15684,40557
15684,88089
15684,29290
15684,9835
15684,39993
15684,998
15684,35093
15684,37735
15684,84551
15684,99473
15684,12515
15684,10424
15684,91319
15684,65334
15684,82704
15684,37022
15684,93387
15684,13395
15684,90650
15684,78277
15684,95180
15684,17930
15684,47458
15684,32666
15684,46196
15684,697
15684,94637
15684,652
15684,30776
15684,74088
15684,74888
15684,33470
27769,25155
27769,2126
27769,14210
27769,84178
27769,34874
27769,83129
27769,70434
27769,81015
27769,51625
27769,8013
27769,6510
27769,62725
27769,36162
27769,36866
27769,58245
27769,60211
27769,30083
27769,88776
27769,78824
27769,62704
27769,97893
27769,39301
27769,27671
27769,78983
27769,14531
27769,18765
27769,91
27769,97386
27769,46099
27769,42451
27769,74853
27769,66501
27769,13875
27769,46061
27769,6
27769,13512
27769,97323
27769,42102
27769,30719
27769,86289
27769,96678
27769,24548
27769,22807
27769,22799
27769,62153
27769,49806
27769,97475
27769,48489
27769,22528
27769,21793
27769,96691
27769,28928
27769,14290
27769,36838
27769,54129
27769,18674
27769,15889
27769,113
27769,48391
27769,59054
27769,40753
27769,42635
27769,81927
27769,96507
27769,13705
27769,47292
27769,19152
27769,86997
27769,95970
27769,54466
27769,5943
27769,1349
27769,88953
27769,47187
27769,73704
27769,59113
27769,92622
27769,39501
27769,76793
27769,76327
27769,26638
27769,84622
27769,95995
27769,78995
27769,76511
27769,3
27769,19147
27769,73973
27769,44949
27769,48790
27769,61573
27769,57967
27769,77942
27769,11038
27769,78177
27769,2584
27769,75529
27769,4312
27769,78591
27769,57242
27769,72568
27769,76145
27769,34076
27769,10188
27769,74722
27769,51097
27769,56407
27769,96402
27769,57589
27769,82741
27769,49957
27769,74594
27769,998
27769,2677
27769,84551
27769,41543
27769,85038
27769,99757
27769,96211
27769,16216
27769,86447
27769,10059
27769,33470
55934,46602
55934,50797
55934,90965
55934,74649
55934,91845
55934,59121
55934,72594
55934,24302
55934,47260
55934,36866
55934,60090
55934,40875
55934,3617
55934,23385
55934,50055
55934,16897
55934,29628
55934,1862
55934,84441
55934,38505
55934,81497
55934,27522
55934,62153
55934,27199
55934,48898
55934,7021
55934,97287
55934,37654
55934,73295
55934,46828
55934,9031
55934,34016
55934,95408
55934,44976
55934,63028
55934,27266
55934,43946
55934,61025
55934,57782
55934,7025
55934,94202
55934,61326
55934,4312
55934,59844
55934,78591
55934,55184
55934,67921
55934,49942
55934,56489
55934,61238
55934,49957
55934,99473
55934,82704
55934,13395
55934,90650
55934,95180
55934,65114
55934,47458
55934,20515
55934,10958
55934,30776
53619,12376
53619,39243
53619,46602
53619,94791
53619,90965
53619,69909
53619,17253
53619,11003
53619,28680
53619,57372
53619,74649
53619,37711
53619,43561
53619,65887
53619,29759
53619,2126
53619,14210
53619,14340
53619,20082
53619,59135
53619,8980
53619,3545
53619,7612
53619,22517
53619,30965
53619,92369
53619,49372
53619,36458
53619,51625
53619,46159
53619,39079
53619,79095
53619,87781
53619,36875
53619,93944
53619,8287
53619,48196
53619,47260
53619,7959
53619,36162
53619,82315
53619,73445
53619,58245
53619,11153
53619,39080
53619,51055
53619,4731
53619,51710
53619,2418
53619,23385
53619,58143
53619,63014
53619,44043
53619,8309
53619,44672
53619,2820
53619,3228
53619,72277
53619,14531
53619,49612
53619,29884
53619,48721
53619,47066
53619,46099
53619,5949
53619,65304
53619,54361
53619,66501
53619,98151
53619,65271
53619,30860
53619,25460
53619,81497
53619,27522
53619,65472
53619,27199
53619,99162
53619,66075
53619,98615
53619,12906
53619,89459
53619,12242
53619,25706
53619,95994
53619,88950
53619,53881
53619,48391
53619,37195
53619,7021
53619,15718
53619,37654
53619,85606
53619,72364
53619,86997
53619,95970
53619,19028
53619,65295
53619,55639
53619,88953
53619,87379
53619,81743
53619,41473
53619,39501
53619,29682
53619,70167
53619,30170
53619,14299
53619,48302
53619,44976
53619,69725
53619,38798
53619,70679
53619,63028
53619,6815
53619,50307
53619,78665
53619,28799
53619,59783
53619,57967
53619,68857
53619,67747
53619,63620
53619,1674
53619,6463
53619,78177
53619,37787
53619,98306
53619,4232
53619,74499
53619,77844
53619,1829
53619,51097
53619,62851
53619,55334
53619,13278
53619,20762
53619,20445
53619,21831
53619,97567
53619,65163
53619,84551
53619,4809
53619,16291
53619,10424
53619,95796
53619,65334
53619,18064
53619,99454
53619,82704
53619,63531
53619,89249
53619,93387
53619,73539
53619,42374
53619,13395
53619,19794
53619,47458
53619,51334
53619,1318
53619,46196
53619,30776
53619,74088
53619,80200
67028,40696
67028,69909
67028,99710
67028,11003
67028,65887
67028,91845
67028,88731
67028,40029
67028,36078
67028,22551
67028,14340
67028,20082
67028,81332
67028,43092
67028,3545
67028,7612
67028,39983
67028,69427
67028,25310
67028,93944
67028,10520
67028,8013
67028,24302
67028,43652
67028,46068
67028,58914
67028,88384
67028,62725
67028,36162
67028,82315
67028,73445
67028,22340
67028,60211
67028,40875
67028,69711
67028,13914
67028,44672
67028,30883
67028,29628
67028,90375
67028,474
67028,9891
67028,18765
67028,36215
67028,1862
67028,1836
67028,92655
67028,42102
67028,49679
67028,65472
67028,49806
67028,97475
67028,3924
67028,46692
67028,62515
67028,18674
67028,80999
67028,91832
67028,43003
67028,72188
67028,65432
67028,29358
67028,82093
67028,31024
67028,71128
67028,15889
67028,7021
67028,40753
67028,70511
67028,87941
67028,13122
67028,48756
67028,19152
67028,86997
67028,9031
67028,8669
67028,68658
67028,96149
67028,26544
67028,81743
67028,41473
67028,39501
67028,45841
67028,90219
67028,95853
67028,14299
67028,44976
67028,26638
67028,95995
67028,30846
67028,58159
67028,70679
67028,66626
67028,79589
67028,85262
67028,90275
67028,77942
67028,79515
67028,44244
67028,48609
67028,1674
67028,21855
67028,4232
67028,92503
67028,72568
67028,8536
67028,93507
67028,72598
67028,33196
67028,49942
67028,45506
67028,56489
67028,7536
67028,60549
67028,1829
67028,51097
67028,58681
67028,28112
67028,17526
67028,49957
67028,29290
67028,33450
67028,998
67028,72466
67028,84551
67028,4809
67028,27660
67028,9169
67028,90650
67028,95180
67028,1318
67028,5062
67028,652
67028,33252
67028,80200
67028,59530
67028,7197
10976,84844
10976,54084
10976,17253
10976,12361
10976,32818
10976,14613
10976,98122
10976,37624
10976,20082
10976,22517
10976,92369
10976,70434
10976,49372
10976,39983
10976,93944
10976,48196
10976,6510
10976,60979
10976,72149
10976,88384
10976,62725
10976,87765
10976,60388
10976,42452
10976,54857
10976,22340
10976,73798
10976,60211
10976,51846
10976,51055
10976,41190
10976,39491
10976,51451
10976,28105
10976,51710
10976,23385
10976,58143
10976,43461
10976,97872
10976,44672
10976,63866
10976,7685
10976,27671
10976,78983
10976,17936
10976,14531
10976,18765
10976,47066
10976,80996
10976,70954
10976,66326
10976,66501
10976,46061
10976,62905
10976,38505
10976,97323
10976,34524
10976,30860
10976,81497
10976,92866
10976,24548
10976,26935
10976,97475
10976,48489
10976,16722
10976,22528
10976,14290
10976,80887
10976,51181
10976,99057
10976,7926
10976,36854
10976,19451
10976,65432
10976,65746
10976,11158
10976,80321
10976,82093
10976,24070
10976,12242
10976,113
10976,40753
10976,34808
10976,49424
10976,68416
10976,87941
10976,50883
10976,47292
10976,19152
10976,82814
10976,79834
10976,46428
10976,89757
10976,68658
10976,54466
10976,96149
10976,72929
10976,60670
10976,26544
10976,75444
10976,14425
10976,88953
10976,9053
10976,81743
10976,92622
10976,78675
10976,26618
10976,48302
10976,71569
10976,76793
10976,15956
10976,87505
10976,70254
10976,95995
10976,21334
10976,78374
10976,38798
10976,19147
10976,28714
10976,73973
10976,37372
10976,29040
10976,45925
10976,6815
10976,57837
10976,78665
10976,45185
10976,94730
10976,61573
10976,60730
10976,64317
10976,94202
10976,11038
10976,10353
10976,1674
10976,8628
10976,78591
10976,97900
10976,93507
10976,76145
10976,74499
10976,52708
10976,18445
10976,32176
10976,92100
10976,27856
10976,39310
10976,38591
10976,20445
10976,42982
10976,65163
10976,97754
10976,35093
10976,85038
10976,16291
10976,73409
10976,89249
10976,30692
10976,37022
10976,73873
10976,61976
10976,19794
10976,88311
10976,89967
10976,39496
10976,51334
10976,1318
10976,85528
10976,49307
10976,21236
10976,80200
10976,97957
19336,41477
19336,46602
19336,90965
19336,53643
19336,37711
19336,73945
19336,66638
19336,25310
19336,24302
19336,10563
19336,38932
19336,22048
19336,35573
19336,50426
19336,58245
19336,92155
19336,41190
19336,26165
19336,23385
19336,22620
19336,29628
19336,29884
19336,89332
19336,70954
19336,9915
19336,46061
19336,92548
19336,49679
19336,74600
19336,92866
19336,3924
19336,36838
19336,99057
19336,45216
19336,32541
19336,71128
19336,88950
19336,113
19336,48391
19336,84595
19336,91374
19336,48430
19336,74421
19336,67349
19336,6816
19336,37212
19336,58660
19336,54466
19336,88953
19336,15566
19336,72659
19336,9053
19336,28935
19336,99173
19336,44348
19336,58617
19336,12237
19336,45925
19336,13613
19336,85262
19336,7025
19336,94730
19336,12407
19336,24497
19336,2584
19336,75529
19336,4232
19336,12599
19336,86833
19336,60228
19336,8536
19336,93507
19336,45506
19336,60549
19336,18841
19336,43081
19336,28112
19336,84551
19336,4809
19336,95796
19336,82704
19336,36323
19336,52638
19336,95180
19336,88311
19336,66677
19336,94637
19336,52110
19336,33470
86104,90965
86104,69909
86104,94649
86104,79668
86104,57372
86104,695
86104,96311
86104,29838
86104,37711
86104,65887
86104,91845
86104,63867
86104,29759
86104,14613
86104,49558
86104,84178
86104,94916
86104,14340
86104,81332
86104,77939
86104,34874
86104,10428
86104,87810
86104,83129
86104,1272
86104,92369
86104,81015
86104,46159
86104,46461
86104,53548
86104,78355
86104,87781
86104,95763
86104,95594
86104,22048
86104,8287
86104,26312
86104,96937
86104,60979
86104,29210
86104,58914
86104,62725
86104,50015
86104,98463
86104,24848
86104,73733
86104,65538
86104,51846
86104,41190
86104,39491
86104,4731
86104,11125
86104,40875
86104,2418
86104,87239
86104,62704
86104,63014
86104,3003
86104,50055
86104,69711
86104,39301
86104,13914
86104,98684
86104,76214
86104,17936
86104,49612
86104,30614
86104,6262
86104,34053
86104,65304
86104,51431
86104,54361
86104,34274
86104,46061
86104,48244
86104,85851
86104,6346
86104,42102
86104,96678
86104,57494
86104,26935
86104,1608
86104,22528
86104,21793
86104,51181
86104,46692
86104,18674
86104,80999
86104,91832
86104,43003
86104,33181
86104,65432
86104,58876
86104,27455
86104,51810
86104,36891
86104,31024
86104,45216
86104,24070
86104,71128
86104,61524
86104,25706
86104,53881
86104,48391
86104,7021
86104,4177
86104,59063
86104,97287
86104,42723
86104,73295
86104,48430
86104,73346
86104,13122
86104,50883
86104,66004
86104,55814
86104,96507
86104,85606
86104,19152
86104,84822
86104,29982
86104,53695
86104,37212
86104,9031
86104,10042
86104,18276
86104,21947
86104,47820
86104,26761
86104,9588
86104,59113
86104,28935
86104,45841
86104,6594
86104,8982
86104,75375
86104,38798
86104,30481
86104,19147
86104,99290
86104,50519
86104,94730
86104,60730
86104,77841
86104,94202
86104,62224
86104,36956
86104,11038
86104,19851
86104,10353
86104,18882
86104,4232
86104,85225
86104,3101
86104,86833
86104,60228
86104,90546
86104,40938
86104,52708
86104,62851
86104,55334
86104,57589
86104,8697
86104,97754
86104,2677
86104,4809
86104,99473
86104,30568
86104,16291
86104,16216
86104,52703
86104,13373
86104,35240
86104,73873
86104,42374
86104,90650
86104,16219
86104,90085
86104,17930
86104,65114
86104,47458
86104,20515
86104,85528
86104,68532
86104,74088
48336,1064
48336,97522
48336,50797
48336,94791
48336,90965
48336,79668
48336,65887
48336,29759
48336,2126
48336,73945
48336,59121
48336,94916
48336,14340
48336,8980
48336,43092
48336,39824
48336,95763
48336,24302
48336,96937
48336,29210
48336,58914
48336,72149
48336,50426
48336,11125
48336,51710
48336,23385
48336,43461
48336,83365
48336,3003
48336,50055
48336,13914
48336,63866
48336,98684
48336,29628
48336,90375
48336,78983
48336,9891
48336,16081
48336,97386
48336,71870
48336,63951
48336,54361
48336,70954
48336,1862
48336,46061
48336,86289
48336,19897
48336,70282
48336,24548
48336,64747
48336,23525
48336,65472
48336,28928
48336,75147
48336,46692
48336,80999
48336,91832
48336,65432
48336,65746
48336,51810
48336,15889
48336,113
48336,48391
48336,37195
48336,7021
48336,4177
48336,91374
48336,42635
48336,94691
48336,25316
48336,73346
48336,98521
48336,13705
48336,67349
48336,37212
48336,58660
48336,11766
48336,42819
48336,5943
48336,62943
48336,4272
48336,39383
48336,9588
48336,53495
48336,41473
48336,29682
48336,45841
48336,70167
48336,74988
48336,83902
48336,6927
48336,45925
48336,6815
48336,13613
48336,85262
48336,48790
48336,28799
48336,64966
48336,59783
48336,94202
48336,12407
48336,77942
48336,61326
48336,79515
48336,68857
48336,96932
48336,21855
48336,75529
48336,85225
48336,72568
48336,93507
48336,3913
48336,55184
48336,61238
48336,62851
48336,43081
48336,88089
48336,88486
48336,97567
48336,35093
48336,4809
48336,99473
48336,12515
48336,86447
48336,61976
48336,90650
48336,88311
48336,17930
48336,10059
48336,20515
48336,1711
13746,97522
13746,90965
13746,84230
13746,28680
13746,29759
13746,88731
13746,40029
13746,84178
13746,22551
13746,61726
13746,59135
13746,50306
13746,43092
13746,3545
13746,95607
13746,64416
13746,34874
13746,70434
13746,81015
13746,53548
13746,11960
13746,79095
13746,36875
13746,38335
13746,93944
13746,64417
13746,24302
13746,50136
13746,10563
13746,38932
13746,65268
13746,22048
13746,46068
13746,48196
13746,35573
13746,96937
13746,62725
13746,50426
13746,82315
13746,36866
13746,24848
13746,22340
13746,9150
13746,51846
13746,3193
13746,62704
13746,43461
13746,89624
13746,8309
13746,16897
13746,30883
13746,29628
13746,14531
13746,49612
13746,9891
13746,6262
13746,29884
13746,48721
13746,97386
13746,46099
13746,71870
13746,80996
13746,94560
13746,70954
13746,62905
13746,6346
13746,1836
13746,92655
13746,34524
13746,27254
13746,25460
13746,90997
13746,27522
13746,24548
13746,57494
13746,43175
13746,23525
13746,65472
13746,16722
13746,14421
13746,22528
13746,74365
13746,28928
13746,51181
13746,7926
13746,99162
13746,18674
13746,79278
13746,65664
13746,19091
13746,66075
13746,98615
13746,40584
13746,12906
13746,61524
13746,113
13746,53881
13746,48391
13746,75920
13746,37512
13746,73295
13746,63042
13746,13122
13746,66004
13746,81927
13746,55814
13746,39809
13746,74421
13746,48612
13746,20079
13746,46828
13746,8669
13746,6525
13746,34016
13746,11766
13746,26544
13746,5943
13746,53770
13746,65295
13746,39383
13746,26761
13746,47187
13746,73704
13746,92622
13746,39501
13746,29682
13746,90219
13746,26074
13746,70167
13746,30170
13746,8982
13746,71569
13746,15956
13746,35999
13746,69725
13746,12104
13746,38211
13746,30481
13746,44348
13746,58159
13746,64039
13746,9239
13746,12237
13746,79067
13746,13613
13746,48745
13746,85262
13746,4027
13746,77841
13746,12407
13746,77942
13746,61326
13746,79515
13746,19851
13746,76147
13746,4312
13746,12599
13746,86833
13746,8536
13746,90546
13746,40938
13746,74499
13746,82993
13746,7536
13746,18841
13746,66713
13746,62851
13746,55334
13746,96402
13746,13278
13746,79102
13746,20762
13746,40557
13746,84098
13746,69661
13746,65896
13746,48933
13746,79138
13746,33450
13746,21831
13746,31910
13746,18808
13746,41543
13746,4809
13746,96211
13746,16291
13746,18064
13746,63531
13746,37022
13746,93387
13746,73873
13746,73539
13746,61976
13746,78277
13746,89642
13746,95180
13746,17930
13746,75733
13746,46196
13746,85528
13746,5062
13746,697
13746,1711
22585,94791
22585,79668
22585,36078
22585,94916
22585,90113
22585,64451
22585,93944
22585,62725
22585,50015
22585,78373
22585,78824
22585,47172
22585,43461
22585,94556
22585,69711
22585,36215
22585,74853
22585,66501
22585,13875
22585,41019
22585,7315
22585,85851
22585,30719
22585,1608
22585,49806
22585,97475
22585,27199
22585,18674
22585,65664
22585,37195
22585,15718
22585,84595
22585,24353
22585,55814
22585,13705
22585,82639
22585,41473
22585,29682
22585,26618
22585,99792
22585,62293
22585,3588
22585,8796
22585,66626
22585,99290
22585,28714
22585,43946
22585,61025
22585,23664
22585,61573
22585,57967
22585,81307
22585,62224
22585,36956
22585,18882
22585,37106
22585,73386
22585,8536
22585,7536
22585,73855
22585,58681
22585,69661
22585,17526
22585,79138
22585,72466
22585,41543
22585,4809
22585,80759
22585,91043
22585,13395
22585,89967
22585,44128
59068,1064
59068,2885
59068,46602
59068,12999
59068,79668
59068,96311
59068,36078
59068,2126
59068,14210
59068,87030
59068,50306
59068,77939
59068,7612
59068,3805
59068,87810
59068,64451
59068,66638
59068,36458
59068,70392
59068,69427
59068,36875
59068,50802
59068,76581
59068,8287
59068,1795
59068,62725
59068,58245
59068,24848
59068,73733
59068,60211
59068,9150
59068,92155
59068,51846
59068,78373
59068,37570
59068,70782
59068,3193
59068,60090
59068,26165
59068,3617
59068,13748
59068,87239
59068,62704
59068,7697
59068,43461
59068,83365
59068,50055
59068,16897
59068,98684
59068,30883
59068,80519
59068,67649
59068,9891
59068,30614
59068,97386
59068,54361
59068,39863
59068,34274
59068,98151
59068,50886
59068,48244
59068,6
59068,21230
59068,27522
59068,92866
59068,78229
59068,1608
59068,49806
59068,84059
59068,14421
59068,96691
59068,19487
59068,7926
59068,91832
59068,65746
59068,29358
59068,40584
59068,87269
59068,94363
59068,48898
59068,29822
59068,40753
59068,37654
59068,42723
59068,87941
59068,62444
59068,73346
59068,48756
59068,47292
59068,82814
59068,91314
59068,72929
59068,82639
59068,42819
59068,95408
59068,36851
59068,76900
59068,16012
59068,26761
59068,88953
59068,34448
59068,55587
59068,87456
59068,53495
59068,59817
59068,39888
59068,36296
59068,80842
59068,93464
59068,95853
59068,14299
59068,71569
59068,74988
59068,69725
59068,8796
59068,70679
59068,27266
59068,7339
59068,50519
59068,31580
59068,6090
59068,17354
59068,77841
59068,94202
59068,61326
59068,10692
59068,11038
59068,68857
59068,22436
59068,96932
59068,78177
59068,75529
59068,98306
59068,78591
59068,86833
59068,17736
59068,90546
59068,33196
59068,67921
59068,52708
59068,69125
59068,1829
59068,61238
59068,55334
59068,32176
59068,13278
59068,18218
59068,28112
59068,20762
59068,17526
59068,29290
59068,79138
59068,33450
59068,21831
59068,998
59068,97567
59068,12515
59068,91319
59068,65334
59068,18064
59068,86447
59068,35240
59068,37022
59068,9320
59068,80759
59068,52638
59068,53056
59068,17930
59068,89967
59068,90808
59068,46196
59068,652
59068,25417
59068,74888
59068,52110
42442,1064
42442,12999
42442,53926
42442,90965
42442,84230
42442,57372
42442,37605
42442,74649
42442,29838
42442,65887
42442,49558
42442,14210
42442,73945
42442,14340
42442,79650
42442,43092
42442,7612
42442,3805
42442,66638
42442,55515
42442,49372
42442,82241
42442,39983
42442,53548
42442,78355
42442,25310
42442,38335
42442,95594
42442,59176
42442,10520
42442,24302
42442,58914
42442,72149
42442,87765
42442,60388
42442,73445
42442,22340
42442,73798
42442,60211
42442,39491
42442,51451
42442,11125
42442,77441
42442,60090
42442,51710
42442,13748
42442,22620
42442,47172
42442,66992
42442,3003
42442,44582
42442,44672
42442,76214
42442,13148
42442,3228
42442,16081
42442,48721
42442,47066
42442,8862
42442,39863
42442,30205
42442,42451
42442,66326
42442,74853
42442,46061
42442,38505
42442,6
42442,92548
42442,93016
42442,42102
42442,64775
42442,86289
42442,96678
42442,21230
42442,17740
42442,23594
42442,74600
42442,70282
42442,24548
42442,91223
42442,43175
42442,26935
42442,97475
42442,34924
42442,27199
42442,22528
42442,99057
42442,7926
42442,21092
42442,43003
42442,53082
42442,72188
42442,54974
42442,18030
42442,34523
42442,31024
42442,32541
42442,24070
42442,81052
42442,94363
42442,53881
42442,7021
42442,84595
42442,34808
42442,37512
42442,63042
42442,25316
42442,24353
42442,96507
42442,39809
42442,74421
42442,67349
42442,46428
42442,62943
42442,16012
42442,4272
42442,47187
42442,37840
42442,59113
42442,39501
42442,78675
42442,36296
42442,62293
42442,14299
42442,8982
42442,71569
42442,58578
42442,78995
42442,6856
42442,58159
42442,58617
42442,84083
42442,99290
42442,9239
42442,6927
42442,31580
42442,6090
42442,48745
42442,85262
42442,45185
42442,51956
42442,60730
42442,77841
42442,10692
42442,75529
42442,18882
42442,85225
42442,3101
42442,90546
42442,16758
42442,82993
42442,56489
42442,60549
42442,11238
42442,5059
42442,56407
42442,66713
42442,18445
42442,58681
42442,92100
42442,39310
42442,79138
42442,45696
42442,42982
42442,88486
42442,85617
42442,99757
42442,30568
42442,27660
42442,99454
42442,63531
42442,89249
42442,30692
42442,36323
42442,73873
42442,73539
42442,52638
42442,91043
42442,90650
42442,80572
42442,17930
42442,10059
42442,51334
42442,697
42442,80686
42442,64597
42442,49307
42442,74888
42442,21236
40043,40696
40043,50797
40043,94649
40043,79668
40043,28680
40043,25155
40043,74649
40043,29838
40043,14613
40043,88731
40043,40029
40043,98122
40043,37624
40043,8980
40043,3545
40043,39824
40043,70434
40043,46461
40043,53548
40043,20460
40043,10520
40043,5957
40043,68556
40043,8287
40043,58424
40043,26312
40043,7959
40043,58914
40043,72149
40043,62725
40043,59292
40043,42452
40043,54857
40043,82315
40043,22340
40043,73798
40043,78373
40043,39491
40043,37570
40043,28105
40043,70782
40043,29923
40043,3617
40043,68169
40043,26405
40043,58143
40043,86807
40043,63014
40043,43461
40043,26030
40043,62707
40043,7685
40043,80519
40043,18765
40043,36215
40043,16081
40043,29884
40043,47722
40043,47066
40043,71870
40043,28110
40043,92882
40043,68964
40043,84786
40043,66501
40043,31336
40043,41019
40043,62905
40043,65271
40043,84441
40043,92655
40043,38505
40043,6
40043,13512
40043,97323
40043,82969
40043,93016
40043,30860
40043,96678
40043,78765
40043,49679
40043,57494
40043,23525
40043,62153
40043,1608
40043,49806
40043,97475
40043,16722
40043,28928
40043,51181
40043,36838
40043,99057
40043,83163
40043,21092
40043,43003
40043,51810
40043,11158
40043,45216
40043,94363
40043,48391
40043,96472
40043,84024
40043,42635
40043,16425
40043,42723
40043,47003
40043,37512
40043,48430
40043,24353
40043,81927
40043,55814
40043,85606
40043,69465
40043,46828
40043,53695
40043,61309
40043,46428
40043,6525
40043,79870
40043,34016
40043,42819
40043,76900
40043,21947
40043,14765
40043,4272
40043,53770
40043,39383
40043,39351
40043,9076
40043,26761
40043,47187
40043,41473
40043,39501
40043,78675
40043,26618
40043,20149
40043,47884
40043,80842
40043,63297
40043,95338
40043,95853
40043,14299
40043,3588
40043,76793
40043,28136
40043,15956
40043,2997
40043,44976
40043,87505
40043,26638
40043,95995
40043,97247
40043,12104
40043,8796
40043,56747
40043,44348
40043,70679
40043,99290
40043,7339
40043,82703
40043,43946
40043,57837
40043,78665
40043,4027
40043,45185
40043,7025
40043,90275
40043,60730
40043,94202
40043,77942
40043,61326
40043,10692
40043,11038
40043,67747
40043,76147
40043,78177
40043,75529
40043,4312
40043,97900
40043,72598
40043,16758
40043,72270
40043,49942
40043,77844
40043,7536
40043,1829
40043,5059
40043,73855
40043,58681
40043,82741
40043,79102
40043,33249
40043,18218
40043,28112
40043,28282
40043,88089
40043,74594
40043,79138
40043,88486
40043,68607
40043,97567
40043,31910
40043,99757
40043,92966
40043,16291
40043,12515
40043,95796
40043,65334
40043,82704
40043,30692
40043,19794
40043,16219
40043,89096
40043,652
40043,49307
40043,21236
40043,1711
40043,80200
40043,44128
40043,97957
97020,1064
97020,99710
97020,79668
97020,88731
97020,98122
97020,94916
97020,79650
97020,81332
97020,72594
97020,66638
97020,55515
97020,49372
97020,82241
97020,53548
97020,69427
97020,39079
97020,78355
97020,87781
97020,10520
97020,49983
97020,65268
97020,46068
97020,48196
97020,58914
97020,62725
97020,59292
97020,69995
97020,50015
97020,42452
97020,22340
97020,11153
97020,9150
97020,51846
97020,51055
97020,77441
97020,70782
97020,26165
97020,43461
97020,94556
97020,26030
97020,50055
97020,69711
97020,39301
97020,63866
97020,98684
97020,72277
97020,49612
97020,49195
97020,30614
97020,16081
97020,89332
97020,48721
97020,80996
97020,41019
97020,34274
97020,46061
97020,85851
97020,1836
97020,34524
97020,86289
97020,21230
97020,17740
97020,49679
97020,23594
97020,70282
97020,92866
97020,91223
97020,88855
97020,49806
97020,48489
97020,74365
97020,51181
97020,19487
97020,99162
97020,43003
97020,65432
97020,65664
97020,19091
97020,98615
97020,12242
97020,25706
97020,48391
97020,37195
97020,63663
97020,3793
97020,59114
97020,87941
97020,48430
97020,55814
97020,96507
97020,84822
97020,29982
97020,53695
97020,79834
97020,6525
97020,58660
97020,72929
97020,52905
97020,34016
97020,11766
97020,21036
97020,72410
97020,42819
97020,95408
97020,62943
97020,13968
97020,11733
97020,16012
97020,4272
97020,11775
97020,93735
97020,34448
97020,15566
97020,49068
97020,37840
97020,28935
97020,41473
97020,59817
97020,92622
97020,39501
97020,39888
97020,84280
97020,93464
97020,44976
97020,58578
97020,42987
97020,78374
97020,85542
97020,70600
97020,6090
97020,17354
97020,45185
97020,51956
97020,77964
97020,61573
97020,60730
97020,62224
97020,36956
97020,12333
97020,19851
97020,10353
97020,6463
97020,37787
97020,4312
97020,4232
97020,85225
97020,57242
97020,92503
97020,62789
97020,90546
97020,40938
97020,16758
97020,34076
97020,18841
97020,5059
97020,73855
97020,56407
97020,66713
97020,13278
97020,43081
97020,33249
97020,28282
97020,69661
97020,65896
97020,33450
97020,8697
97020,90034
97020,85617
97020,35093
97020,24072
97020,52703
97020,73409
97020,65334
97020,18064
97020,9169
97020,13395
97020,90650
97020,19794
97020,16219
97020,32666
97020,20515
97020,697
97020,80686
97020,30776
97020,33470
97020,7197
87783,90482
87783,40696
87783,41477
87783,28620
87783,69909
87783,73918
87783,12361
87783,32818
87783,695
87783,25155
87783,37605
87783,37711
87783,49558
87783,59135
87783,8980
87783,81332
87783,77939
87783,7612
87783,34874
87783,87810
87783,64451
87783,91713
87783,39824
87783,36458
87783,51625
87783,46461
87783,39983
87783,53548
87783,79095
87783,95594
87783,64417
87783,8013
87783,24302
87783,38932
87783,68556
87783,46068
87783,48196
87783,1795
87783,58914
87783,72149
87783,62725
87783,87765
87783,69995
87783,39080
87783,65681
87783,41190
87783,39491
87783,3193
87783,78824
87783,26165
87783,29923
87783,13748
87783,62704
87783,7697
87783,64607
87783,43461
87783,44043
87783,26030
87783,39301
87783,44672
87783,63866
87783,76214
87783,3228
87783,78983
87783,17936
87783,30614
87783,91
87783,16081
87783,89332
87783,48721
87783,97386
87783,5949
87783,12812
87783,42451
87783,66326
87783,41019
87783,50886
87783,85851
87783,92655
87783,92548
87783,1332
87783,34524
87783,30719
87783,86289
87783,81497
87783,90997
87783,23594
87783,24548
87783,13285
87783,62153
87783,51181
87783,21092
87783,79278
87783,80999
87783,33181
87783,4071
87783,51810
87783,18030
87783,11158
87783,19091
87783,34523
87783,82093
87783,31024
87783,86538
87783,32541
87783,12242
87783,15889
87783,88161
87783,88950
87783,48391
87783,15718
87783,75920
87783,84595
87783,40753
87783,44313
87783,42635
87783,63663
87783,47003
87783,68416
87783,63042
87783,94691
87783,71951
87783,50883
87783,81927
87783,74421
87783,59338
87783,19152
87783,84822
87783,53695
87783,82814
87783,58951
87783,46428
87783,47881
87783,72929
87783,11766
87783,21036
87783,95408
87783,26544
87783,5943
87783,75444
87783,93735
87783,26761
87783,47187
87783,39501
87783,26618
87783,93464
87783,6594
87783,8982
87783,15956
87783,78995
87783,97247
87783,42923
87783,38798
87783,56747
87783,38211
87783,30481
87783,44348
87783,58617
87783,10513
87783,3
87783,9239
87783,12237
87783,45925
87783,17354
87783,57782
87783,61573
87783,29811
87783,60730
87783,77841
87783,64317
87783,22436
87783,21855
87783,18882
87783,59844
87783,12599
87783,92503
87783,40938
87783,69125
87783,73855
87783,58681
87783,57589
87783,18218
87783,17185
87783,38591
87783,88089
87783,45696
87783,42982
87783,65163
87783,97754
87783,90034
87783,99473
87783,92966
87783,95796
87783,86447
87783,89249
87783,36323
87783,73873
87783,73539
87783,52638
87783,90650
87783,53056
87783,19794
87783,95180
87783,75733
87783,47458
87783,89096
87783,25838
87783,5062
87783,68532
87783,33252
87783,33470
87783,80200
77639,40696
77639,54084
77639,1064
77639,94791
77639,17253
77639,12361
77639,28680
77639,25155
77639,37605
77639,65887
77639,37624
77639,79650
77639,22517
77639,41448
77639,10428
77639,83129
77639,49372
77639,70392
77639,46461
77639,10520
77639,74059
77639,96937
77639,60979
77639,58914
77639,88384
77639,59292
77639,36866
77639,58245
77639,51846
77639,65681
77639,30083
77639,39491
77639,51451
77639,39274
77639,40875
77639,29923
77639,26405
77639,51678
77639,86807
77639,83365
77639,39301
77639,29628
77639,6262
77639,89332
77639,48721
77639,97386
77639,5949
77639,12812
77639,71346
77639,42451
77639,66501
77639,41019
77639,50886
77639,65271
77639,84441
77639,38505
77639,97323
77639,1332
77639,30860
77639,42102
77639,81497
77639,27522
77639,22799
77639,57494
77639,43175
77639,49806
77639,97475
77639,48489
77639,34924
77639,3924
77639,51181
77639,46692
77639,83163
77639,7926
77639,18674
77639,36854
77639,19451
77639,91832
77639,65432
77639,4071
77639,19091
77639,66075
77639,15889
77639,40753
77639,91374
77639,97287
77639,37654
77639,70511
77639,81927
77639,86997
77639,69465
77639,82814
77639,37212
77639,79834
77639,58660
77639,54466
77639,9621
77639,13968
77639,14765
77639,65295
77639,9076
77639,21026
77639,88953
77639,87379
77639,73704
77639,37840
77639,53495
77639,78675
77639,84280
77639,62293
77639,93464
77639,30170
77639,8982
77639,28136
77639,35999
77639,95995
77639,12104
77639,70679
77639,58617
77639,10513
77639,64039
77639,7339
77639,45925
77639,43946
77639,44949
77639,78665
77639,57967
77639,81307
77639,19851
77639,68857
77639,63777
77639,8628
77639,21855
77639,78177
77639,2584
77639,37787
77639,72568
77639,93507
77639,17736
77639,72270
77639,10188
77639,74722
77639,18445
77639,58681
77639,57589
77639,82741
77639,43081
77639,69661
77639,49957
77639,21831
77639,90034
77639,85617
77639,84551
77639,4809
77639,99473
77639,96211
77639,16216
77639,92282
77639,73409
77639,86447
77639,82704
77639,35240
77639,53352
77639,9169
77639,61976
77639,7137
77639,53056
77639,19794
77639,90307
77639,89642
77639,80572
77639,75733
77639,66677
77639,10059
77639,90808
77639,46196
77639,5062
77639,94637
77639,49307
77639,30776
77639,1711
77639,7197
46951,84844
46951,41477
46951,94791
46951,90965
46951,88731
46951,94916
46951,14340
46951,43092
46951,7612
46951,51625
46951,79095
46951,76581
46951,46068
46951,7959
46951,62725
46951,50015
46951,36162
46951,24848
46951,92155
46951,40875
46951,78824
46951,3617
46951,10079
46951,23385
46951,63014
46951,13914
46951,27671
46951,29628
46951,90375
46951,16081
46951,47066
46951,71870
46951,5949
46951,13875
46951,41019
46951,45177
46951,84441
46951,38505
46951,49679
46951,62153
46951,34924
46951,63112
46951,53082
46951,45216
46951,15889
46951,61524
46951,42723
46951,48430
46951,67349
46951,9031
46951,34016
46951,82639
46951,95408
46951,93735
46951,26761
46951,86161
46951,59817
46951,29682
46951,26618
46951,99792
46951,80842
46951,26074
46951,74988
46951,44976
46951,26638
46951,21334
46951,85542
46951,18165
46951,79067
46951,78665
46951,7025
46951,77964
46951,23664
46951,81307
46951,36956
46951,10692
46951,44244
46951,78177
46951,78591
46951,73386
46951,8536
46951,3913
46951,74499
46951,49942
46951,77844
46951,58681
46951,69661
46951,49957
46951,29290
46951,88486
46951,24072
46951,27660
46951,91043
46951,80572
46951,65114
46951,47458
46951,5062
46951,25417
26714,84844
26714,2885
26714,90965
26714,84230
26714,73918
26714,695
26714,74649
26714,73945
26714,98122
26714,16021
26714,61726
26714,50306
26714,44305
26714,3545
26714,72594
26714,70434
26714,79095
26714,35573
26714,96937
26714,58914
26714,72149
26714,88384
26714,59292
26714,60388
26714,82315
26714,11153
26714,65681
26714,41190
26714,26165
26714,23385
26714,7697
26714,47172
26714,63014
26714,43461
26714,13914
26714,62707
26714,63866
26714,98684
26714,78983
26714,80519
26714,16081
26714,8862
26714,63951
26714,42451
26714,1862
26714,50886
26714,6346
26714,13512
26714,42102
26714,86289
26714,96678
26714,90997
26714,49679
26714,23594
26714,85293
26714,88855
26714,97475
26714,34924
26714,14421
26714,3924
26714,28928
26714,51181
26714,36838
26714,36854
26714,65746
26714,51810
26714,34523
26714,29358
26714,66075
26714,80321
26714,82093
26714,88161
26714,37195
26714,48898
26714,42635
26714,16425
26714,47003
26714,48430
26714,81927
26714,55814
26714,74421
26714,19152
26714,46828
26714,6816
26714,61309
26714,58660
26714,34016
26714,26544
26714,21947
26714,16012
26714,39383
26714,88953
26714,86161
26714,72659
26714,9053
26714,81743
26714,39888
26714,45841
26714,63297
26714,6594
26714,75375
26714,76793
26714,99173
26714,70254
26714,78995
26714,21334
26714,44348
26714,45925
26714,43946
26714,78665
26714,4027
26714,45185
26714,43746
26714,94730
26714,64317
26714,57967
26714,81307
26714,12407
26714,62224
26714,24497
26714,10692
26714,68857
26714,21855
26714,78177
26714,4312
26714,93507
26714,69125
26714,60549
26714,84135
26714,58681
26714,39310
26714,28112
26714,20445
26714,79138
26714,45696
26714,87993
26714,42982
26714,88486
26714,21831
26714,61825
26714,35093
26714,92282
26714,10424
26714,82704
26714,30692
26714,37022
26714,9169
26714,61976
26714,52638
26714,19794
26714,89642
26714,95180
26714,90808
26714,1318
26714,94637
26714,30776
26714,74088
26714,44128
26714,59530
18842,84844
18842,46602
18842,15989
18842,88731
18842,2126
18842,94916
18842,90113
18842,43092
18842,10428
18842,66638
18842,46159
18842,69427
18842,79095
18842,93944
18842,10520
18842,10564
18842,24302
18842,76581
18842,78373
18842,51055
18842,3193
18842,60090
18842,10079
18842,47172
18842,58143
18842,86807
18842,43461
18842,67649
18842,9891
18842,36215
18842,89332
18842,9915
18842,66501
18842,41019
18842,46061
18842,92548
18842,42102
18842,74600
18842,64747
18842,62515
18842,18674
18842,65432
18842,18030
18842,82093
18842,89459
18842,53881
18842,4177
18842,40753
18842,34808
18842,37654
18842,24353
18842,55814
18842,85606
18842,29982
18842,58951
18842,8669
18842,91314
18842,68658
18842,96149
18842,47212
18842,26544
18842,76900
18842,26761
18842,86161
18842,49068
18842,37840
18842,80842
18842,62293
18842,3588
18842,76793
18842,15956
18842,2997
18842,35999
18842,44976
18842,69725
18842,38211
18842,83902
18842,85262
18842,45185
18842,23664
18842,94202
18842,79515
18842,78177
18842,98306
18842,12599
18842,33196
18842,40938
18842,67921
18842,49942
18842,52708
18842,62851
18842,69661
18842,49957
18842,33450
18842,998
18842,97567
18842,37735
18842,4809
18842,16216
18842,37022
18842,64575
18842,90650
18842,19794
18842,80572
18842,65114
18842,10059
18842,89967
18842,20515
18842,52110
18842,7197
78091,12376
78091,2885
78091,50797
78091,99710
78091,57372
78091,74649
78091,37711
78091,14613
78091,36078
78091,43735
78091,90113
78091,7612
78091,3805
78091,72594
78091,83129
78091,1503
78091,1272
78091,92369
78091,53548
78091,87781
78091,36875
78091,38335
78091,64417
78091,8013
78091,5957
78091,7959
78091,62725
78091,59292
78091,50015
78091,42452
78091,22340
78091,73798
78091,92155
78091,39491
78091,70782
78091,39274
78091,78824
78091,26405
78091,47172
78091,43461
78091,44582
78091,44672
78091,72277
78091,80519
78091,67649
78091,49195
78091,65304
78091,39863
78091,7315
78091,85851
78091,82969
78091,93016
78091,27254
78091,30860
78091,25460
78091,96678
78091,27522
78091,1608
78091,49806
78091,97475
78091,14290
78091,36838
78091,54129
78091,62515
78091,99162
78091,53082
78091,72188
78091,65432
78091,27455
78091,19091
78091,29358
78091,66075
78091,61524
78091,53881
78091,37195
78091,59054
78091,44313
78091,3793
78091,62444
78091,13122
78091,81927
78091,86997
78091,20079
78091,58951
78091,91314
78091,57173
78091,60670
78091,82639
78091,26544
78091,36851
78091,11733
78091,55639
78091,88953
78091,86161
78091,55587
78091,28935
78091,92622
78091,99792
78091,95853
78091,71569
78091,76793
78091,44976
78091,69725
78091,56747
78091,30481
78091,58617
78091,84083
78091,18165
78091,10343
78091,70600
78091,43946
78091,6090
78091,50307
78091,13613
78091,78665
78091,7025
78091,43746
78091,28799
78091,77942
78091,67747
78091,6463
78091,78177
78091,37787
78091,85225
78091,37106
78091,69125
78091,7536
78091,74722
78091,11238
78091,38591
78091,69661
78091,9835
78091,8697
78091,37735
78091,72466
78091,4809
78091,12515
78091,10424
78091,73409
78091,65334
78091,63531
78091,9169
78091,61976
78091,52638
78091,89642
78091,90085
78091,17930
78091,90808
78091,5062
78091,33252
78091,80200
10690,40696
10690,54084
10690,41477
10690,53926
10690,90965
10690,32818
10690,28680
10690,96311
10690,37711
10690,63867
10690,29759
10690,14613
10690,88731
10690,40029
10690,2126
10690,14210
10690,14340
10690,20082
10690,77939
10690,64416
10690,83129
10690,1272
10690,92369
10690,51625
10690,82241
10690,36875
10690,10520
10690,50802
10690,64417
10690,8013
10690,76581
10690,65268
10690,68556
10690,96937
10690,60979
10690,29210
10690,88384
10690,76017
10690,36866
10690,24848
10690,22340
10690,73798
10690,9150
10690,41435
10690,51846
10690,78373
10690,51055
10690,37570
10690,51451
10690,4731
10690,11125
10690,77441
10690,3193
10690,60090
10690,29923
10690,68169
10690,13748
10690,22620
10690,44043
10690,26030
10690,62707
10690,7685
10690,98684
10690,76214
10690,3228
10690,78983
10690,17936
10690,18765
10690,47722
10690,48721
10690,47066
10690,71346
10690,70954
10690,30205
10690,42451
10690,66326
10690,50886
10690,65271
10690,84441
10690,13512
10690,3086
10690,34524
10690,81497
10690,90997
10690,49679
10690,70282
10690,13285
10690,85293
10690,62153
10690,88855
10690,1608
10690,48489
10690,34924
10690,82707
10690,51181
10690,83163
10690,36854
10690,91832
10690,53082
10690,5199
10690,19091
10690,71128
10690,87269
10690,1198
10690,61524
10690,25706
10690,88950
10690,48898
10690,84595
10690,40753
10690,97287
10690,42635
10690,42723
10690,3793
10690,49424
10690,37512
10690,73295
10690,70511
10690,94691
10690,71951
10690,62444
10690,25316
10690,26261
10690,81927
10690,74421
10690,67349
10690,82814
10690,6816
10690,9031
10690,6525
10690,91314
10690,47881
10690,9621
10690,60670
10690,52905
10690,82639
10690,26544
10690,21947
10690,11775
10690,39383
10690,39351
10690,47820
10690,55639
10690,26761
10690,9588
10690,49068
10690,47187
10690,73704
10690,81743
10690,59817
10690,39501
10690,56529
10690,84280
10690,99792
10690,26074
10690,30170
10690,95853
10690,6594
10690,48302
10690,87505
10690,84622
10690,95995
10690,42987
10690,56747
10690,30481
10690,58159
10690,66626
10690,10513
10690,84083
10690,56359
10690,99290
10690,18165
10690,28714
10690,73973
10690,50519
10690,70600
10690,6927
10690,79067
10690,57837
10690,31580
10690,48745
10690,61025
10690,51956
10690,23664
10690,61573
10690,29811
10690,60730
10690,59783
10690,61326
10690,79515
10690,10692
10690,45770
10690,12333
10690,44244
10690,1674
10690,21855
10690,78177
10690,18882
10690,78591
10690,3101
10690,86833
10690,73386
10690,72568
10690,60228
10690,62789
10690,8536
10690,17736
10690,29704
10690,90546
10690,49233
10690,74499
10690,16758
10690,82993
10690,10188
10690,11238
10690,51097
10690,5059
10690,56407
10690,6374
10690,62851
10690,96402
10690,32176
10690,13278
10690,69661
10690,9835
10690,45696
10690,39993
10690,33450
10690,61825
10690,62826
10690,2677
10690,18808
10690,72466
10690,4809
10690,85038
10690,99757
10690,96211
10690,92282
10690,95796
10690,13373
10690,63531
10690,37022
10690,93387
10690,9169
10690,61976
10690,91043
10690,7137
10690,89642
10690,75733
10690,65114
10690,32666
10690,10059
10690,89967
10690,20515
10690,46196
10690,25417
10690,10958
10690,30776
10690,7197
64021,1064
64021,41477
64021,84230
64021,36078
64021,98122
64021,50306
64021,66638
64021,46159
64021,25310
64021,93944
64021,50802
64021,47260
64021,60979
64021,29210
64021,59292
64021,51055
64021,78824
64021,47172
64021,86807
64021,63866
64021,36215
64021,89332
64021,74853
64021,41019
64021,13512
64021,97475
64021,21793
64021,65432
64021,65664
64021,18030
64021,15718
64021,48756
64021,55814
64021,58951
64021,79834
64021,57173
64021,76900
64021,28935
64021,59817
64021,29682
64021,26618
64021,62293
64021,21334
64021,38798
64021,63028
64021,28714
64021,7025
64021,90275
64021,28799
64021,23664
64021,36956
64021,76147
64021,98306
64021,18882
64021,73386
64021,72598
64021,7536
64021,41543
64021,99757
64021,52703
64021,12515
64021,80759
64021,10958
16607,1064
16607,2885
16607,39885
16607,46602
16607,94791
16607,94649
16607,79668
16607,25155
16607,65887
16607,40029
16607,36078
16607,2126
16607,73945
16607,14340
16607,61726
16607,79650
16607,8980
16607,66638
16607,83129
16607,91713
16607,30965
16607,39824
16607,92369
16607,81015
16607,46159
16607,39079
16607,87781
16607,20460
16607,10520
16607,64417
16607,8287
16607,6510
16607,7959
16607,58914
16607,87765
16607,82315
16607,58245
16607,73798
16607,65538
16607,51846
16607,37570
16607,88776
16607,51710
16607,3617
16607,62704
16607,23385
16607,86807
16607,44043
16607,66992
16607,94556
16607,83365
16607,3003
16607,69711
16607,39301
16607,62707
16607,29628
16607,72277
16607,14531
16607,47722
16607,12812
16607,92882
16607,80996
16607,84786
16607,39863
16607,66326
16607,74853
16607,9915
16607,63871
16607,98151
16607,62905
16607,85851
16607,3086
16607,17740
16607,24548
16607,23525
16607,48489
16607,16722
16607,21793
16607,28928
16607,36854
16607,79278
16607,91832
16607,58876
16607,51810
16607,80321
16607,24070
16607,61524
16607,94363
16607,48391
16607,96472
16607,59063
16607,42635
16607,63663
16607,71951
16607,56254
16607,48756
16607,85606
16607,74421
16607,67349
16607,46428
16607,89757
16607,8669
16607,58660
16607,68658
16607,9621
16607,62943
16607,16012
16607,39351
16607,47820
16607,55639
16607,1349
16607,86161
16607,55587
16607,9053
16607,73704
16607,56529
16607,84280
16607,26618
16607,90219
16607,47884
16607,48302
16607,3588
16607,15956
16607,35999
16607,87505
16607,84622
16607,95265
16607,85542
16607,56747
16607,44348
16607,28714
16607,9239
16607,45925
16607,79067
16607,38589
16607,48745
16607,78665
16607,94202
16607,62224
16607,36956
16607,10692
16607,45770
16607,19851
16607,63777
16607,37787
16607,98306
16607,4232
16607,93507
16607,40938
16607,72270
16607,77844
16607,56489
16607,74722
16607,5059
16607,55334
16607,17185
16607,38591
16607,17526
16607,29290
16607,79138
16607,62826
16607,97754
16607,31910
16607,72466
16607,24072
16607,99757
16607,99473
16607,52703
16607,86447
16607,35240
16607,89249
16607,37022
16607,13395
16607,19794
16607,80572
16607,89096
16607,10059
16607,85528
16607,652
16607,25417
16607,49307
16607,21236
16607,44128
16607,7197
96138,11003
96138,28680
96138,91845
96138,63867
96138,49558
96138,22551
96138,79650
96138,44305
96138,3545
96138,49372
96138,39983
96138,78355
96138,1795
96138,58424
96138,47260
96138,58914
96138,73798
96138,11153
96138,11125
96138,39274
96138,63014
96138,44582
96138,13914
96138,98684
96138,72277
96138,49612
96138,18765
96138,47066
96138,71870
96138,65304
96138,46061
96138,65271
96138,84441
96138,1836
96138,6
96138,27254
96138,42102
96138,25460
96138,85293
96138,27199
96138,54129
96138,99162
96138,53082
96138,31024
96138,81052
96138,48898
96138,59063
96138,44313
96138,42635
96138,87941
96138,26261
96138,55814
96138,19152
96138,29982
96138,53695
96138,6525
96138,96149
96138,79870
96138,21947
96138,11733
96138,9053
96138,28935
96138,39501
96138,14299
96138,70679
96138,99290
96138,4027
96138,51956
96138,12333
96138,11038
96138,10353
96138,18882
96138,4232
96138,49942
96138,45506
96138,34076
96138,11238
96138,5059
96138,84135
96138,33249
96138,21831
96138,61825
96138,16291
96138,16216
96138,13373
96138,52638
96138,91043
96138,19794
96138,16219
96138,35079
96138,90808
96138,80686
96138,30776
96138,33252
45717,40696
45717,1064
45717,41477
45717,39243
45717,2885
45717,50797
45717,70994
45717,53926
45717,73918
45717,17253
45717,53643
45717,32818
45717,6420
45717,37605
45717,96311
45717,65887
45717,91845
45717,14613
45717,49558
45717,43735
45717,20082
45717,79650
45717,43092
45717,10428
45717,87810
45717,1503
45717,92369
45717,70434
45717,51625
45717,39983
45717,36875
45717,95594
45717,93944
45717,64417
45717,46068
45717,96937
45717,7959
45717,87765
45717,69995
45717,60388
45717,50015
45717,82315
45717,36866
45717,58245
45717,22340
45717,60211
45717,65681
45717,78373
45717,41190
45717,22648
45717,88776
45717,3193
45717,60090
45717,3617
45717,62803
45717,13748
45717,64607
45717,94556
45717,83365
45717,44582
45717,16897
45717,7685
45717,98684
45717,2820
45717,76214
45717,72277
45717,49612
45717,6262
45717,16081
45717,97386
45717,34053
45717,70954
45717,42451
45717,74853
45717,31336
45717,62905
45717,65271
45717,6346
45717,84441
45717,38505
45717,97323
45717,34524
45717,30860
45717,25460
45717,86289
45717,21230
45717,70282
45717,78229
45717,85293
45717,22799
45717,43175
45717,23525
45717,26935
45717,48489
45717,14421
45717,28928
45717,36838
45717,99162
45717,79278
45717,80999
45717,34523
45717,66075
45717,36891
45717,82093
45717,98615
45717,40584
45717,81052
45717,61524
45717,113
45717,7021
45717,15718
45717,34808
45717,16425
45717,37654
45717,47003
45717,70511
45717,87941
45717,48430
45717,25316
45717,13122
45717,41743
45717,39809
45717,47292
45717,67349
45717,53695
45717,37212
45717,89757
45717,96149
45717,95408
45717,16012
45717,53770
45717,21026
45717,86161
45717,55587
45717,49068
45717,59113
45717,28935
45717,41473
45717,78675
45717,84280
45717,45841
45717,14299
45717,6594
45717,8982
45717,71569
45717,76327
45717,35999
45717,26638
45717,12104
45717,70679
45717,58617
45717,10513
45717,84083
45717,83902
45717,56359
45717,99290
45717,18165
45717,12237
45717,82703
45717,45925
45717,43946
45717,6815
45717,57837
45717,6090
45717,50307
45717,48745
45717,4027
45717,43746
45717,48790
45717,94730
45717,90275
45717,64966
45717,60730
45717,64317
45717,94202
45717,11038
45717,22436
45717,63777
45717,48609
45717,63620
45717,4925
45717,21855
45717,75529
45717,4312
45717,3101
45717,93507
45717,72598
45717,76145
45717,74499
45717,56489
45717,55334
45717,58681
45717,33249
45717,20445
45717,17526
45717,49957
45717,45696
45717,39993
45717,33450
45717,88486
45717,97754
45717,31910
45717,24072
45717,99473
45717,27660
45717,92282
45717,12515
45717,10424
45717,82704
45717,53352
45717,73873
45717,42374
45717,52638
45717,17930
45717,10059
45717,5062
45717,80686
45717,64597
45717,10958
45717,30776
45717,21236
45717,7197
59161,12376
59161,59135
59161,43092
59161,3545
59161,64451
59161,83129
59161,30965
59161,92369
59161,81015
59161,70392
59161,39983
59161,36875
59161,89592
59161,10563
59161,46068
59161,6510
59161,58914
59161,76017
59161,73798
59161,65538
59161,62803
59161,2418
59161,87239
59161,7697
59161,58143
59161,66992
59161,474
59161,72277
59161,17936
59161,6262
59161,91
59161,47722
59161,97386
59161,51431
59161,1862
59161,34274
59161,48244
59161,3086
59161,30860
59161,27522
59161,24548
59161,78229
59161,13285
59161,22799
59161,34924
59161,14421
59161,21793
59161,96691
59161,19487
59161,58876
59161,51810
59161,5199
59161,19091
59161,66075
59161,45216
59161,81052
59161,25706
59161,53881
59161,48391
59161,12138
59161,15718
59161,24234
59161,59054
59161,40753
59161,63663
59161,81927
59161,86997
59161,46828
59161,61309
59161,10042
59161,5943
59161,16012
59161,53770
59161,65295
59161,1349
59161,34448
59161,15566
59161,47884
59161,80842
59161,26074
59161,95853
59161,6594
59161,87505
59161,26638
59161,84622
59161,95265
59161,42923
59161,8796
59161,56747
59161,58617
59161,66626
59161,76511
59161,73973
59161,70600
59161,94730
59161,28799
59161,61573
59161,57967
59161,75529
59161,98306
59161,78591
59161,8536
59161,72598
59161,10188
59161,58681
59161,92100
59161,33249
59161,39310
59161,18218
59161,38591
59161,20445
59161,79138
59161,45696
59161,87993
59161,33450
59161,8697
59161,97754
59161,2677
59161,27660
59161,12515
59161,89249
59161,53056
59161,89642
59161,17930
59161,66677
59161,47458
59161,32666
59161,5062
59161,697
59161,94637
59161,33252
71179,1064
71179,90965
71179,17253
71179,11003
71179,79668
71179,74649
71179,43561
71179,91845
71179,49558
71179,88731
71179,14210
71179,73945
71179,59121
71179,20082
71179,90113
71179,16021
71179,43092
71179,7612
71179,3805
71179,41448
71179,34874
71179,55515
71179,1503
71179,39824
71179,92369
71179,81015
71179,70392
71179,39983
71179,36875
71179,95594
71179,24302
71179,74059
71179,68556
71179,29210
71179,62725
71179,69995
71179,73798
71179,11153
71179,30083
71179,28105
71179,88776
71179,40875
71179,51710
71179,26165
71179,29923
71179,68169
71179,23385
71179,47172
71179,50055
71179,62707
71179,44672
71179,98684
71179,30883
71179,76214
71179,29628
71179,14531
71179,36215
71179,65304
71179,54361
71179,30205
71179,66501
71179,63871
71179,7315
71179,62905
71179,38505
71179,92548
71179,82969
71179,30860
71179,25460
71179,49679
71179,70282
71179,92866
71179,65472
71179,49806
71179,21793
71179,96691
71179,99057
71179,53082
71179,72188
71179,19091
71179,36891
71179,45216
71179,98615
71179,81052
71179,89459
71179,113
71179,37195
71179,4177
71179,96472
71179,97287
71179,63663
71179,42723
71179,70511
71179,48430
71179,71951
71179,98521
71179,85606
71179,59338
71179,29982
71179,67349
71179,64757
71179,54466
71179,15096
71179,5943
71179,13968
71179,65295
71179,47820
71179,88953
71179,28935
71179,78675
71179,45841
71179,20149
71179,36296
71179,90219
71179,80842
71179,30170
71179,14299
71179,48302
71179,28136
71179,15956
71179,30846
71179,8796
71179,44348
71179,70679
71179,76511
71179,56359
71179,19147
71179,99290
71179,64039
71179,50519
71179,29040
71179,82703
71179,79589
71179,79067
71179,50307
71179,13613
71179,85262
71179,17354
71179,4027
71179,7025
71179,48790
71179,28799
71179,29811
71179,94202
71179,62224
71179,79515
71179,36956
71179,10353
71179,63620
71179,37787
71179,4312
71179,98306
71179,18882
71179,85225
71179,78591
71179,62789
71179,8536
71179,33196
71179,72270
71179,74722
71179,62851
71179,18445
71179,58681
71179,43081
71179,39058
71179,20445
71179,48933
71179,79138
71179,97754
71179,85617
71179,4809
71179,30568
71179,96211
71179,27660
71179,52703
71179,12515
71179,91319
71179,18064
71179,63531
71179,53352
71179,36323
71179,42374
71179,64575
71179,13395
71179,90650
71179,90307
71179,89642
71179,88311
71179,17930
71179,89967
71179,35079
71179,1318
71179,74888
71179,59530
31045,84844
31045,54084
31045,50797
31045,70994
31045,90965
31045,94649
31045,37605
31045,29838
31045,49558
31045,14210
31045,84178
31045,50306
31045,22517
31045,92369
31045,49372
31045,36458
31045,39983
31045,53548
31045,69427
31045,87781
31045,20460
31045,93944
31045,8287
31045,58424
31045,26312
31045,6510
31045,60979
31045,72149
31045,88384
31045,87765
31045,69995
31045,60388
31045,36162
31045,82315
31045,24848
31045,73798
31045,11153
31045,9150
31045,65538
31045,41435
31045,51846
31045,65681
31045,41190
31045,3193
31045,40875
31045,78824
31045,51710
31045,2418
31045,47172
31045,66992
31045,94556
31045,8309
31045,44582
31045,98684
31045,13148
31045,90375
31045,474
31045,18765
31045,30614
31045,47722
31045,34053
31045,51431
31045,70954
31045,1862
31045,74853
31045,50886
31045,19581
31045,65271
31045,92548
31045,42102
31045,96678
31045,23594
31045,22799
31045,62153
31045,34924
31045,27199
31045,22528
31045,28928
31045,80887
31045,7926
31045,80999
31045,53082
31045,65432
31045,58876
31045,27455
31045,86538
31045,32541
31045,98615
31045,12242
31045,48391
31045,48898
31045,4177
31045,84595
31045,91374
31045,84024
31045,37654
31045,63663
31045,47003
31045,3793
31045,49424
31045,62444
31045,98521
31045,55814
31045,96507
31045,19152
31045,86997
31045,29982
31045,58660
31045,15096
31045,82639
31045,21036
31045,5943
31045,76900
31045,13968
31045,14765
31045,11733
31045,55319
31045,53770
31045,55639
31045,26761
31045,86161
31045,15566
31045,53495
31045,41473
31045,39501
31045,78675
31045,39888
31045,84280
31045,45841
31045,47884
31045,80842
31045,26074
31045,28136
31045,2997
31045,74988
31045,87505
31045,84622
31045,42923
31045,38211
31045,58617
31045,3
31045,50519
31045,70600
31045,38589
31045,57837
31045,6090
31045,57782
31045,45185
31045,43746
31045,48790
31045,61573
31045,94202
31045,12407
31045,10353
31045,96932
31045,21855
31045,18882
31045,3101
31045,37106
31045,8536
31045,93507
31045,76145
31045,16758
31045,77844
31045,34076
31045,56407
31045,66713
31045,55334
31045,18445
31045,79102
31045,39310
31045,69661
31045,29290
31045,79138
31045,8697
31045,88486
31045,21831
31045,61825
31045,90034
31045,2677
31045,35093
31045,24072
31045,4809
31045,85038
31045,52703
31045,10424
31045,82704
31045,63531
31045,89249
31045,61976
31045,78277
31045,19794
31045,80572
31045,75733
31045,65114
31045,25838
31045,85528
31045,5062
31045,64597
31045,10958
31045,49307
31045,30776
31045,21236
31045,59530
85188,39885
85188,28620
85188,20082
85188,61726
85188,64451
85188,70392
85188,46461
85188,69427
85188,6510
85188,4731
85188,88776
85188,78824
85188,69711
85188,39301
85188,62707
85188,54361
85188,66326
85188,9915
85188,19581
85188,86289
85188,96678
85188,22799
85188,48489
85188,14421
85188,74365
85188,96691
85188,91832
85188,4071
85188,71128
85188,40753
85188,50883
85188,74421
85188,89757
85188,57173
85188,82639
85188,88953
85188,73704
85188,78675
85188,20149
85188,62293
85188,42923
85188,18165
85188,6090
85188,48790
85188,62224
85188,77942
85188,68857
85188,67747
85188,63777
85188,63620
85188,37787
85188,10188
85188,73855
85188,43081
85188,39310
85188,18218
85188,74594
85188,35093
85188,41543
85188,4809
85188,85038
85188,99757
85188,66677
85188,51334
85188,85528
74602,2885
74602,53926
74602,84230
74602,6420
74602,37711
74602,88731
74602,40029
74602,59121
74602,61726
74602,7612
74602,70434
74602,49372
74602,51625
74602,10520
74602,64417
74602,35573
74602,51451
74602,11125
74602,60090
74602,26165
74602,29923
74602,16897
74602,29628
74602,80519
74602,8862
74602,63951
74602,51431
74602,71346
74602,70954
74602,42451
74602,9915
74602,6346
74602,38505
74602,3086
74602,96678
74602,90997
74602,17740
74602,27522
74602,74365
74602,96691
74602,99057
74602,19451
74602,80999
74602,65664
74602,11158
74602,19091
74602,80321
74602,71128
74602,87269
74602,15889
74602,48391
74602,84595
74602,96472
74602,59063
74602,59054
74602,42723
74602,94691
74602,48430
74602,71951
74602,81927
74602,55814
74602,39809
74602,74421
74602,46828
74602,58951
74602,46428
74602,6525
74602,58660
74602,9621
74602,72929
74602,52905
74602,11766
74602,95408
74602,14425
74602,72659
74602,36296
74602,28136
74602,15956
74602,76327
74602,42987
74602,70679
74602,64039
74602,28714
74602,45925
74602,43946
74602,48790
74602,90275
74602,71663
74602,12407
74602,63777
74602,63620
74602,4925
74602,18882
74602,37106
74602,92503
74602,69125
74602,74722
74602,84135
74602,18445
74602,13278
74602,28112
74602,40557
74602,74594
74602,97754
74602,35093
74602,13373
74602,93387
74602,73539
74602,9169
74602,52638
74602,75733
74602,97957
98731,2885
98731,28680
98731,20082
98731,16021
98731,7612
98731,49372
98731,39983
98731,8013
98731,47260
98731,50015
98731,82315
98731,73445
98731,78428
98731,30083
98731,39274
98731,69711
98731,80519
98731,47066
98731,46061
98731,65271
98731,1836
98731,93016
98731,27254
98731,42102
98731,17740
98731,88855
98731,80999
98731,72188
98731,65432
98731,31024
98731,81052
98731,53881
98731,48898
98731,13122
98731,98521
98731,26261
98731,86997
98731,29982
98731,58951
98731,6525
98731,60670
98731,42819
98731,11733
98731,26761
98731,88953
98731,47187
98731,59113
98731,28935
98731,30846
98731,38211
98731,84083
98731,63028
98731,28714
98731,7339
98731,50307
98731,4027
98731,77841
98731,81307
98731,67747
98731,3101
98731,76145
98731,16758
98731,72270
98731,49942
98731,66713
98731,33249
98731,16291
98731,10424
98731,91043
98731,13395
98731,19794
98731,80686
98731,74888
46121,41477
46121,94791
46121,73918
46121,99710
46121,79668
46121,28680
46121,96311
46121,49558
46121,43735
46121,79650
46121,77939
46121,22517
46121,72594
46121,41448
46121,10428
46121,64451
46121,1272
46121,91713
46121,82241
46121,39983
46121,38578
46121,39079
46121,79095
46121,20460
46121,93944
46121,10564
46121,50802
46121,64417
46121,7959
46121,69995
46121,24848
46121,22340
46121,57289
46121,4731
46121,77441
46121,3617
46121,68169
46121,13748
46121,7697
46121,94556
46121,83365
46121,50055
46121,63866
46121,7685
46121,27671
46121,13148
46121,3228
46121,90375
46121,474
46121,17936
46121,29884
46121,89332
46121,48721
46121,46099
46121,39863
46121,43875
46121,66501
46121,45177
46121,84441
46121,82969
46121,3086
46121,30719
46121,19897
46121,96678
46121,2500
46121,48489
46121,34924
46121,82707
46121,14421
46121,3924
46121,7926
46121,86538
46121,81052
46121,1198
46121,61524
46121,48391
46121,37195
46121,96472
46121,37654
46121,63663
46121,70511
46121,24353
46121,72364
46121,86997
46121,53695
46121,82814
46121,8669
46121,34016
46121,82639
46121,62943
46121,76900
46121,19028
46121,4272
46121,39383
46121,47187
46121,53495
46121,36296
46121,63297
46121,75375
46121,3588
46121,15956
46121,26638
46121,95995
46121,78995
46121,42923
46121,10513
46121,63028
46121,99290
46121,6927
46121,6815
46121,79067
46121,38589
46121,31580
46121,61025
46121,17354
46121,90275
46121,28799
46121,62224
46121,77942
46121,11038
46121,48609
46121,6463
46121,4232
46121,78591
46121,37106
46121,72568
46121,49233
46121,74499
46121,82993
46121,67921
46121,52708
46121,5059
46121,62851
46121,57589
46121,79102
46121,43081
46121,28112
46121,74594
46121,45696
46121,42982
46121,88486
46121,61825
46121,62826
46121,998
46121,97754
46121,35093
46121,24072
46121,96211
46121,52703
46121,12515
46121,10424
46121,95796
46121,73409
46121,86447
46121,13373
46121,99454
46121,64575
46121,61976
46121,13395
46121,53056
46121,17930
46121,10059
46121,89967
46121,5062
46121,652
46121,25417
46121,49307
46121,33252
46121,33470
56907,1064
56907,2885
56907,70994
56907,53926
56907,90965
56907,84230
56907,53643
56907,29838
56907,59121
56907,37624
56907,50306
56907,43092
56907,1272
56907,92369
56907,81015
56907,53548
56907,69427
56907,87781
56907,95594
56907,10520
56907,8013
56907,5957
56907,8287
56907,88384
56907,69995
56907,42452
56907,36162
56907,58245
56907,60211
56907,11153
56907,92155
56907,57289
56907,41435
56907,30083
56907,41190
56907,70782
56907,39274
56907,60090
56907,87239
56907,22620
56907,7697
56907,63014
56907,69711
56907,16897
56907,39301
56907,76214
56907,474
56907,16081
56907,29884
56907,8862
56907,65304
56907,63951
56907,80996
56907,94560
56907,70954
56907,9915
56907,13875
56907,34274
56907,46061
56907,92655
56907,92548
56907,27254
56907,42102
56907,86289
56907,19897
56907,74600
56907,92866
56907,78229
56907,49806
56907,63112
56907,28928
56907,14290
56907,72188
56907,4071
56907,5199
56907,19091
56907,80321
56907,15718
56907,84024
56907,47003
56907,48430
56907,50883
56907,66004
56907,98521
56907,55814
56907,19152
56907,84822
56907,29982
56907,6525
56907,47881
56907,15096
56907,16012
56907,86161
56907,9588
56907,87379
56907,73704
56907,29682
56907,78675
56907,45841
56907,26074
56907,93464
56907,74988
56907,85542
56907,44348
56907,58617
56907,27266
56907,9239
56907,50307
56907,44949
56907,48790
56907,28799
56907,12407
56907,24497
56907,19851
56907,68857
56907,4925
56907,6463
56907,4312
56907,4232
56907,78591
56907,37106
56907,72568
56907,8536
56907,90546
56907,72270
56907,49942
56907,1829
56907,18841
56907,51097
56907,84135
56907,39310
56907,20445
56907,84098
56907,69661
56907,65896
56907,48933
56907,9835
56907,45696
56907,39993
56907,998
56907,97754
56907,85617
56907,4809
56907,96211
56907,16291
56907,16216
56907,73409
56907,13373
56907,35240
56907,30692
56907,93387
56907,91043
56907,90085
56907,88311
56907,75733
56907,46196
56907,68532
56907,49307
56907,74088
56907,7197
98930,84844
98930,97522
98930,46602
98930,50797
98930,53926
98930,99322
98930,73918
98930,12361
98930,695
98930,6420
98930,37711
98930,65887
98930,14613
98930,36078
98930,98122
98930,59121
98930,22551
98930,37624
98930,94916
98930,79650
98930,7612
98930,22517
98930,72594
98930,10428
98930,66638
98930,55515
98930,1503
98930,92369
98930,49372
98930,70392
98930,53548
98930,69427
98930,38578
98930,11960
98930,25310
98930,79095
98930,20460
98930,95763
98930,38335
98930,50136
98930,49983
98930,8287
98930,46068
98930,60979
98930,87765
98930,50426
98930,58245
98930,9150
98930,65538
98930,51846
98930,30083
98930,51451
98930,88776
98930,39274
98930,51710
98930,26165
98930,62803
98930,7697
98930,2820
98930,29628
98930,474
98930,78983
98930,14531
98930,6262
98930,36215
98930,71870
98930,34053
98930,51431
98930,68964
98930,42451
98930,1862
98930,9915
98930,41019
98930,98151
98930,85851
98930,65271
98930,34524
98930,86289
98930,19897
98930,21230
98930,23594
98930,70282
98930,1608
98930,97475
98930,84059
98930,3924
98930,28928
98930,80887
98930,99162
98930,18674
98930,19451
98930,80999
98930,4071
98930,80321
98930,32541
98930,87269
98930,88161
98930,113
98930,48898
98930,44313
98930,34808
98930,63663
98930,47003
98930,3793
98930,68416
98930,63042
98930,59114
98930,41743
98930,56254
98930,96507
98930,74421
98930,59338
98930,29982
98930,46828
98930,37212
98930,8669
98930,6525
98930,68658
98930,54466
98930,10042
98930,9621
98930,72929
98930,15096
98930,21036
98930,42819
98930,26544
98930,55319
98930,65295
98930,9076
98930,88953
98930,86161
98930,28935
98930,53495
98930,56529
98930,39888
98930,84280
98930,30170
98930,3588
98930,15956
98930,44976
98930,70254
98930,26638
98930,42987
98930,78995
98930,12104
98930,38798
98930,38211
98930,83902
98930,99290
98930,64039
98930,70600
98930,43946
98930,6815
98930,79589
98930,31580
98930,6090
98930,50307
98930,51956
98930,94730
98930,77964
98930,61573
98930,29811
98930,77841
98930,64317
98930,10692
98930,11038
98930,10353
98930,22436
98930,6463
98930,78177
98930,59844
98930,4232
98930,86833
98930,92503
98930,72598
98930,29704
98930,49233
98930,82993
98930,49942
98930,77844
98930,7536
98930,51097
98930,73855
98930,55334
98930,13278
98930,43081
98930,27856
98930,39993
98930,21831
98930,24072
98930,30568
98930,27660
98930,92282
98930,10424
98930,95796
98930,13373
98930,82704
98930,63531
98930,89249
98930,30692
98930,36323
98930,61976
98930,13395
98930,90650
98930,19794
98930,80572
98930,88311
98930,89967
98930,90808
98930,652
98930,25417
98930,49307
98930,33470
80145,39243
80145,84230
80145,94649
80145,99710
80145,91845
80145,36078
80145,16021
80145,43092
80145,44305
80145,22517
80145,87810
80145,70434
80145,46461
80145,39983
80145,43652
80145,58424
80145,69995
80145,92155
80145,51846
80145,28105
80145,77441
80145,70782
80145,39274
80145,78824
80145,2418
80145,10079
80145,62704
80145,51678
80145,7697
80145,63014
80145,43461
80145,69711
80145,44582
80145,13914
80145,62707
80145,98684
80145,90375
80145,80519
80145,18765
80145,29884
80145,12812
80145,65304
80145,63951
80145,84786
80145,42451
80145,74853
80145,43875
80145,98151
80145,65271
80145,38505
80145,1332
80145,34524
80145,30860
80145,90997
80145,49679
80145,27522
80145,70282
80145,92866
80145,13285
80145,85293
80145,2500
80145,26935
80145,88855
80145,1608
80145,34924
80145,16722
80145,3924
80145,51181
80145,54129
80145,99057
80145,83163
80145,21092
80145,43003
80145,19091
80145,66075
80145,40584
80145,15889
80145,48898
80145,7021
80145,59054
80145,42635
80145,34808
80145,59114
80145,98521
80145,81927
80145,69465
80145,82814
80145,58951
80145,46428
80145,6525
80145,91314
80145,72929
80145,21036
80145,26544
80145,9588
80145,87379
80145,9053
80145,56529
80145,39888
80145,84280
80145,47884
80145,80842
80145,14299
80145,95995
80145,97247
80145,30481
80145,44348
80145,10513
80145,84083
80145,31580
80145,17354
80145,57782
80145,45185
80145,77841
80145,77942
80145,67009
80145,24497
80145,10353
80145,75529
80145,92503
80145,76145
80145,49942
80145,77844
80145,56489
80145,1829
80145,11238
80145,6374
80145,13278
80145,43081
80145,33249
80145,39310
80145,28112
80145,17185
80145,88089
80145,29290
80145,21831
80145,65163
80145,37735
80145,41543
80145,99757
80145,16291
80145,16216
80145,92282
80145,13373
80145,37022
80145,93387
80145,61976
80145,19794
80145,89642
80145,88311
80145,47458
80145,89096
80145,85528
80145,49307
80145,30776
80145,52110
37119,90482
37119,94791
37119,28680
37119,70434
37119,79095
37119,64417
37119,74059
37119,35573
37119,29210
37119,58914
37119,88384
37119,42452
37119,73445
37119,78373
37119,88776
37119,60090
37119,26165
37119,26405
37119,47172
37119,83365
37119,13914
37119,29628
37119,14531
37119,36215
37119,50886
37119,46061
37119,30719
37119,19897
37119,78229
37119,14290
37119,19091
37119,88161
37119,88950
37119,84595
37119,44313
37119,94691
37119,64757
37119,47881
37119,60670
37119,21947
37119,9588
37119,28935
37119,95853
37119,6594
37119,15956
37119,99173
37119,12104
37119,85262
37119,48790
37119,28799
37119,77841
37119,36956
37119,10353
37119,75529
37119,86833
37119,8536
37119,93507
37119,90546
37119,45506
37119,7536
37119,18841
37119,92100
37119,40557
37119,69661
37119,42982
37119,97754
37119,84551
37119,4809
37119,92282
37119,36323
37119,9169
37119,16219
37119,17930
37119,44128
65505,1064
65505,97522
65505,39243
65505,2885
65505,90965
65505,99322
65505,28680
65505,25155
65505,37605
65505,96311
65505,37711
65505,29759
65505,2126
65505,43735
65505,98122
65505,94916
65505,14340
65505,59135
65505,79650
65505,8980
65505,81332
65505,43092
65505,64416
65505,41448
65505,10428
65505,83129
65505,1503
65505,91713
65505,39824
65505,70434
65505,70392
65505,82241
65505,46159
65505,46461
65505,39983
65505,38578
65505,87781
65505,95763
65505,38335
65505,95594
65505,59176
65505,74059
65505,38932
65505,68556
65505,35573
65505,58424
65505,47260
65505,6510
65505,58914
65505,88384
65505,98463
65505,73445
65505,78373
65505,51055
65505,22648
65505,88776
65505,78824
65505,10079
65505,86807
65505,66992
65505,69711
65505,97893
65505,82739
65505,39301
65505,13148
65505,72277
65505,17936
65505,14531
65505,49195
65505,16081
65505,29884
65505,70954
65505,84786
65505,39863
65505,1862
65505,43875
65505,66501
65505,31336
65505,13875
65505,46061
65505,19581
65505,1836
65505,92655
65505,97323
65505,82969
65505,3086
65505,34524
65505,25460
65505,86289
65505,19897
65505,81497
65505,23525
65505,49806
65505,34924
65505,14421
65505,27199
65505,14290
65505,18674
65505,33181
65505,65432
65505,54974
65505,80321
65505,36891
65505,82093
65505,45216
65505,32541
65505,98615
65505,24070
65505,25706
65505,88161
65505,88950
65505,48391
65505,12138
65505,96472
65505,84024
65505,47003
65505,68416
65505,37512
65505,63042
65505,62444
65505,13122
65505,81927
65505,55814
65505,13705
65505,47292
65505,59338
65505,19152
65505,64757
65505,68658
65505,54466
65505,47881
65505,57173
65505,72929
65505,34016
65505,72410
65505,62943
65505,76900
65505,19028
65505,11775
65505,39383
65505,47820
65505,49068
65505,87456
65505,47187
65505,81743
65505,41473
65505,59817
65505,26618
65505,45841
65505,80842
65505,26074
65505,93464
65505,6594
65505,71569
65505,76327
65505,58578
65505,26638
65505,42987
65505,97247
65505,30481
65505,70679
65505,76511
65505,83902
65505,27266
65505,7339
65505,50519
65505,9239
65505,70600
65505,6815
65505,57837
65505,50307
65505,13613
65505,44949
65505,4027
65505,45185
65505,43746
65505,28799
65505,23664
65505,77841
65505,94202
65505,12407
65505,67009
65505,10692
65505,19851
65505,10353
65505,48609
65505,96932
65505,2584
65505,18882
65505,78591
65505,92503
65505,97900
65505,8536
65505,33196
65505,49233
65505,74499
65505,16758
65505,34076
65505,69125
65505,1829
65505,11238
65505,62851
65505,92100
65505,39058
65505,38591
65505,20445
65505,84098
65505,17526
65505,9835
65505,45696
65505,87993
65505,88486
65505,21831
65505,72466
65505,41543
65505,16291
65505,12515
65505,65334
65505,86447
65505,99454
65505,35240
65505,89249
65505,37022
65505,80572
65505,90085
65505,17930
65505,66677
65505,65114
65505,89096
65505,32666
65505,35079
65505,51334
65505,1318
65505,68532
65505,10958
65505,74888
73035,84844
73035,90482
73035,41477
73035,90965
73035,6420
73035,74649
73035,65887
73035,29759
73035,14613
73035,72594
73035,66638
73035,30965
73035,49372
73035,46159
73035,64417
73035,24302
73035,74059
73035,8287
73035,1795
73035,36162
73035,73733
73035,60211
73035,65681
73035,41190
73035,3193
73035,26405
73035,97872
73035,44582
73035,16897
73035,13914
73035,30883
73035,80519
73035,29884
73035,63951
73035,1862
73035,92548
73035,3086
73035,30719
73035,81497
73035,90997
73035,74600
73035,43175
73035,65472
73035,16722
73035,28928
73035,75147
73035,99057
73035,80999
73035,91832
73035,72188
73035,65432
73035,65746
73035,19091
73035,31024
73035,98615
73035,24070
73035,71128
73035,48391
73035,4177
73035,40753
73035,44313
73035,42635
73035,34808
73035,42723
73035,47003
73035,94691
73035,48430
73035,25316
73035,73346
73035,46828
73035,37212
73035,64757
73035,82847
73035,47881
73035,53770
73035,1349
73035,88953
73035,37840
73035,28935
73035,92622
73035,70167
73035,6594
73035,99173
73035,44976
73035,42987
73035,42923
73035,12104
73035,70679
73035,6815
73035,12407
73035,24497
73035,68857
73035,10353
73035,4925
73035,76147
73035,21855
73035,75529
73035,18882
73035,4232
73035,72568
73035,60228
73035,17736
73035,3913
73035,40938
73035,18841
73035,55334
73035,28112
73035,20762
73035,29290
73035,39993
73035,21831
73035,998
73035,90034
73035,65334
73035,13373
73035,89249
73035,13395
73035,95180
73035,94637
73035,10958
73035,74088
46912,39243
46912,39885
46912,28620
46912,12999
46912,53926
46912,69909
46912,53643
46912,96311
46912,14210
46912,20082
46912,34874
46912,10428
46912,55515
46912,70434
46912,70392
46912,46159
46912,39983
46912,87781
46912,10564
46912,8013
46912,89592
46912,5957
46912,38932
46912,1795
46912,6510
46912,73798
46912,41190
46912,39491
46912,62803
46912,10079
46912,26405
46912,94556
46912,44582
46912,39301
46912,27671
46912,30883
46912,3228
46912,90375
46912,80519
46912,16081
46912,5949
46912,34053
46912,12812
46912,9915
46912,43875
46912,66501
46912,50886
46912,48244
46912,3086
46912,49679
46912,27522
46912,91223
46912,34924
46912,16722
46912,27199
46912,22528
46912,14290
46912,91832
46912,31024
46912,71128
46912,1198
46912,84595
46912,59054
46912,97287
46912,87941
46912,84822
46912,86997
46912,79834
46912,89757
46912,58660
46912,82847
46912,47212
46912,60670
46912,62943
46912,65295
46912,93735
46912,21026
46912,88953
46912,47187
46912,39888
46912,26618
46912,62293
46912,93464
46912,8982
46912,15956
46912,76327
46912,74988
46912,26638
46912,84622
46912,21334
46912,56747
46912,38211
46912,44348
46912,58617
46912,76511
46912,99290
46912,43946
46912,45185
46912,48790
46912,61573
46912,59783
46912,62224
46912,61326
46912,67009
46912,67747
46912,63620
46912,96932
46912,75529
46912,37787
46912,98306
46912,18882
46912,78591
46912,97900
46912,29704
46912,33196
46912,74499
46912,16758
46912,52708
46912,10188
46912,1829
46912,18841
46912,61238
46912,17185
46912,20445
46912,49957
46912,79138
46912,45696
46912,21831
46912,998
46912,65163
46912,2677
46912,84551
46912,27660
46912,86447
46912,13373
46912,82704
46912,63531
46912,9169
46912,90650
46912,95180
46912,47458
46912,10059
46912,90808
46912,10958
